before_file_path change CE-Avg CE-Left CE-Right CE-Diff
/home/ashley/reuse/Git_Scripts/Repos/openjpa_buggy/2/b/ClassMetaData.java -8.47899865216 -5.6840997603483085 -8.47899865216 -8.62130046274363 0.14230181058363023
/home/ashley/reuse/Git_Scripts/Repos/openjpa_buggy/3/b/JDBCExpressionFactory.java -13.706327041016074 -9.40364623065169 -13.706327041016074 -14.971436767898458 1.2651097268823843
/home/ashley/reuse/Git_Scripts/Repos/openjpa_buggy/3/b/ConstPath.java -9.763533156253219 -6.06739223125682 -9.763533156253219 -8.013653486700708 -1.7498796695525112
/home/ashley/reuse/Git_Scripts/Repos/openjpa_buggy/3/b/DBDictionary.java -8.774021638578258 -6.492572506413152 -8.774021638578258 -12.484602627814523 3.7105809892362647
/home/ashley/reuse/Git_Scripts/Repos/openjpa_buggy/3/b/NotContainsExpression.java -10.038405882697413 -6.686684385970397 -10.038405882697413 -10.01330986799067 -0.02509601470674383
/home/ashley/reuse/Git_Scripts/Repos/openjpa_buggy/3/b/AbstractVal.java -11.727822680227993 -7.61900313332677 -11.727822680227993 -10.873477981668337 -0.8543446985596557
/home/ashley/reuse/Git_Scripts/Repos/openjpa_buggy/3/b/SubQ.java -10.138992186016985 -7.16053572895767 -10.138992186016985 -12.187624168808087 2.048631982791102
/home/ashley/reuse/Git_Scripts/Repos/openjpa_buggy/3/b/PCPath.java -9.934534973144107 -7.468162004907945 -9.934534973144107 -15.040855048764834 5.106320075620728
/home/ashley/reuse/Git_Scripts/Repos/openjpa_buggy/3/b/JDBCStoreQuery.java -10.099970704159379 -6.767278213542766 -10.099970704159379 -10.254368186701797 0.15439748254241792
/home/ashley/reuse/Git_Scripts/Repos/openjpa_buggy/3/b/SelectConstructor.java -9.175776993197296 -6.386164269398049 -9.175776993197296 -10.496964533155122 1.3211875399578261
/home/ashley/reuse/Git_Scripts/Repos/openjpa_buggy/3/b/Lit.java -10.338795719335947 -6.639763261612889 -10.338795719335947 -9.255929334767094 -1.0828663845688524
/home/ashley/reuse/Git_Scripts/Repos/openjpa_buggy/4/b/TestException.java -7.701992103725894 -4.057882738909307 -7.701992103725894 -4.283993617893308 -3.4179984858325865
/home/ashley/reuse/Git_Scripts/Repos/openjpa_buggy/5/b/XMLPersistenceMetaDataParser.java -8.42593806598079 -5.782159356062462 -8.42593806598079 -9.213111240953612 0.787173174972823
/home/ashley/reuse/Git_Scripts/Repos/openjpa_buggy/5/b/ClassMetaData.java -8.47899865216 -5.743414372835172 -8.47899865216 -8.900914348375531 0.4219156962155317
/home/ashley/reuse/Git_Scripts/Repos/openjpa_buggy/5/b/AnnotationPersistenceMetaDataParser.java -8.764039714816061 -5.811321526629868 -8.764039714816061 -8.624367347131686 -0.13967236768437452
/home/ashley/reuse/Git_Scripts/Repos/openjpa_buggy/6/b/SchemaGenerator.java -8.197454403052452 -5.489708804380629 -8.197454403052452 -8.307961523182 0.11050712012954733
/home/ashley/reuse/Git_Scripts/Repos/openjpa_buggy/7/b/TestDataCacheBehavesIdentical.java -8.750165117125253 -5.818358777549116 -8.750165117125253 -8.677849702934136 -0.07231541419111664
/home/ashley/reuse/Git_Scripts/Repos/openjpa_buggy/8/b/SaveFieldManager.java -9.132800971605477 -5.843565621675691 -9.132800971605477 -8.112542294734148 -1.0202586768713289
/home/ashley/reuse/Git_Scripts/Repos/openjpa_buggy/8/b/AbstractUnenhancedClassTest.java -8.163209739953865 -5.634951444144597 -8.163209739953865 -9.097031460206162 0.9338217202522969
/home/ashley/reuse/Git_Scripts/Repos/openjpa_buggy/8/b/StateManagerImpl.java -8.122231622660433 -5.57598600975606 -8.122231622660433 -8.893378090948085 0.7711464682876521
/home/ashley/reuse/Git_Scripts/Repos/openjpa_buggy/8/b/BrokerImpl.java -8.440569846264639 -5.714401165967703 -8.440569846264639 -8.84588019622536 0.4053103499607218
/home/ashley/reuse/Git_Scripts/Repos/openjpa_buggy/9/b/QueryResultCacheImpl.java -9.115199971463365 -6.076799980975577 -9.115199971463365 -9.115199971463365 0.0
/home/ashley/reuse/Git_Scripts/Repos/openjpa_buggy/10/b/BrokerImpl.java -8.440569846264639 -5.825850239098145 -8.440569846264639 -9.402775471809033 0.962205625544394
/home/ashley/reuse/Git_Scripts/Repos/openjpa_buggy/11/b/TestTimestampVersion.java -8.408635567207192 -5.687768980916396 -8.408635567207192 -8.788813239128793 0.3801776719216008
/home/ashley/reuse/Git_Scripts/Repos/openjpa_buggy/12/b/PCEnhancer.java -7.9277649191216675 -5.685524055068936 -7.9277649191216675 -10.050497649600807 2.1227327304791395
/home/ashley/reuse/Git_Scripts/Repos/openjpa_buggy/13/b/TestTablePerClassInheritanceWithAbstractRoot.java -9.018862623095748 -6.0522739571554895 -9.018862623095748 -9.18314063080241 0.16427800770666146
/home/ashley/reuse/Git_Scripts/Repos/openjpa_buggy/14/b/BrokerImpl.java -8.440569846264639 -5.6095884610948294 -8.440569846264639 -8.362492855429183 -0.07807699083545572
/home/ashley/reuse/Git_Scripts/Repos/openjpa_buggy/15/b/FetchGroup.java -7.746688215154827 -3.4883352536554426 -7.746688215154827 -3.1729457191926627 -4.573742495962165
/home/ashley/reuse/Git_Scripts/Repos/openjpa_buggy/16/b/OpenJPAConfigurationImpl.java -8.40343083360773 -5.529886704717255 -8.40343083360773 -8.085837272093901 -0.31759356151382967
/home/ashley/reuse/Git_Scripts/Repos/openjpa_buggy/17/b/NameSet.java -6.974427384334004 -4.048374516193876 -6.974427384334004 -4.8247751083406465 -2.1496522759933576
/home/ashley/reuse/Git_Scripts/Repos/openjpa_buggy/17/b/MappingDefaultsImpl.java -9.89391017294715 -6.33750002062796 -9.89391017294715 -8.81260851470156 -1.0813016582455894
/home/ashley/reuse/Git_Scripts/Repos/openjpa_buggy/19/b/Configurations.java -7.997077321856564 -5.5704322269451225 -7.997077321856564 -9.1787582222994 1.1816809004428368
/home/ashley/reuse/Git_Scripts/Repos/openjpa_buggy/21/b/JPQLExpressionBuilder.java -9.556053000690534 -6.6868380059316275 -9.556053000690534 -11.135411342202989 1.5793583415124548
/home/ashley/reuse/Git_Scripts/Repos/openjpa_buggy/21/b/Expressions.java -10.149594276490623 -8.046542261014686 -10.149594276490623 -19.416813915430485 9.267219638939862
/home/ashley/reuse/Git_Scripts/Repos/openjpa_buggy/21/b/TestTypesafeCriteria.java -9.426569727842425 -8.85763914601147 -9.426569727842425 -73.38079169977993 63.95422197193751
/home/ashley/reuse/Git_Scripts/Repos/openjpa_buggy/23/b/SubqueryImpl.java -10.768658883584953 -5.4536966358448895 -10.768658883584953 -5.522389171069206 -5.246269712515747
/home/ashley/reuse/Git_Scripts/Repos/openjpa_buggy/25/b/TestMetaDataRepository.java -9.199462259176977 -5.245650820126446 -9.199462259176977 -6.102613577869875 -3.096848681307102
/home/ashley/reuse/Git_Scripts/Repos/openjpa_buggy/26/b/AbstractDB2Dictionary.java -9.343732081071973 -5.316261356471985 -9.343732081071973 -6.1545540653767485 -3.1891780156952247
/home/ashley/reuse/Git_Scripts/Repos/openjpa_buggy/26/b/TestSQLBigDecimalId.java -8.929822083280357 -4.863563813215194 -8.929822083280357 -5.327326621810286 -3.6024954614700704
/home/ashley/reuse/Git_Scripts/Repos/openjpa_buggy/27/b/PersistenceProviderImpl.java -8.981215791779006 -5.975811384106245 -8.981215791779006 -8.922429652050997 -0.05878613972800828
/home/ashley/reuse/Git_Scripts/Repos/openjpa_buggy/28/b/EntityManagerImpl.java -7.8325327386086 -5.330584335838406 -7.8325327386086 -8.34389236007827 0.5113596214696701
/home/ashley/reuse/Git_Scripts/Repos/openjpa_buggy/29/b/CandidatePath.java -9.923273104537659 -6.6188431270708925 -9.923273104537659 -9.923273104537659 0.0
/home/ashley/reuse/Git_Scripts/Repos/openjpa_buggy/30/b/BrokerImpl.java -8.440569846264639 -5.785609660903077 -8.440569846264639 -9.196306281525079 0.7557364352604399
/home/ashley/reuse/Git_Scripts/Repos/openjpa_buggy/31/b/DistributedStoreQuery.java -9.240508325911616 -5.489796379017715 -9.240508325911616 -6.758619634341119 -2.4818886915704974
/home/ashley/reuse/Git_Scripts/Repos/openjpa_buggy/31/b/DistributedBrokerImpl.java -8.769598062712037 -5.363769171564961 -8.769598062712037 -6.8888890805882514 -1.8807089821237852
/home/ashley/reuse/Git_Scripts/Repos/openjpa_buggy/32/b/EntityD.java -10.86803102110881 -8.452913016417963 -10.86803102110881 -19.019054286940417 8.151023265831608
/home/ashley/reuse/Git_Scripts/Repos/openjpa_buggy/32/b/EntityB.java -10.328376972704923 -6.857820194242247 -10.328376972704923 -10.163781323737513 -0.16459564896740986
/home/ashley/reuse/Git_Scripts/Repos/openjpa_buggy/32/b/EntityC.java -10.436340888535382 -6.922062834232651 -10.436340888535382 -10.27821451143636 -0.15812637709902155
/home/ashley/reuse/Git_Scripts/Repos/openjpa_buggy/32/b/EntityA.java -10.313712912086054 -6.884951970568084 -10.313712912086054 -10.313712912086054 0.0
/home/ashley/reuse/Git_Scripts/Repos/openjpa_buggy/33/b/ColumnVersionStrategy.java -9.431356096226299 -5.662434139922431 -9.431356096226299 -7.081440679067659 -2.3499154171586403
/home/ashley/reuse/Git_Scripts/Repos/openjpa_buggy/33/b/MultiColumnVersionStrategy.java -9.218051098027065 -6.1453673986847095 -9.218051098027065 -9.218051098027065 0.0
/home/ashley/reuse/Git_Scripts/Repos/openjpa_buggy/34/b/DB2Dictionary.java -7.854467026567747 -5.495548301714111 -7.854467026567747 -9.147235042088077 1.2927680155203305
/home/ashley/reuse/Git_Scripts/Repos/openjpa_buggy/35/b/EntityManagerImpl.java -7.8325327386086 -5.800087099130941 -7.8325327386086 -11.176036201981741 3.3435034633731417
/home/ashley/reuse/Git_Scripts/Repos/openjpa_buggy/36/b/QueryExpressions.java -10.528237377661132 -7.018824918440754 -10.528237377661132 -10.528237377661132 0.0
/home/ashley/reuse/Git_Scripts/Repos/openjpa_buggy/36/b/QueryImpl.java -8.448178121669978 -5.677872146382193 -8.448178121669978 -8.65746882701692 0.20929070534694283
/home/ashley/reuse/Git_Scripts/Repos/openjpa_buggy/37/b/XMLPersistenceMetaDataParser.java -8.42593806598079 -5.812100359745827 -8.42593806598079 -9.366882286152356 0.9409442201715663
/home/ashley/reuse/Git_Scripts/Repos/openjpa_buggy/38/b/TestDataCacheBehavesIdentical.java -8.750165117125253 -5.842098371967899 -8.750165117125253 -8.78432638640572 0.034161269280467366
/home/ashley/reuse/Git_Scripts/Repos/openjpa_buggy/39/b/JPQLExpressionBuilder.java -9.556053000690534 -6.601850770438034 -9.556053000690534 -10.67669887497194 1.120645874281406
/home/ashley/reuse/Git_Scripts/Repos/openjpa_buggy/40/b/ProxyManagerImpl.java -7.998822172462108 -5.488832741558897 -7.998822172462108 -8.744996255182818 0.7461740827207093
/home/ashley/reuse/Git_Scripts/Repos/openjpa_buggy/42/b/ClassMetaData.java -8.47899865216 -6.043128021031506 -8.47899865216 -10.517733103382847 2.0387344512228474
/home/ashley/reuse/Git_Scripts/Repos/openjpa_buggy/43/b/ConstraintUpdateManager.java -9.912457350778777 -6.608304900519185 -9.912457350778777 -9.912457350778777 0.0
/home/ashley/reuse/Git_Scripts/Repos/openjpa_buggy/43/b/DepthFirstAnalysis.java -8.737712848359278 -5.82637971061441 -8.737712848359278 -8.737712848359278 0.0
/home/ashley/reuse/Git_Scripts/Repos/openjpa_buggy/43/b/Edge.java -8.926983778231682 -5.9513225188211205 -8.926983778231682 -8.926983778231682 0.0
/home/ashley/reuse/Git_Scripts/Repos/openjpa_buggy/44/b/MetaDataRepository.java -7.799297959489878 -6.130140878319243 -7.799297959489878 -14.321838184974624 6.522540225484746
/home/ashley/reuse/Git_Scripts/Repos/openjpa_buggy/45/b/StoreContext.java -10.385018341245372 -6.880656770937237 -10.385018341245372 -10.178351309578797 -0.20666703166657463
/home/ashley/reuse/Git_Scripts/Repos/openjpa_buggy/45/b/EntityManagerImpl.java -7.8325327386086 -5.764990304896514 -7.8325327386086 -10.919842457548102 3.087309718939502
/home/ashley/reuse/Git_Scripts/Repos/openjpa_buggy/45/b/BrokerImpl.java -8.440569846264639 -5.825850239098145 -8.440569846264639 -9.402775471809033 0.962205625544394
/home/ashley/reuse/Git_Scripts/Repos/openjpa_buggy/45/b/DelegatingBroker.java -7.775841505926793 -5.13336289498128 -7.775841505926793 -7.551444574137187 -0.22439693178960596
/home/ashley/reuse/Git_Scripts/Repos/openjpa_buggy/46/b/AnnotationPersistenceMetaDataParser.java -8.764039714816061 -6.107598280857738 -8.764039714816061 -10.074988518722849 1.310948803906788
/home/ashley/reuse/Git_Scripts/Repos/openjpa_buggy/47/b/StateManagerImpl.java -8.122231622660433 -5.517205483738135 -8.122231622660433 -8.60106932886136 0.47883770620092747
/home/ashley/reuse/Git_Scripts/Repos/openjpa_buggy/49/b/VersionAttachStrategy.java -8.838035380216189 -5.830792366163412 -8.838035380216189 -8.563886572262659 -0.27414880795353014
/home/ashley/reuse/Git_Scripts/Repos/openjpa_buggy/49/b/AttachManager.java -9.25790384578444 -5.960510688370291 -9.25790384578444 -8.367493985457402 -0.8904098603270381
/home/ashley/reuse/Git_Scripts/Repos/openjpa_buggy/50/b/BrokerImpl.java -8.440569846264639 -5.784631149854328 -8.440569846264639 -9.191363580966192 0.7507937347015528
/home/ashley/reuse/Git_Scripts/Repos/openjpa_buggy/51/b/BrokerImpl.java -8.440569846264639 -5.6961605094021746 -8.440569846264639 -8.759041131598964 0.31847128533432567
/home/ashley/reuse/Git_Scripts/Repos/openjpa_buggy/52/b/BrokerImpl.java -8.440569846264639 -5.740295795027473 -8.440569846264639 -8.971564862823824 0.530995016559185
/home/ashley/reuse/Git_Scripts/Repos/openjpa_buggy/53/b/DBDictionaryFactory.java -6.962020809804027 -4.427951932672293 -6.962020809804027 -6.081083573785226 -0.8809372360188013
/home/ashley/reuse/Git_Scripts/Repos/openjpa_buggy/54/b/TestDataCacheBehavesIdentical.java -8.750165117125253 -5.818358777549116 -8.750165117125253 -8.677849702934136 -0.07231541419111664
/home/ashley/reuse/Git_Scripts/Repos/openjpa_buggy/55/b/DetachedStateManager.java -8.050325237225856 -5.372612969056023 -8.050325237225856 -8.076163053209616 0.025837815983759782
/home/ashley/reuse/Git_Scripts/Repos/openjpa_buggy/55/b/SaveFieldManager.java -9.132800971605477 -6.0910130258508834 -9.132800971605477 -9.132800971605477 0.0
/home/ashley/reuse/Git_Scripts/Repos/openjpa_buggy/55/b/DetachedStateAttachStrategy.java -9.134823584869109 -6.089882389912739 -9.134823584869109 -9.134823584869109 0.0
/home/ashley/reuse/Git_Scripts/Repos/openjpa_buggy/55/b/PCRegistry.java -9.54276915307955 -6.3641901868363995 -9.54276915307955 -9.54276915307955 0.0
/home/ashley/reuse/Git_Scripts/Repos/openjpa_buggy/55/b/PCEnhancer.java -7.9277649191216675 -5.7866847877657825 -7.9277649191216675 -10.713162012627002 2.7853970935053347
/home/ashley/reuse/Git_Scripts/Repos/openjpa_buggy/55/b/AbstractBrokerFactory.java -8.126087639929617 -6.024935412128606 -8.126087639929617 -11.650548812237036 3.5244611723074186
/home/ashley/reuse/Git_Scripts/Repos/openjpa_buggy/55/b/DetachedValueStateManager.java -8.094166772533944 -5.396832201355475 -8.094166772533944 -8.094166772533944 0.0
/home/ashley/reuse/Git_Scripts/Repos/openjpa_buggy/55/b/LifecycleEventManager.java -8.841266349271441 -5.894827133909215 -8.841266349271441 -8.841266349271441 0.0
/home/ashley/reuse/Git_Scripts/Repos/openjpa_buggy/55/b/OpenJPASavepoint.java -8.735519163007451 -5.829695639775633 -8.735519163007451 -8.735519163007451 0.0
/home/ashley/reuse/Git_Scripts/Repos/openjpa_buggy/55/b/StateManagerImpl.java -8.122231622660433 -5.663380156679839 -8.122231622660433 -9.353152052248783 1.23092042958835
/home/ashley/reuse/Git_Scripts/Repos/openjpa_buggy/55/b/BrokerImpl.java -8.440569846264639 -5.785609660903077 -8.440569846264639 -9.196718413203914 0.7561485669392756
/home/ashley/reuse/Git_Scripts/Repos/openjpa_buggy/55/b/OpenJPAStateManager.java -9.907926476725255 -6.605284317816836 -9.907926476725255 -9.907926476725255 0.0
/home/ashley/reuse/Git_Scripts/Repos/openjpa_buggy/55/b/SavepointFieldManager.java -9.37294590889858 -6.251033925396206 -9.37294590889858 -9.37294590889858 0.0
/home/ashley/reuse/Git_Scripts/Repos/openjpa_buggy/55/b/SingleFieldManager.java -8.596594780215225 -5.773062184200928 -8.596594780215225 -8.78840150608063 0.19180672586540481
/home/ashley/reuse/Git_Scripts/Repos/openjpa_buggy/55/b/ObjectIdStateManager.java -8.252305555284359 -5.502087300612676 -8.252305555284359 -8.252305555284359 0.0
/home/ashley/reuse/Git_Scripts/Repos/openjpa_buggy/57/b/AnnotationPersistenceXMLMetaDataParser.java -8.409398059407676 -5.5772173658247794 -8.409398059407676 -8.274236525259264 -0.1351615341484127
/home/ashley/reuse/Git_Scripts/Repos/openjpa_buggy/60/b/DistributedStoreQuery.java -9.240508325911616 -6.038210641391267 -9.240508325911616 -8.71189083624208 -0.5286174896695357
/home/ashley/reuse/Git_Scripts/Repos/openjpa_buggy/61/b/SourceCode.java -7.469755708250596 -5.025498219280699 -7.469755708250596 -7.677198375909687 0.20744266765909103
/home/ashley/reuse/Git_Scripts/Repos/openjpa_buggy/62/b/ProductDerivations.java -7.45926192971588 -4.340518795308809 -7.45926192971588 -5.190723507791978 -2.2685384219239015
/home/ashley/reuse/Git_Scripts/Repos/openjpa_buggy/63/b/QueryImpl.java -8.04745170179735 -6.334494125271913 -8.04745170179735 -14.879684186880333 6.832232485082983
/home/ashley/reuse/Git_Scripts/Repos/openjpa_buggy/64/b/BrokerImpl.java -8.440569846264639 -5.785609660903077 -8.440569846264639 -9.196718413203914 0.7561485669392756
/home/ashley/reuse/Git_Scripts/Repos/openjpa_buggy/65/b/JPQLExpressionBuilder.java -9.556053000690534 -6.698287458346942 -9.556053000690534 -11.199167499467347 1.6431144987768125
/home/ashley/reuse/Git_Scripts/Repos/openjpa_buggy/65/b/PCPath.java -9.934534973144107 -6.61886834471709 -9.934534973144107 -9.91416688503925 -0.02036808810485624
/home/ashley/reuse/Git_Scripts/Repos/openjpa_buggy/66/b/PostgresDictionary.java -8.594990648999739 -6.255291088178746 -8.594990648999739 -11.485313471296887 2.890322822297149
/home/ashley/reuse/Git_Scripts/Repos/openjpa_buggy/66/b/AbstractLobTest.java -8.87951332331006 -5.903627631424717 -8.87951332331006 -8.803236553984002 -0.07627676932605887
/home/ashley/reuse/Git_Scripts/Repos/openjpa_buggy/67/b/JPAFacadeHelper.java -9.879241077710253 -6.227274116448898 -9.879241077710253 -8.418414280466536 -1.4608267972437172
/home/ashley/reuse/Git_Scripts/Repos/openjpa_buggy/68/b/AnnotationPersistenceMetaDataParser.java -8.764039714816061 -6.184620209916831 -8.764039714816061 -10.505505154076063 1.7414654392600024
/home/ashley/reuse/Git_Scripts/Repos/openjpa_buggy/69/b/Compatibility.java -8.266269855076702 -6.595428075859072 -8.266269855076702 -16.315006292914546 8.048736437837844
/home/ashley/reuse/Git_Scripts/Repos/openjpa_buggy/69/b/FieldMetaData.java -8.41863872063272 -5.961533813054679 -8.41863872063272 -10.212832028082483 1.7941933074497634
/home/ashley/reuse/Git_Scripts/Repos/openjpa_buggy/70/b/TimestampedEntity.java -9.682372662055025 -6.2376823880546794 -9.682372662055025 -8.766472545374144 -0.9159001166808807
/home/ashley/reuse/Git_Scripts/Repos/openjpa_buggy/71/b/PCEnhancer.java -7.9277649191216675 -5.342104140221027 -7.9277649191216675 -8.189578877231035 0.2618139581093679
/home/ashley/reuse/Git_Scripts/Repos/openjpa_buggy/71/b/ClassMetaData.java -8.47899865216 -5.792903659300152 -8.47899865216 -9.143016618895421 0.6640179667354218
/home/ashley/reuse/Git_Scripts/Repos/openjpa_buggy/72/b/AnnotationPersistenceMappingParser.java -9.0273221297852 -6.68710137825144 -9.0273221297852 -12.896174471121713 3.8688523413365132
/home/ashley/reuse/Git_Scripts/Repos/openjpa_buggy/74/b/PostgresDictionary.java -8.594990648999739 -7.07570367019992 -8.594990648999739 -20.00168446091793 11.40669381191819
/home/ashley/reuse/Git_Scripts/Repos/openjpa_buggy/76/b/ContactInfo.java -11.678054999499679 -7.785369999666453 -11.678054999499679 -11.678054999499679 0.0
/home/ashley/reuse/Git_Scripts/Repos/openjpa_buggy/76/b/DataCacheStoreManager.java -8.575453856567652 -5.311971175175611 -8.575453856567652 -6.979133665986762 -1.5963201905808901
/home/ashley/reuse/Git_Scripts/Repos/openjpa_buggy/76/b/Phone.java -11.267489669046407 -7.523323847344651 -11.267489669046407 -11.267489669046407 0.0
/home/ashley/reuse/Git_Scripts/Repos/openjpa_buggy/76/b/Person.java -11.322383916660096 -7.548255944440063 -11.322383916660096 -11.322383916660096 0.0
/home/ashley/reuse/Git_Scripts/Repos/openjpa_buggy/76/b/TestJPAEmbeddableDataCache.java -8.854021329077328 -5.906808634922918 -8.854021329077328 -8.854021329077328 0.0
/home/ashley/reuse/Git_Scripts/Repos/openjpa_buggy/77/b/DistributedStoreQuery.java -9.240508325911616 -6.145809782799707 -9.240508325911616 -9.175434323616463 -0.06507400229515348
/home/ashley/reuse/Git_Scripts/Repos/openjpa_buggy/78/b/AbstractDB2Dictionary.java -9.343732081071973 -6.142293997517433 -9.343732081071973 -8.963463914981835 -0.38026816609013814
/home/ashley/reuse/Git_Scripts/Repos/openjpa_buggy/78/b/DBDictionary.java -8.774021638578258 -6.4149889750711715 -8.774021638578258 -11.929731399911654 3.155709761333396
/home/ashley/reuse/Git_Scripts/Repos/openjpa_buggy/78/b/ToUpperCase.java -11.069138423767276 -6.912742572945572 -11.069138423767276 -9.156669481440993 -1.9124689423262833
/home/ashley/reuse/Git_Scripts/Repos/openjpa_buggy/78/b/ToLowerCase.java -11.069138423767276 -6.912742572945572 -11.069138423767276 -9.156669481440993 -1.9124689423262833
/home/ashley/reuse/Git_Scripts/Repos/openjpa_buggy/78/b/DB2Dictionary.java -7.854467026567747 -5.8693689084927 -7.854467026567747 -11.611709300097933 3.7572422735301867
/home/ashley/reuse/Git_Scripts/Repos/openjpa_buggy/79/b/JavaVersions.java -7.335740492442868 -4.892135869036782 -7.335740492442868 -7.335740492442868 0.0
/home/ashley/reuse/Git_Scripts/Repos/openjpa_buggy/81/b/MetaDataRepository.java -7.799297959489878 -5.203806934073338 -7.799297959489878 -7.8179009361374385 0.01860297664756061
/home/ashley/reuse/Git_Scripts/Repos/openjpa_buggy/82/b/UniqueA.java -11.872808450466156 -7.915205633644104 -11.872808450466156 -11.872808450466156 0.0
/home/ashley/reuse/Git_Scripts/Repos/openjpa_buggy/84/b/TestTimeoutException.java -7.616375315858847 -3.8540694369406214 -7.616375315858847 -3.898273817579367 -3.71810149827948
/home/ashley/reuse/Git_Scripts/Repos/openjpa_buggy/86/b/Usage.java -10.094571597257318 -6.729714398171546 -10.094571597257318 -10.094571597257318 0.0
/home/ashley/reuse/Git_Scripts/Repos/openjpa_buggy/86/b/TestQueryTimestampEviction.java -8.789122277826275 -5.810945427557936 -8.789122277826275 -8.574559618241004 -0.21456265958527077
/home/ashley/reuse/Git_Scripts/Repos/openjpa_buggy/87/b/QueryLanguages.java -7.735478603237025 -5.15698573549135 -7.735478603237025 -7.735478603237025 0.0
/home/ashley/reuse/Git_Scripts/Repos/openjpa_buggy/87/b/ProductDerivations.java -6.937211201001819 -4.6280146847182735 -6.937211201001819 -6.937211201001819 0.0
/home/ashley/reuse/Git_Scripts/Repos/openjpa_buggy/89/b/ManagedClassSubclasser.java -7.9892154881233814 -5.6662215937378 -7.9892154881233814 -9.743604024366691 1.7543885362433098
/home/ashley/reuse/Git_Scripts/Repos/openjpa_buggy/90/b/Book.java -8.848041874832877 -5.863160278503714 -8.848041874832877 -8.690041127068005 -0.15800074776487172
/home/ashley/reuse/Git_Scripts/Repos/openjpa_buggy/90/b/TestMultipleLevelDerivedIdentity.java -9.014197936641617 -6.455328844949803 -9.014197936641617 -11.358447554839438 2.3442496181978214
/home/ashley/reuse/Git_Scripts/Repos/openjpa_buggy/90/b/Page.java -11.487684045981064 -7.589460931278781 -11.487684045981064 -11.133438282448608 -0.3542457635324556
/home/ashley/reuse/Git_Scripts/Repos/openjpa_buggy/91/b/StateManagerImpl.java -8.122231622660433 -5.57598600975606 -8.122231622660433 -8.893378090948085 0.7711464682876521
/home/ashley/reuse/Git_Scripts/Repos/openjpa_buggy/92/b/JavaVersions.java -7.335740492442868 -4.651590235629482 -7.335740492442868 -6.356361526174318 -0.9793789662685501
/home/ashley/reuse/Git_Scripts/Repos/openjpa_buggy/93/b/ConfigurationImpl.java -8.209210214781095 -6.013310779438338 -8.209210214781095 -11.237028757896619 3.027818543115524
/home/ashley/reuse/Git_Scripts/Repos/openjpa_buggy/94/b/AnnotationPersistenceMetaDataParser.java -8.764039714816061 -6.20827076521288 -8.764039714816061 -10.643251124221065 1.8792114094050039
/home/ashley/reuse/Git_Scripts/Repos/openjpa_buggy/94/b/FetchGroup.java -7.746688215154827 -3.654098214695673 -7.746688215154827 -3.458342953194119 -4.288345261960708
/home/ashley/reuse/Git_Scripts/Repos/openjpa_buggy/95/b/OpenJPAConfigurationImpl.java -8.40343083360773 -6.049363739014208 -8.40343083360773 -10.797357875842172 2.3939270422344414
/home/ashley/reuse/Git_Scripts/Repos/openjpa_buggy/96/b/TraversableResolverImpl.java -10.213732576981359 -6.797768504412343 -10.213732576981359 -10.162663914096452 -0.05106866288490686
/home/ashley/reuse/Git_Scripts/Repos/openjpa_buggy/97/b/JDBCStoreManager.java -8.823799243120273 -5.893030735327648 -8.823799243120273 -8.871209036778 0.04740979365772624
/home/ashley/reuse/Git_Scripts/Repos/openjpa_buggy/98/b/TestPUDefaultCascadePersist.java -7.781101096488057 -5.187400730992039 -7.781101096488057 -7.781101096488057 0.0
/home/ashley/reuse/Git_Scripts/Repos/openjpa_buggy/99/b/DistributedStoreQuery.java -9.240508325911616 -4.998382380895925 -9.240508325911616 -5.443920643259907 -3.796587682651709
/home/ashley/reuse/Git_Scripts/Repos/openjpa_buggy/100/b/InExpression.java -9.248486948532515 -5.994160106723151 -9.248486948532515 -8.51741607545804 -0.7310708730744739
/home/ashley/reuse/Git_Scripts/Repos/openjpa_buggy/101/b/DBDictionaryFactory.java -6.962020809804027 -4.570546994910893 -6.962020809804027 -6.651028923808396 -0.3109918859956311
/home/ashley/reuse/Git_Scripts/Repos/openjpa_buggy/102/b/EntityManagerImpl.java -7.8325327386086 -5.800087099130941 -7.8325327386086 -11.176036201981741 3.3435034633731417
/home/ashley/reuse/Git_Scripts/Repos/openjpa_buggy/104/b/DistributedStoreQuery.java -9.240508325911616 -6.161957470090299 -9.240508325911616 -9.240508325911616 0.0
/home/ashley/reuse/Git_Scripts/Repos/openjpa_buggy/105/b/Localizer.java -8.441253005795616 -5.630274172338553 -8.441253005795616 -8.441253005795616 0.0
/home/ashley/reuse/Git_Scripts/Repos/openjpa_buggy/106/b/JavaVersions.java -7.335740492442868 -4.6426961816416625 -7.335740492442868 -6.31777130008306 -1.017969192359808
/home/ashley/reuse/Git_Scripts/Repos/openjpa_buggy/107/b/SingleFieldManager.java -8.596594780215225 -5.773062184200928 -8.596594780215225 -8.78840150608063 0.19180672586540481
/home/ashley/reuse/Git_Scripts/Repos/openjpa_buggy/108/b/DelegatingFetchConfiguration.java -8.120161027066379 -5.3361058177864775 -8.120161027066379 -7.777256866392608 -0.34290416067377105
/home/ashley/reuse/Git_Scripts/Repos/openjpa_buggy/108/b/FetchConfigurationImpl.java -8.851191157866577 -6.080905553224228 -8.851191157866577 -9.711381199206752 0.8601900413401751
/home/ashley/reuse/Git_Scripts/Repos/openjpa_buggy/108/b/FetchConfiguration.java -10.867401415671479 -7.141954442071725 -10.867401415671479 -10.416801844777783 -0.4505995708936954
/home/ashley/reuse/Git_Scripts/Repos/openjpa_buggy/109/b/AccountingHierarchyRate.java -9.488628755633684 -6.329434548286497 -9.488628755633684 -9.488628755633684 0.0
/home/ashley/reuse/Git_Scripts/Repos/openjpa_buggy/109/b/AccountingHierarchyRateOpenJPAKey.java -8.250969946038467 -5.500646630692311 -8.250969946038467 -8.250969946038467 0.0
/home/ashley/reuse/Git_Scripts/Repos/openjpa_buggy/109/b/AccountingHierarchy.java -8.661250822102 -5.777700976799987 -8.661250822102 -8.661250822102 0.0
/home/ashley/reuse/Git_Scripts/Repos/openjpa_buggy/109/b/TestMergeComplexKey.java -8.331886472442989 -5.554590981628659 -8.331886472442989 -8.331886472442989 0.0
/home/ashley/reuse/Git_Scripts/Repos/openjpa_buggy/110/b/MappingRepository.java -9.614500736997895 -6.789182727608425 -9.614500736997895 -11.551726588170855 1.9372258511729594
/home/ashley/reuse/Git_Scripts/Repos/openjpa_buggy/111/b/AnnotationPersistenceMetaDataParser.java -8.764039714816061 -6.193977285619244 -8.764039714816061 -10.560884106772516 1.796844391956455
/home/ashley/reuse/Git_Scripts/Repos/openjpa_buggy/112/b/DB2Dictionary.java -7.854467026567747 -5.281913456715001 -7.854467026567747 -8.063314126696138 0.20884710012839136
/home/ashley/reuse/Git_Scripts/Repos/openjpa_buggy/113/b/UnaryOp.java -10.20792690443282 -7.089869231806069 -10.20792690443282 -11.588196366993573 1.3802694625607526
/home/ashley/reuse/Git_Scripts/Repos/openjpa_buggy/113/b/Distinct.java -10.954655749218206 -8.28119809613519 -10.954655749218206 -16.966357075008684 6.011701325790478
/home/ashley/reuse/Git_Scripts/Repos/openjpa_buggy/113/b/PCPath.java -9.934534973144107 -7.468162004907945 -9.934534973144107 -15.040855048764834 5.106320075620728
/home/ashley/reuse/Git_Scripts/Repos/openjpa_buggy/113/b/Count.java -10.978480155255783 -7.979204648923018 -10.978480155255783 -14.60345001784024 3.6249698625844573
/home/ashley/reuse/Git_Scripts/Repos/openjpa_buggy/113/b/SelectConstructor.java -9.175776993197296 -6.386164269398049 -9.175776993197296 -10.496964533155122 1.3211875399578261
/home/ashley/reuse/Git_Scripts/Repos/openjpa_buggy/115/b/Configurations.java -7.997077321856564 -5.701619942434772 -7.997077321856564 -9.931854093273474 1.9347767714169102
/home/ashley/reuse/Git_Scripts/Repos/openjpa_buggy/116/b/SchemaTool.java -8.592449131911973 -5.707680542467704 -8.592449131911973 -8.499143962443904 -0.09330516946806888
/home/ashley/reuse/Git_Scripts/Repos/openjpa_buggy/117/b/DB2Dictionary.java -7.854467026567747 -6.3148634853709 -7.854467026567747 -16.1080062808133 8.253539254245553
/home/ashley/reuse/Git_Scripts/Repos/openjpa_buggy/119/b/AnnotationProcessor6.java -8.656736897666288 -6.758853381807691 -8.656736897666288 -15.414437969271678 6.757701071605389
/home/ashley/reuse/Git_Scripts/Repos/openjpa_buggy/120/b/JPQLExpressionBuilder.java -9.556053000690534 -7.196981390654594 -9.556053000690534 -14.576652807294597 5.0205998066040625
/home/ashley/reuse/Git_Scripts/Repos/openjpa_buggy/121/b/AbstractBrokerFactory.java -8.126087639929617 -5.736490413914811 -8.126087639929617 -9.750809825785705 1.624722185856088
/home/ashley/reuse/Git_Scripts/Repos/openjpa_buggy/123/b/InformixDictionary.java -9.530761342204556 -5.468021424099 -9.530761342204556 -6.409388932215572 -3.121372409988984
/home/ashley/reuse/Git_Scripts/Repos/openjpa_buggy/123/b/DB2Dictionary.java -7.854467026567747 -5.496992029101925 -7.854467026567747 -9.155239623179382 1.300772596611635
/home/ashley/reuse/Git_Scripts/Repos/openjpa_buggy/123/b/OracleDictionary.java -8.194731990178253 -5.569838469094383 -8.194731990178253 -8.694320953629802 0.4995889634515489
/home/ashley/reuse/Git_Scripts/Repos/openjpa_buggy/124/b/BatchingOperationOrderUpdateManager.java -11.53668212762248 -6.033829564656108 -11.53668212762248 -6.297315571846332 -5.239366555776148
/home/ashley/reuse/Git_Scripts/Repos/openjpa_buggy/124/b/BatchingConstraintUpdateManager.java -11.53668212762248 -6.033829564656108 -11.53668212762248 -6.297315571846332 -5.239366555776148
/home/ashley/reuse/Git_Scripts/Repos/openjpa_buggy/125/b/Address.java -7.806080322389709 -5.2040535482598065 -7.806080322389709 -7.806080322389709 0.0
/home/ashley/reuse/Git_Scripts/Repos/openjpa_buggy/126/b/SchemaTool.java -8.592449131911973 -5.7387996881213175 -8.592449131911973 -8.639874197882051 0.047425065970077895
/home/ashley/reuse/Git_Scripts/Repos/openjpa_buggy/126/b/Column.java -8.669202760593251 -5.717065607899536 -8.669202760593251 -8.391401766523387 -0.2778009940698638
/home/ashley/reuse/Git_Scripts/Repos/openjpa_buggy/126/b/TableJDBCSeq.java -9.014017720637844 -5.849946071572217 -9.014017720637844 -8.330234821464497 -0.6837828991733463
/home/ashley/reuse/Git_Scripts/Repos/openjpa_buggy/126/b/SchemaGroup.java -9.343161141301865 -5.883939761707042 -9.343161141301865 -7.94234773114911 -1.4008134101527547
/home/ashley/reuse/Git_Scripts/Repos/openjpa_buggy/130/b/Distinct.java -10.954655749218206 -6.10193543925751 -10.954655749218206 -6.88733307005303 -4.067322679165176
/home/ashley/reuse/Git_Scripts/Repos/openjpa_buggy/131/b/ConstraintUpdateManager.java -9.912457350778777 -6.911636928739737 -9.912457350778777 -11.410280180057482 1.4978228292787055
/home/ashley/reuse/Git_Scripts/Repos/openjpa_buggy/132/b/EntityManagerImpl.java -7.8325327386086 -5.416383758845846 -7.8325327386086 -8.77926060672668 0.9467278681180806
/home/ashley/reuse/Git_Scripts/Repos/openjpa_buggy/133/b/Version.java -9.715179953813397 -6.448392130676669 -9.715179953813397 -9.582268697116275 -0.13291125669712223
/home/ashley/reuse/Git_Scripts/Repos/openjpa_buggy/133/b/VersionStrategy.java -12.659860212400952 -8.024557063765958 -12.659860212400952 -10.899665744366594 -1.7601944680343582
/home/ashley/reuse/Git_Scripts/Repos/openjpa_buggy/133/b/FieldMapping.java -9.476350901371752 -6.369486184034744 -9.476350901371752 -9.713890309502855 0.2375394081311022
/home/ashley/reuse/Git_Scripts/Repos/openjpa_buggy/133/b/AbstractVersionStrategy.java -11.876709830088375 -7.63267778554156 -11.876709830088375 -10.679832095273268 -1.1968777348151072
/home/ashley/reuse/Git_Scripts/Repos/openjpa_buggy/134/b/QueryImpl.java -8.04745170179735 -6.251145518360441 -8.04745170179735 -14.002565961127386 5.955114259330037
/home/ashley/reuse/Git_Scripts/Repos/openjpa_buggy/135/b/Joins.java -12.017777280329478 -5.78797361662927 -12.017777280329478 -5.582726325259438 -6.435050955070039
/home/ashley/reuse/Git_Scripts/Repos/openjpa_buggy/135/b/CriteriaExpressionBuilder.java -9.653601152585528 -5.773293718614668 -9.653601152585528 -7.181528248033643 -2.4720729045518857
/home/ashley/reuse/Git_Scripts/Repos/openjpa_buggy/135/b/TestJPQLSubquery.java -9.123725402439916 -6.046271388903272 -9.123725402439916 -8.961837495593322 -0.16188790684659438
/home/ashley/reuse/Git_Scripts/Repos/openjpa_buggy/135/b/CriteriaQueryImpl.java -9.693167825195989 -6.484011636979381 -9.693167825195989 -9.792389228131066 0.09922140293507731
/home/ashley/reuse/Git_Scripts/Repos/openjpa_buggy/136/b/JDBCStoreManager.java -8.823799243120275 -6.057950804107683 -8.823799243120275 -9.663244913598437 0.8394456704781614
/home/ashley/reuse/Git_Scripts/Repos/openjpa_buggy/137/b/PCPath.java -9.934534973144107 -6.96944736705918 -9.934534973144107 -11.67557721894059 1.7410422457964838
/home/ashley/reuse/Git_Scripts/Repos/openjpa_buggy/138/b/TestTableGeneratorMultithreadedInitialization.java -9.337019410403014 -5.945204196011716 -9.337019410403014 -8.167710437511422 -1.1693089728915922
/home/ashley/reuse/Git_Scripts/Repos/openjpa_buggy/139/b/DB2Dictionary.java -7.854467026567747 -6.184217573156931 -7.854467026567747 -14.540861819858566 6.68639479329082
/home/ashley/reuse/Git_Scripts/Repos/openjpa_buggy/140/b/EntityManagerImpl.java -7.8325327386086 -5.1877166840964675 -7.8325327386086 -7.680818933075924 -0.1517138055326761
/home/ashley/reuse/Git_Scripts/Repos/openjpa_buggy/141/b/MapKey.java -12.706585931504033 -8.218727921653672 -12.706585931504033 -11.611629628789256 -1.0949563027147775
/home/ashley/reuse/Git_Scripts/Repos/openjpa_buggy/141/b/Type.java -10.307567470990117 -6.877457225627185 -10.307567470990117 -10.307567470990117 0.0
/home/ashley/reuse/Git_Scripts/Repos/openjpa_buggy/141/b/PCPath.java -9.934534973144107 -6.716937004066991 -9.934534973144107 -10.367628868703722 0.4330938955596153
/home/ashley/reuse/Git_Scripts/Repos/openjpa_buggy/141/b/TestSpec10_1_26_Ex3.java -9.323579149570572 -6.416120535275309 -9.323579149570572 -10.28754241757702 0.9639632680064487
/home/ashley/reuse/Git_Scripts/Repos/openjpa_buggy/142/b/CriteriaQueryImpl.java -9.693167825195989 -6.484011636979381 -9.693167825195989 -9.792389228131066 0.09922140293507731
/home/ashley/reuse/Git_Scripts/Repos/openjpa_buggy/142/b/RootImpl.java -12.316082578314063 -6.502547095543439 -12.316082578314063 -6.887883219723791 -5.428199358590272
/home/ashley/reuse/Git_Scripts/Repos/openjpa_buggy/144/b/Args.java -11.61582488358827 -7.591320338323312 -11.61582488358827 -10.955317194129329 -0.6605076894589406
/home/ashley/reuse/Git_Scripts/Repos/openjpa_buggy/144/b/UnaryOp.java -10.20792690443282 -7.089869231806069 -10.20792690443282 -11.588196366993573 1.3802694625607526
/home/ashley/reuse/Git_Scripts/Repos/openjpa_buggy/145/b/AttachStrategy.java -8.19708042387498 -5.441434863124005 -8.19708042387498 -8.090482845838592 -0.10659757803638747
/home/ashley/reuse/Git_Scripts/Repos/openjpa_buggy/145/b/BrokerImpl.java -8.440569846264639 -5.766588211207242 -8.440569846264639 -9.10087252970119 0.6603026834365515
/home/ashley/reuse/Git_Scripts/Repos/openjpa_buggy/146/b/PreparedStatementManagerImpl.java -9.296857698237964 -6.187777836191064 -9.296857698237964 -9.236390331094954 -0.060467367143010264
/home/ashley/reuse/Git_Scripts/Repos/openjpa_buggy/147/b/JDBCStoreManager.java -8.823799243120273 -5.978806885621753 -8.823799243120273 -9.27169303865853 0.44789379553825626
/home/ashley/reuse/Git_Scripts/Repos/openjpa_buggy/148/b/DB2Dictionary.java -7.854467026567747 -6.312958261812182 -7.854467026567747 -16.083243780765933 8.228776754198186
/home/ashley/reuse/Git_Scripts/Repos/openjpa_buggy/149/b/TestQueryPagination.java -8.356212963842868 -6.312632072557352 -8.356212963842868 -12.872495166233138 4.51628220239027
/home/ashley/reuse/Git_Scripts/Repos/openjpa_buggy/150/b/DB2Dictionary.java -7.854467026567747 -7.314910036279139 -7.854467026567747 -53.17484157249422 45.32037454592648
/home/ashley/reuse/Git_Scripts/Repos/openjpa_buggy/151/b/StoreCollectionFieldStrategy.java -9.398057905230882 -6.261095232426853 -9.398057905230882 -9.375643457075306 -0.02241444815557614
/home/ashley/reuse/Git_Scripts/Repos/openjpa_buggy/152/b/DistributedStoreQuery.java -9.240508325911616 -6.145809782799707 -9.240508325911616 -9.175434323616463 -0.06507400229515348
/home/ashley/reuse/Git_Scripts/Repos/openjpa_buggy/152/b/DistributedStoreManager.java -9.235295234158448 -6.2494821510556795 -9.235295234158448 -9.661322959409372 0.4260277252509237
/home/ashley/reuse/Git_Scripts/Repos/openjpa_buggy/153/b/QueryStatistics.java -8.178053744123703 -5.17056580427623 -8.178053744123703 -7.023227711091826 -1.1548260330318776
/home/ashley/reuse/Git_Scripts/Repos/openjpa_buggy/154/b/DBDictionary.java -8.774021638578258 -6.300171638504333 -8.774021638578258 -11.172432095992527 2.3984104574142684
/home/ashley/reuse/Git_Scripts/Repos/openjpa_buggy/155/b/DataCacheStoreManager.java -8.575453856567652 -6.024765844751277 -8.575453856567652 -10.127679523905805 1.5522256673381527
/home/ashley/reuse/Git_Scripts/Repos/openjpa_buggy/156/b/DerbyDictionary.java -7.046470352675859 -4.300526235859906 -7.046470352675859 -5.517870964000144 -1.5285993886757154
/home/ashley/reuse/Git_Scripts/Repos/openjpa_buggy/156/b/DBDictionary.java -8.774021638578258 -6.213106246327354 -8.774021638578258 -10.643445857878811 1.8694242193005532
/home/ashley/reuse/Git_Scripts/Repos/openjpa_buggy/157/b/StateManagerImpl.java -8.122231622660433 -5.663380156679839 -8.122231622660433 -9.353152052248783 1.23092042958835
/home/ashley/reuse/Git_Scripts/Repos/openjpa_buggy/157/b/SingleFieldManager.java -8.596594780215225 -5.773062184200928 -8.596594780215225 -8.78840150608063 0.19180672586540481
/home/ashley/reuse/Git_Scripts/Repos/openjpa_buggy/158/b/RelationFieldStrategy.java -8.985568593041748 -6.641985192899061 -8.985568593041748 -12.73306798920159 3.747499396159842
/home/ashley/reuse/Git_Scripts/Repos/openjpa_buggy/159/b/TestNamedQueryLockMode.java -8.546069534476704 -4.251008814829907 -8.546069534476704 -4.2237936495621105 -4.3222758849145935
/home/ashley/reuse/Git_Scripts/Repos/openjpa_buggy/160/b/QueryImpl.java -8.04745170179735 -6.279671595470189 -8.04745170179735 -14.288332613395292 6.240880911597943
/home/ashley/reuse/Git_Scripts/Repos/openjpa_buggy/161/b/DetachManager.java -8.742097097484082 -5.846652769318353 -8.742097097484082 -8.824101464234118 0.08200436675003608
/home/ashley/reuse/Git_Scripts/Repos/openjpa_buggy/161/b/BrokerImpl.java -8.440569846264639 -5.789527017780064 -8.440569846264639 -9.216130357579923 0.7755605113152839
/home/ashley/reuse/Git_Scripts/Repos/openjpa_buggy/162/b/DBDictionary.java -8.774021638578258 -6.495801035754979 -8.774021638578258 -12.507846475464584 3.733824836886326
/home/ashley/reuse/Git_Scripts/Repos/openjpa_buggy/162/b/SchemaGenerator.java -8.197454403052452 -5.4649696020349685 -8.197454403052452 -8.197454403052452 0.0
/home/ashley/reuse/Git_Scripts/Repos/openjpa_buggy/162/b/PostgresDictionary.java -8.594990648999739 -7.07570367019992 -8.594990648999739 -20.00168446091793 11.40669381191819
/home/ashley/reuse/Git_Scripts/Repos/openjpa_buggy/163/b/PCPath.java -9.934534973144107 -7.755629347518676 -9.934534973144107 -17.680566355312227 7.74603138216812
/home/ashley/reuse/Git_Scripts/Repos/openjpa_buggy/164/b/AnnotationProcessor6.java -8.656736897666288 -7.47967104514167 -8.656736897666288 -27.484341058125736 18.827604160459448
/home/ashley/reuse/Git_Scripts/Repos/openjpa_buggy/164/b/SourceAnnotationHandler.java -8.995161110376037 -5.99065241773104 -8.995161110376037 -8.967669786689068 -0.027491323686968272
/home/ashley/reuse/Git_Scripts/Repos/openjpa_buggy/166/b/JDBCBrokerFactory.java -9.643933745653346 -6.429289163768897 -9.643933745653346 -9.643933745653346 0.0
/home/ashley/reuse/Git_Scripts/Repos/openjpa_buggy/167/b/TestJPQLScalarExpressions.java -8.38478989123538 -4.765078718168177 -8.38478989123538 -5.515643320124662 -2.8691465711107185
/home/ashley/reuse/Git_Scripts/Repos/openjpa_buggy/168/b/MethodLifecycleCallbacks.java -7.274951094993965 -4.099198449810841 -7.274951094993965 -4.686871147925316 -2.5880799470686497
/home/ashley/reuse/Git_Scripts/Repos/openjpa_buggy/169/b/AbstractPCData.java -8.033514540819278 -5.162160710799887 -8.033514540819278 -7.21743933350503 -0.8160752073142472
/home/ashley/reuse/Git_Scripts/Repos/openjpa_buggy/170/b/QueryImpl.java -8.04745170179735 -5.8652723382147345 -8.04745170179735 -10.812059872450028 2.7646081706526786
/home/ashley/reuse/Git_Scripts/Repos/openjpa_buggy/172/b/DelegatingDatabaseMetaData.java -5.926764211810223 -3.8065226398104004 -5.926764211810223 -5.32023389480912 -0.6065303170011029
/home/ashley/reuse/Git_Scripts/Repos/openjpa_buggy/173/b/JDBCStoreQuery.java -10.099970704159379 -6.883734374779924 -10.099970704159379 -10.808520954352018 0.7085502501926388
/home/ashley/reuse/Git_Scripts/Repos/openjpa_buggy/174/b/MappingInfo.java -9.005186932807026 -6.031405388222803 -9.005186932807026 -9.132132299260693 0.1269453664536666
/home/ashley/reuse/Git_Scripts/Repos/openjpa_buggy/174/b/DynamicSchemaFactory.java -10.049260200195672 -6.6995068001304485 -10.049260200195672 -10.049260200195672 0.0
/home/ashley/reuse/Git_Scripts/Repos/openjpa_buggy/174/b/Table.java -9.148775344986571 -6.082230922166283 -9.148775344986571 -9.07012452838859 -0.07865081659798179
/home/ashley/reuse/Git_Scripts/Repos/openjpa_buggy/175/b/NumberVersionStrategy.java -8.934208549161795 -4.685773714595347 -8.934208549161795 -4.9089057962427445 -4.025302752919051
/home/ashley/reuse/Git_Scripts/Repos/openjpa_buggy/178/b/TestCascadePersist.java -9.680796089981508 -6.453864059987672 -9.680796089981508 -9.680796089981508 0.0
/home/ashley/reuse/Git_Scripts/Repos/openjpa_buggy/179/b/TestNativeSeqGenerator.java -10.004981862083422 -6.6777981983460775 -10.004981862083422 -10.004981862083422 0.0
/home/ashley/reuse/Git_Scripts/Repos/openjpa_buggy/180/b/DataCacheScheduler.java -8.26569549155763 -5.496477712660149 -8.26569549155763 -8.19686683871347 -0.06882865284415907
/home/ashley/reuse/Git_Scripts/Repos/openjpa_buggy/181/b/XMLPersistenceMetaDataParser.java -8.42593806598079 -5.69567984108897 -8.42593806598079 -8.788810733565784 0.3628726675849947
/home/ashley/reuse/Git_Scripts/Repos/openjpa_buggy/182/b/PersistenceProductDerivation.java -8.133961281800648 -6.4610730166752 -8.133961281800648 -15.700436892777994 7.566475610977346
/home/ashley/reuse/Git_Scripts/Repos/openjpa_buggy/182/b/PersistenceProviderImpl.java -8.981215791779006 -7.33752438491036 -8.981215791779006 -20.046308450277976 11.06509265849897
/home/ashley/reuse/Git_Scripts/Repos/openjpa_buggy/183/b/DetachManager.java -8.742097097484082 -5.823791956926102 -8.742097097484082 -8.722897762716547 -0.019199334767534992
/home/ashley/reuse/Git_Scripts/Repos/openjpa_buggy/183/b/AutoDetach.java -6.6186671218361885 -4.412444747890793 -6.6186671218361885 -6.6186671218361885 0.0
/home/ashley/reuse/Git_Scripts/Repos/openjpa_buggy/183/b/BrokerImpl.java -8.440569846264639 -5.785609660903077 -8.440569846264639 -9.196718413203914 0.7561485669392756
/home/ashley/reuse/Git_Scripts/Repos/openjpa_buggy/183/b/AutoDetachValue.java -7.887731240506873 -5.2584874936712485 -7.887731240506873 -7.887731240506873 0.0
/home/ashley/reuse/Git_Scripts/Repos/openjpa_buggy/184/b/MappingRepository.java -9.614500736997895 -6.403650950791915 -9.614500736997895 -9.586131407859641 -0.028369329138254074
/home/ashley/reuse/Git_Scripts/Repos/openjpa_buggy/185/b/AbstractJDBCSavepointManager.java -9.93908005558895 -6.626053370392633 -9.93908005558895 -9.93908005558895 0.0
/home/ashley/reuse/Git_Scripts/Repos/openjpa_buggy/185/b/EmbedFieldStrategy.java -9.239147991391146 -6.159431994260764 -9.239147991391146 -9.239147991391146 0.0
/home/ashley/reuse/Git_Scripts/Repos/openjpa_buggy/186/b/DBDictionary.java -8.774021638578258 -6.0914226546529555 -8.774021638578258 -9.961237275672897 1.1872156370946385
/home/ashley/reuse/Git_Scripts/Repos/openjpa_buggy/186/b/SelectImpl.java -9.18953996266703 -6.197623071537697 -9.18953996266703 -9.517261358798248 0.3277213961312171
/home/ashley/reuse/Git_Scripts/Repos/openjpa_buggy/186/b/JDBCStoreQuery.java -10.099970704159379 -5.547979835838661 -10.099970704159379 -6.154936974852631 -3.945033729306748
/home/ashley/reuse/Git_Scripts/Repos/openjpa_buggy/187/b/CriteriaExpressionBuilder.java -9.653601152585528 -5.724809985835604 -9.653601152585528 -7.0305480825652635 -2.6230530700202648
/home/ashley/reuse/Git_Scripts/Repos/openjpa_buggy/187/b/CriteriaQueryImpl.java -9.69316782519599 -6.032662779396777 -9.69316782519599 -7.98480534171843 -1.7083624834775604
/home/ashley/reuse/Git_Scripts/Repos/openjpa_buggy/188/b/PCEnhancer.java -7.9277649191216675 -5.7866847877657825 -7.9277649191216675 -10.713162012627002 2.7853970935053347
/home/ashley/reuse/Git_Scripts/Repos/openjpa_buggy/190/b/BrokerImpl.java -8.440569846264639 -5.785609660903077 -8.440569846264639 -9.196718413203914 0.7561485669392756
/home/ashley/reuse/Git_Scripts/Repos/openjpa_buggy/191/b/DelegatingFetchConfiguration.java -8.120161027066379 -5.414545919640423 -8.120161027066379 -8.120161027066379 0.0
/home/ashley/reuse/Git_Scripts/Repos/openjpa_buggy/191/b/FetchConfigurationImpl.java -8.851191157866577 -6.948067461168515 -8.851191157866577 -16.14898232353938 7.297791165672802
/home/ashley/reuse/Git_Scripts/Repos/openjpa_buggy/191/b/StateManagerImpl.java -8.122231622660433 -5.663380156679839 -8.122231622660433 -9.353152052248783 1.23092042958835
/home/ashley/reuse/Git_Scripts/Repos/openjpa_buggy/191/b/FetchConfiguration.java -10.867401415671479 -7.251084475991327 -10.867401415671479 -10.867401415671479 0.0
/home/ashley/reuse/Git_Scripts/Repos/openjpa_buggy/192/b/OracleDictionary.java -8.194731990178253 -5.667182843822745 -8.194731990178253 -9.186971618618639 0.9922396284403856
/home/ashley/reuse/Git_Scripts/Repos/openjpa_buggy/193/b/PostgresDictionary.java -8.594990648999739 -5.753252043278791 -8.594990648999739 -8.698082587049107 0.10309193804936889
/home/ashley/reuse/Git_Scripts/Repos/openjpa_buggy/194/b/InformixDictionary.java -9.530761342204556 -5.174137536484558 -9.530761342204556 -5.659596996558525 -3.871164345646031
/home/ashley/reuse/Git_Scripts/Repos/openjpa_buggy/194/b/DBDictionary.java -8.774021638578258 -5.891926578436872 -8.774021638578258 -8.968114950694485 0.1940933121162267
/home/ashley/reuse/Git_Scripts/Repos/openjpa_buggy/194/b/DB2Dictionary.java -7.854467026567747 -5.245500165148277 -7.854467026567747 -7.894472800896615 0.040005774328868426
/home/ashley/reuse/Git_Scripts/Repos/openjpa_buggy/194/b/TestTimeoutException.java -7.616375315858847 -4.838160120572257 -7.616375315858847 -6.631819482345387 -0.9845558335134603
/home/ashley/reuse/Git_Scripts/Repos/openjpa_buggy/194/b/PessimisticLockManager.java -9.264477997885423 -5.7582507226946795 -9.264477997885423 -7.599981457297913 -1.6644965405875105
/home/ashley/reuse/Git_Scripts/Repos/openjpa_buggy/195/b/AbstractBrokerFactory.java -8.126087639929617 -6.024935412128606 -8.126087639929617 -11.650548812237036 3.5244611723074186
/home/ashley/reuse/Git_Scripts/Repos/openjpa_buggy/197/b/JPAProperties.java -7.817616274433951 -4.86365351981389 -7.817616274433951 -6.435791522800606 -1.3818247516333448
/home/ashley/reuse/Git_Scripts/Repos/openjpa_buggy/198/b/PessimisticLockManager.java -9.264477997885423 -5.806019016774349 -9.264477997885423 -7.768699511849431 -1.4957784860359924
/home/ashley/reuse/Git_Scripts/Repos/openjpa_buggy/200/b/MappingDefaultsImpl.java -9.89391017294715 -6.551021526699296 -9.89391017294715 -9.691065779157496 -0.20284439378965402
/home/ashley/reuse/Git_Scripts/Repos/openjpa_buggy/201/b/TestTypesafeCriteria.java -9.426569727842425 -5.514721560072262 -9.426569727842425 -6.6438874307675935 -2.7826822970748317
/home/ashley/reuse/Git_Scripts/Repos/openjpa_buggy/203/b/OpenJPAConfiguration.java -8.964301564150734 -5.7403223365683305 -8.964301564150734 -7.980507451813853 -0.9837941123368807
/home/ashley/reuse/Git_Scripts/Repos/openjpa_buggy/204/b/TestValidationMode.java -8.740383173045933 -5.826922115363955 -8.740383173045933 -8.740383173045933 0.0
/home/ashley/reuse/Git_Scripts/Repos/openjpa_buggy/204/b/OpenJPAConfiguration.java -8.964301564150734 -5.920778870254855 -8.964301564150734 -8.719443326981802 -0.2448582371689323
/home/ashley/reuse/Git_Scripts/Repos/openjpa_buggy/204/b/OpenJPAConfigurationImpl.java -8.40343083360773 -5.779603385197995 -8.40343083360773 -9.254081546783775 0.8506507131760443
/home/ashley/reuse/Git_Scripts/Repos/openjpa_buggy/207/b/TestDetachNoProxy.java -7.7180892752524315 -5.274188666192526 -7.7180892752524315 -8.322732213866677 0.604642938614246
/home/ashley/reuse/Git_Scripts/Repos/openjpa_buggy/209/b/AbstractBrokerFactory.java -8.126087639929615 -5.86586120982818 -8.126087639929615 -10.5446298742264 2.418542234296785
/home/ashley/reuse/Git_Scripts/Repos/openjpa_buggy/210/b/OpenJPAConfiguration.java -8.964301564150734 -5.963900438974254 -8.964301564150734 -8.904963397768649 -0.05933816638208533
/home/ashley/reuse/Git_Scripts/Repos/openjpa_buggy/211/b/DBDictionary.java -8.774021638578258 -6.495801035754979 -8.774021638578258 -12.507846475464584 3.733824836886326
/home/ashley/reuse/Git_Scripts/Repos/openjpa_buggy/212/b/TestDataCacheBehavesIdentical.java -8.750165117125253 -5.833443411416836 -8.750165117125253 -8.750165117125253 0.0
/home/ashley/reuse/Git_Scripts/Repos/openjpa_buggy/213/b/RelationFieldStrategy.java -8.985568593041748 -5.989778221600347 -8.985568593041748 -8.981514343413364 -0.004054249628383744
/home/ashley/reuse/Git_Scripts/Repos/openjpa_buggy/213/b/HandlerRelationMapTableFieldStrategy.java -8.935907624899107 -5.777105020717447 -8.935907624899107 -8.171399620877215 -0.7645080040218915
/home/ashley/reuse/Git_Scripts/Repos/openjpa_buggy/214/b/XMLPersistenceMetaDataParser.java -8.42593806598079 -6.084898850131215 -8.42593806598079 -10.949069051468298 2.5231309854875086
/home/ashley/reuse/Git_Scripts/Repos/openjpa_buggy/215/b/CandidatePath.java -9.923273104537659 -6.6188431270708925 -9.923273104537659 -9.923273104537659 0.0
/home/ashley/reuse/Git_Scripts/Repos/openjpa_buggy/215/b/JPQLExpressionBuilder.java -9.556053000690534 -7.196981390654594 -9.556053000690534 -14.576652807294597 5.0205998066040625
/home/ashley/reuse/Git_Scripts/Repos/openjpa_buggy/215/b/Value.java -10.185924617452146 -6.82673671169665 -10.185924617452146 -10.185924617452146 0.0
/home/ashley/reuse/Git_Scripts/Repos/openjpa_buggy/215/b/QueryExpressions.java -10.528237377661132 -7.018824918440754 -10.528237377661132 -10.528237377661132 0.0
/home/ashley/reuse/Git_Scripts/Repos/openjpa_buggy/215/b/AbstractExpressionBuilder.java -8.945868473877441 -5.964757302078102 -8.945868473877441 -8.945868473877441 0.0
/home/ashley/reuse/Git_Scripts/Repos/openjpa_buggy/215/b/Subquery.java -10.883364635833583 -7.255576423889056 -10.883364635833583 -10.883364635833583 0.0
/home/ashley/reuse/Git_Scripts/Repos/openjpa_buggy/215/b/SubQ.java -9.653121813152383 -6.435414542101589 -9.653121813152383 -9.653121813152383 0.0
/home/ashley/reuse/Git_Scripts/Repos/openjpa_buggy/215/b/Path.java -11.314316340972148 -7.5428775606480984 -11.314316340972148 -11.314316340972148 0.0
/home/ashley/reuse/Git_Scripts/Repos/openjpa_buggy/215/b/Val.java -8.20710492386942 -5.4714032825796135 -8.20710492386942 -8.20710492386942 0.0
/home/ashley/reuse/Git_Scripts/Repos/openjpa_buggy/216/b/HandlerHandlerMapTableFieldStrategy.java -9.274994277092349 -6.355788016427696 -9.274994277092349 -10.096905154169743 0.8219108770773946
/home/ashley/reuse/Git_Scripts/Repos/openjpa_buggy/218/b/DistributedJDBCConfigurationImpl.java -8.46242242736606 -5.006050541177141 -8.46242242736606 -6.128292291327522 -2.3341301360385387
/home/ashley/reuse/Git_Scripts/Repos/openjpa_buggy/219/b/PCPath.java -9.934534973144107 -6.405521445869824 -9.934534973144107 -9.016099872301854 -0.9184351008422524
/home/ashley/reuse/Git_Scripts/Repos/openjpa_buggy/220/b/X.java -7.773610988516423 -5.1896453247358245 -7.773610988516423 -7.773610988516423 0.0
/home/ashley/reuse/Git_Scripts/Repos/openjpa_buggy/220/b/TestAudit.java -8.676696838680636 -5.784464559120424 -8.676696838680636 -8.676696838680636 0.0
/home/ashley/reuse/Git_Scripts/Repos/openjpa_buggy/221/b/AbstractCFMetaDataFactory.java -8.347018727658996 -5.623724036665878 -8.347018727658996 -8.61657518292071 0.26955645526171423
/home/ashley/reuse/Git_Scripts/Repos/openjpa_buggy/222/b/DistributedBrokerImpl.java -8.769598062712037 -5.3437176980264 -8.769598062712037 -6.8231240296995805 -1.9464740330124561
/home/ashley/reuse/Git_Scripts/Repos/openjpa_buggy/223/b/DB2Dictionary.java -7.854467026567747 -7.1183194960967775 -7.854467026567747 -37.97513640431303 30.12066937774528
/home/ashley/reuse/Git_Scripts/Repos/openjpa_buggy/224/b/TestXMLCustomerOrder.java -8.984999910116247 -5.499643204464695 -8.984999910116247 -7.088843104302751 -1.8961568058134963
/home/ashley/reuse/Git_Scripts/Repos/openjpa_buggy/225/b/MappingRepository.java -9.614500736997895 -6.789182727608425 -9.614500736997895 -11.551726588170855 1.9372258511729594
/home/ashley/reuse/Git_Scripts/Repos/openjpa_buggy/226/b/DB2Dictionary.java -7.854467026567747 -6.184217573156931 -7.854467026567747 -14.540861819858566 6.68639479329082
/home/ashley/reuse/Git_Scripts/Repos/openjpa_buggy/227/b/DerbyDictionary.java -7.046470352675859 -4.697646901783907 -7.046470352675859 -7.046470352675859 0.0
/home/ashley/reuse/Git_Scripts/Repos/openjpa_buggy/227/b/DBDictionary.java -8.774021638578258 -6.495801035754979 -8.774021638578258 -12.507846475464584 3.733824836886326
/home/ashley/reuse/Git_Scripts/Repos/openjpa_buggy/228/b/PersistenceProviderImpl.java -8.981215791779006 -5.975811384106245 -8.981215791779006 -8.922429652050997 -0.05878613972800828
/home/ashley/reuse/Git_Scripts/Repos/openjpa_buggy/229/b/LogFactoryImpl.java -8.048110986998095 -5.262393825462789 -8.048110986998095 -7.601692330688044 -0.4464186563100512
/home/ashley/reuse/Git_Scripts/Repos/openjpa_buggy/231/b/InformixDictionary.java -9.530761342204556 -6.353840894803037 -9.530761342204556 -9.530761342204556 0.0
/home/ashley/reuse/Git_Scripts/Repos/openjpa_buggy/232/b/JPQLExpressionBuilder.java -9.556053000690534 -7.063779162004627 -9.556053000690534 -13.542221366188446 3.986168365497912
/home/ashley/reuse/Git_Scripts/Repos/openjpa_buggy/233/b/AbstractBrokerFactory.java -8.126087639929615 -6.024935412128606 -8.126087639929615 -11.650548812237034 3.5244611723074186
/home/ashley/reuse/Git_Scripts/Repos/openjpa_buggy/233/b/LifecycleEventManager.java -8.841266349271441 -5.894827133909215 -8.841266349271441 -8.841266349271441 0.0
/home/ashley/reuse/Git_Scripts/Repos/openjpa_buggy/233/b/AbstractLifecycleListener.java -8.993806713032962 -5.995871142021975 -8.993806713032962 -8.993806713032962 0.0
/home/ashley/reuse/Git_Scripts/Repos/openjpa_buggy/235/b/TestBadAutoDetachProperty.java -8.824972316663736 -6.0543414730600045 -8.824972316663736 -9.616658487551774 0.7916861708880383
/home/ashley/reuse/Git_Scripts/Repos/openjpa_buggy/237/b/AnnotationProcessor6.java -8.656736897666288 -6.755175427854231 -8.656736897666288 -15.37625191319586 6.719515015529572
/home/ashley/reuse/Git_Scripts/Repos/openjpa_buggy/237/b/SourceAnnotationHandler.java -8.995161110376037 -5.727545489370804 -8.995161110376037 -7.881336433533878 -1.1138246768421585
/home/ashley/reuse/Git_Scripts/Repos/openjpa_buggy/238/b/TestPreparedQueryCache.java -8.539576831099126 -4.0569658773848625 -8.539576831099126 -3.8643518441377416 -4.675224986961384
/home/ashley/reuse/Git_Scripts/Repos/openjpa_buggy/238/b/SQLBuffer.java -9.33131861277221 -6.085817863892698 -9.33131861277221 -8.748835680732702 -0.5824829320395075
/home/ashley/reuse/Git_Scripts/Repos/openjpa_buggy/239/b/ImageConstraint.java -8.297574391984096 -5.799688675366046 -8.297574391984096 -9.632816248165446 1.3352418561813497
/home/ashley/reuse/Git_Scripts/Repos/openjpa_buggy/239/b/ImageContent.java -8.20881393004155 -5.719689706093468 -8.20881393004155 -9.431403238771143 1.2225893087295923
/home/ashley/reuse/Git_Scripts/Repos/openjpa_buggy/240/b/SingleFieldManager.java -8.596594780215225 -5.707730815293327 -8.596594780215225 -8.490703651737928 -0.10589112847729787
/home/ashley/reuse/Git_Scripts/Repos/openjpa_buggy/241/b/TestLocalizer.java -7.845734283092335 -4.769218005155341 -7.845734283092335 -6.0690449564602025 -1.7766893266321322
/home/ashley/reuse/Git_Scripts/Repos/openjpa_buggy/242/b/TestMixedLockManagerDeadlock.java -8.69163956476229 -5.797255686262348 -8.69163956476229 -8.69163956476229 0.0
/home/ashley/reuse/Git_Scripts/Repos/openjpa_buggy/242/b/SequencedActionsTest.java -8.284540710971724 -5.513976421773693 -8.284540710971724 -8.242392114929471 -0.04214859604225296
/home/ashley/reuse/Git_Scripts/Repos/openjpa_buggy/242/b/TestMixedLockManagerLockPermutation.java -6.935484701043459 -4.623656467362306 -6.935484701043459 -6.935484701043459 0.0
/home/ashley/reuse/Git_Scripts/Repos/openjpa_buggy/242/b/TestMixedLockManagerFindPermutation.java -6.927274300901773 -4.618182867267849 -6.927274300901773 -6.927274300901773 0.0
/home/ashley/reuse/Git_Scripts/Repos/openjpa_buggy/242/b/TestMixedLockManagerRefreshPermutation.java -7.0423990947174815 -4.694932729811654 -7.0423990947174815 -7.0423990947174815 0.0
/home/ashley/reuse/Git_Scripts/Repos/openjpa_buggy/243/b/JPQLExpressionBuilder.java -9.556053000690534 -7.196981390654594 -9.556053000690534 -14.576652807294597 5.0205998066040625
/home/ashley/reuse/Git_Scripts/Repos/openjpa_buggy/243/b/QueryImpl.java -8.44817812166998 -5.677872146382194 -8.44817812166998 -8.657468827016922 0.20929070534694283
/home/ashley/reuse/Git_Scripts/Repos/openjpa_buggy/244/b/Parent.java -12.2984612130924 -8.309771089927297 -12.2984612130924 -12.81089709697125 0.5124358838788492
/home/ashley/reuse/Git_Scripts/Repos/openjpa_buggy/245/b/InterfaceImplGenerator.java -8.471546740613825 -5.649245141549055 -8.471546740613825 -8.471546740613825 0.0
/home/ashley/reuse/Git_Scripts/Repos/openjpa_buggy/246/b/StoreCollectionFieldStrategy.java -9.39805790523088 -5.515637110947288 -9.39805790523088 -6.674148325616303 -2.7239095796145776
/home/ashley/reuse/Git_Scripts/Repos/openjpa_buggy/247/b/OpenJPAConfigurationImpl.java -8.40343083360773 -5.6470896296754125 -8.40343083360773 -8.607284926124695 0.2038540925169645
/home/ashley/reuse/Git_Scripts/Repos/openjpa_buggy/248/b/TestDetachNoStateField.java -9.74932335624513 -6.504929325441701 -9.74932335624513 -9.74932335624513 0.0
/home/ashley/reuse/Git_Scripts/Repos/openjpa_buggy/248/b/PCEnhancer.java -7.9277649191216675 -5.288540169051187 -7.9277649191216675 -7.942920212545394 0.015155293423726235
/home/ashley/reuse/Git_Scripts/Repos/openjpa_buggy/249/b/RelationFieldStrategy.java -8.985568593041748 -5.920302257297061 -8.985568593041748 -8.676171563178187 -0.3093970298635611
/home/ashley/reuse/Git_Scripts/Repos/openjpa_buggy/249/b/TestEmbeddable.java -9.102305466425927 -6.835500384624531 -9.102305466425927 -13.723899998335995 4.621594531910068
/home/ashley/reuse/Git_Scripts/Repos/openjpa_buggy/250/b/RelationFieldStrategy.java -8.985568593041748 -6.627243243741589 -8.985568593041748 -12.622720116118254 3.637151523076506
/home/ashley/reuse/Git_Scripts/Repos/openjpa_buggy/250/b/RelationToManyInverseKeyFieldStrategy.java -9.462477834618067 -6.3093073210760595 -9.462477834618067 -9.462477834618067 0.0
/home/ashley/reuse/Git_Scripts/Repos/openjpa_buggy/250/b/MappingFactoryValue.java -9.311804892399849 -6.211050189500309 -9.311804892399849 -9.311804892399849 0.0
/home/ashley/reuse/Git_Scripts/Repos/openjpa_buggy/252/b/Person.java -9.644506391810316 -6.376533151610126 -9.644506391810316 -9.409274528595429 -0.23523186321488687
/home/ashley/reuse/Git_Scripts/Repos/openjpa_buggy/253/b/AbstractPCData.java -8.033514540819278 -4.833625244933325 -8.033514540819278 -6.067553452547158 -1.9659610882721195
/home/ashley/reuse/Git_Scripts/Repos/openjpa_buggy/254/b/SingleFieldManager.java -8.596594780215225 -5.773062184200928 -8.596594780215225 -8.78840150608063 0.19180672586540481
/home/ashley/reuse/Git_Scripts/Repos/openjpa_buggy/255/b/PostgresDictionary.java -8.594990648999739 -7.07570367019992 -8.594990648999739 -20.00168446091793 11.40669381191819
/home/ashley/reuse/Git_Scripts/Repos/openjpa_buggy/256/b/TestParameterLogging.java -8.09003735680066 -4.184813080886852 -8.09003735680066 -4.33461585860913 -3.755421498191531
/home/ashley/reuse/Git_Scripts/Repos/openjpa_buggy/257/b/TestEntityTypeExpression.java -8.310129261784432 -5.5115636230490335 -8.310129261784432 -8.183085918753555 -0.12704334303087705
/home/ashley/reuse/Git_Scripts/Repos/openjpa_buggy/258/b/DBDictionary.java -8.774021638578258 -6.306761952961369 -8.774021638578258 -11.21345824275162 2.4394366041733626
/home/ashley/reuse/Git_Scripts/Repos/openjpa_buggy/261/b/J2DoPrivHelper.java -7.122440361168284 -3.822897676961524 -7.122440361168284 -4.126080993183632 -2.9963593679846516
/home/ashley/reuse/Git_Scripts/Repos/openjpa_buggy/261/b/DataCacheScheduler.java -8.26569549155763 -5.460444323721883 -8.26569549155763 -8.038649661425756 -0.22704583013187296
/home/ashley/reuse/Git_Scripts/Repos/openjpa_buggy/262/b/AnnotationProcessor6.java -8.656736897666288 -7.082784734454236 -8.656736897666288 -19.47765801974915 10.820921122082861
/home/ashley/reuse/Git_Scripts/Repos/openjpa_buggy/263/b/DataSourceFactory.java -9.449523305853534 -5.9862794835804225 -9.449523305853534 -8.166835833452494 -1.2826874724010402
/home/ashley/reuse/Git_Scripts/Repos/openjpa_buggy/263/b/SimpleDriverDataSource.java -8.945553833975248 -5.67957429980575 -8.945553833975248 -7.778208210036171 -1.1673456239390774
/home/ashley/reuse/Git_Scripts/Repos/openjpa_buggy/264/b/TestStatistics.java -8.40660616671445 -5.604404111142967 -8.40660616671445 -8.40660616671445 0.0
/home/ashley/reuse/Git_Scripts/Repos/openjpa_buggy/265/b/DBDictionary.java -8.774021638578258 -6.495801035754979 -8.774021638578258 -12.507846475464584 3.733824836886326
/home/ashley/reuse/Git_Scripts/Repos/openjpa_buggy/266/b/TestEmbeddableCriteria.java -10.000301725967011 -6.733962713059905 -10.000301725967011 -10.308430734823679 0.3081290088566675
/home/ashley/reuse/Git_Scripts/Repos/openjpa_buggy/266/b/AbstractCriteriaTestCase.java -7.868575315180989 -5.113385348324564 -7.868575315180989 -7.3016848589103995 -0.5668904562705892
/home/ashley/reuse/Git_Scripts/Repos/openjpa_buggy/266/b/TestTypesafeCriteria.java -9.426569727842425 -6.284674251649069 -9.426569727842425 -9.426569727842425 0.0
/home/ashley/reuse/Git_Scripts/Repos/openjpa_buggy/267/b/RedefinitionHelper.java -8.194101794572306 -5.937365562624524 -8.194101794572306 -10.76632875505636 2.5722269604840537
/home/ashley/reuse/Git_Scripts/Repos/openjpa_buggy/267/b/StateManagerImpl.java -8.122231622660433 -5.57598600975606 -8.122231622660433 -8.893378090948085 0.7711464682876521
/home/ashley/reuse/Git_Scripts/Repos/openjpa_buggy/267/b/DynamicPCHelper.java -6.235608356729676 -4.157072237819784 -6.235608356729676 -6.235608356729676 0.0
/home/ashley/reuse/Git_Scripts/Repos/openjpa_buggy/267/b/ManagedClassSubclasser.java -7.9892154881233814 -5.6662215937378 -7.9892154881233814 -9.743604024366691 1.7543885362433098
/home/ashley/reuse/Git_Scripts/Repos/openjpa_buggy/268/b/Deity.java -10.187444241916472 -6.698092082409752 -10.187444241916472 -9.760745006652954 -0.42669923526351816
/home/ashley/reuse/Git_Scripts/Repos/openjpa_buggy/269/b/SchemaGenerator.java -8.197454403052452 -5.444391874351708 -8.197454403052452 -8.105546764208396 -0.09190763884405584
/home/ashley/reuse/Git_Scripts/Repos/openjpa_buggy/269/b/TestManualDelimId.java -9.86656090554646 -5.449646361678641 -9.86656090554646 -6.086745306838914 -3.779815598707547
/home/ashley/reuse/Git_Scripts/Repos/openjpa_buggy/270/b/SingleFieldManager.java -8.596594780215225 -5.773062184200928 -8.596594780215225 -8.78840150608063 0.19180672586540481
/home/ashley/reuse/Git_Scripts/Repos/openjpa_buggy/271/b/StateManagerImpl.java -8.122231622660433 -5.663380156679839 -8.122231622660433 -9.353152052248783 1.23092042958835
/home/ashley/reuse/Git_Scripts/Repos/openjpa_buggy/271/b/BrokerImpl.java -8.440569846264639 -5.785609660903077 -8.440569846264639 -9.196718413203914 0.7561485669392756
/home/ashley/reuse/Git_Scripts/Repos/openjpa_buggy/271/b/SingleFieldManager.java -8.596594780215225 -5.773062184200928 -8.596594780215225 -8.78840150608063 0.19180672586540481
/home/ashley/reuse/Git_Scripts/Repos/openjpa_buggy/272/b/PCEnhancer.java -7.9277649191216675 -5.7866847877657825 -7.9277649191216675 -10.713162012627002 2.7853970935053347
/home/ashley/reuse/Git_Scripts/Repos/openjpa_buggy/272/b/ClassMetaData.java -8.47899865216 -6.043128021031506 -8.47899865216 -10.517733103382847 2.0387344512228474
/home/ashley/reuse/Git_Scripts/Repos/openjpa_buggy/273/b/Auditable.java -6.718229944163109 -4.478819962775406 -6.718229944163109 -6.718229944163109 0.0
/home/ashley/reuse/Git_Scripts/Repos/openjpa_buggy/273/b/Auditor.java -10.73050241663417 -7.176023491124101 -10.73050241663417 -10.73050241663417 0.0
/home/ashley/reuse/Git_Scripts/Repos/openjpa_buggy/274/b/Configurations.java -7.997077321856564 -5.285621920883737 -7.997077321856564 -7.792475343608238 -0.20460197824832527
/home/ashley/reuse/Git_Scripts/Repos/openjpa_buggy/274/b/ApplicationIdTool.java -7.841146436243369 -5.215244132718094 -7.841146436243369 -7.785763172439418 -0.05538326380395109
/home/ashley/reuse/Git_Scripts/Repos/openjpa_buggy/274/b/AbstractCFMetaDataFactory.java -8.347018727658996 -5.455957479269543 -8.347018727658996 -7.874577805131299 -0.47244092252769754
/home/ashley/reuse/Git_Scripts/Repos/openjpa_buggy/274/b/AbstractQueryCache.java -8.967904645549938 -5.498805373285805 -8.967904645549938 -7.103290808356387 -1.8646138371935512
/home/ashley/reuse/Git_Scripts/Repos/openjpa_buggy/274/b/XMLPersistenceMetaDataParser.java -8.42593806598079 -6.061550272151602 -8.42593806598079 -10.800733980753293 2.3747959147725037
/home/ashley/reuse/Git_Scripts/Repos/openjpa_buggy/274/b/QueryImpl.java -8.44817812166998 -5.642911636810351 -8.44817812166998 -8.496932981217933 0.048754859547953444
/home/ashley/reuse/Git_Scripts/Repos/openjpa_buggy/276/b/PCEnhancer.java -7.9277649191216675 -5.785369295784818 -7.9277649191216675 -10.703587134638743 2.775822215517076
/home/ashley/reuse/Git_Scripts/Repos/openjpa_buggy/277/b/DataCachePCDataImpl.java -8.832835021505968 -4.910855144784153 -8.832835021505968 -5.529958677994121 -3.302876343511847
/home/ashley/reuse/Git_Scripts/Repos/openjpa_buggy/278/b/AbstractCriteriaTestCase.java -7.868575315180989 -5.082674325211504 -7.868575315180989 -7.174779780819969 -0.69379553436102
/home/ashley/reuse/Git_Scripts/Repos/openjpa_buggy/279/b/DB2Dictionary.java -7.854467026567747 -7.314910036279139 -7.854467026567747 -53.17484157249422 45.32037454592648
/home/ashley/reuse/Git_Scripts/Repos/openjpa_buggy/280/b/JPQLExpressionBuilder.java -9.556053000690534 -7.196981390654594 -9.556053000690534 -14.576652807294597 5.0205998066040625
/home/ashley/reuse/Git_Scripts/Repos/openjpa_buggy/280/b/QueryExpressions.java -10.528237377661132 -7.018824918440754 -10.528237377661132 -10.528237377661132 0.0
/home/ashley/reuse/Git_Scripts/Repos/openjpa_buggy/281/b/AbstractDataCache.java -8.714441252029728 -5.342926123128107 -8.714441252029728 -6.902253269997304 -1.812187982032424
/home/ashley/reuse/Git_Scripts/Repos/openjpa_buggy/281/b/TestStatistics.java -8.40660616671445 -5.954063770098284 -8.40660616671445 -10.204404473451577 1.7977983067371266
/home/ashley/reuse/Git_Scripts/Repos/openjpa_buggy/282/b/OpenJPAVersion.java -7.229469104197676 -4.291968191836325 -7.229469104197676 -5.281470944997437 -1.9479981592002389
/home/ashley/reuse/Git_Scripts/Repos/openjpa_buggy/282/b/PersistenceProductDerivation.java -8.133961281800648 -6.343231043821323 -8.133961281800648 -14.400275242936905 6.266313961136257
/home/ashley/reuse/Git_Scripts/Repos/openjpa_buggy/284/b/TestMultipleSchemaNames.java -9.16131837130868 -4.640619108023635 -9.16131837130868 -4.702169577377434 -4.459148793931245
/home/ashley/reuse/Git_Scripts/Repos/openjpa_buggy/285/b/RowManagerImpl.java -9.294626243629434 -6.140425771393742 -9.294626243629434 -9.038222761046553 -0.2564034825828809
/home/ashley/reuse/Git_Scripts/Repos/openjpa_buggy/286/b/DBCPDriverDataSource.java -7.888249773481581 -5.247602358653523 -7.888249773481581 -7.837926010971332 -0.05032376251024928
/home/ashley/reuse/Git_Scripts/Repos/openjpa_buggy/286/b/SimpleDriverDataSource.java -8.945553833975248 -5.204536375833026 -8.945553833975248 -6.222566568028937 -2.722987265946311
/home/ashley/reuse/Git_Scripts/Repos/openjpa_buggy/287/b/DataCacheStoreManager.java -8.575453856567652 -5.311971175175611 -8.575453856567652 -6.979133665986762 -1.5963201905808901
/home/ashley/reuse/Git_Scripts/Repos/openjpa_buggy/288/b/JPQLExpressionBuilder.java -9.556053000690534 -7.1895413685415805 -9.556053000690534 -14.51580407108604 4.959751070395505
/home/ashley/reuse/Git_Scripts/Repos/openjpa_buggy/289/b/MixedMappingLocation.java -12.610543344135724 -8.469767917703098 -12.610543344135724 -12.610543344135724 0.0
/home/ashley/reuse/Git_Scripts/Repos/openjpa_buggy/289/b/TestParsing.java -7.85593734195798 -5.23729156130532 -7.85593734195798 -7.85593734195798 0.0
/home/ashley/reuse/Git_Scripts/Repos/openjpa_buggy/290/b/DerbyDictionary.java -7.046470352675859 -4.697646901783907 -7.046470352675859 -7.046470352675859 0.0
/home/ashley/reuse/Git_Scripts/Repos/openjpa_buggy/290/b/HSQLDictionary.java -8.991210777906057 -5.994140518604039 -8.991210777906057 -8.991210777906057 0.0
/home/ashley/reuse/Git_Scripts/Repos/openjpa_buggy/291/b/BrokerImpl.java -8.440569846264639 -5.785609660903077 -8.440569846264639 -9.196718413203914 0.7561485669392756
/home/ashley/reuse/Git_Scripts/Repos/openjpa_buggy/292/b/PCRegistry.java -9.54276915307955 -6.001533067086167 -9.54276915307955 -8.078770891989704 -1.4639982610898468
/home/ashley/reuse/Git_Scripts/Repos/openjpa_buggy/293/b/TestSpec10_1_27_Ex7.java -9.560908495833496 -6.373938997222331 -9.560908495833496 -9.560908495833496 0.0
/home/ashley/reuse/Git_Scripts/Repos/openjpa_buggy/294/b/DetachManager.java -8.742097097484082 -5.823791956926102 -8.742097097484082 -8.722897762716547 -0.019199334767534992
/home/ashley/reuse/Git_Scripts/Repos/openjpa_buggy/295/b/AbstractBrokerFactory.java -8.126087639929615 -5.634449989151619 -8.126087639929615 -9.185302049498391 1.059214409568776
/home/ashley/reuse/Git_Scripts/Repos/openjpa_buggy/295/b/BrokerImpl.java -8.440569846264639 -5.822874745970324 -8.440569846264639 -9.38729128000696 0.9467214337423204
/home/ashley/reuse/Git_Scripts/Repos/openjpa_buggy/296/b/BrokerImpl.java -8.440569846264639 -5.758820672715929 -8.440569846264639 -9.062690985348532 0.6221211390838928
/home/ashley/reuse/Git_Scripts/Repos/openjpa_buggy/297/b/EntityE.java -9.241767433844592 -6.172299549679601 -9.241767433844592 -9.241767433844592 0.0
/home/ashley/reuse/Git_Scripts/Repos/openjpa_buggy/297/b/TestNoSchemaManualDelimId.java -9.261243432733131 -6.146475462082975 -9.261243432733131 -9.122555927084882 -0.1386875056482495
/home/ashley/reuse/Git_Scripts/Repos/openjpa_buggy/297/b/EntityF.java -8.468291714351155 -5.648284414943202 -8.468291714351155 -8.468291714351155 0.0
/home/ashley/reuse/Git_Scripts/Repos/openjpa_buggy/299/b/MultiClassLoader.java -8.194341924559437 -5.262745460169639 -8.194341924559437 -7.35516232987564 -0.839179594683797
/home/ashley/reuse/Git_Scripts/Repos/openjpa_buggy/299/b/PersistenceProviderImpl.java -8.981215791779006 -5.6199453832203945 -8.981215791779006 -7.503572337351756 -1.4776434544272492
/home/ashley/reuse/Git_Scripts/Repos/openjpa_buggy/300/b/Book.java -8.848041874832877 -5.903806103657986 -8.848041874832877 -8.848041874832877 0.0
/home/ashley/reuse/Git_Scripts/Repos/openjpa_buggy/300/b/TestMultipleLevelDerivedIdentity.java -9.014197936641617 -6.011106324762105 -9.014197936641617 -9.014197936641617 0.0
/home/ashley/reuse/Git_Scripts/Repos/openjpa_buggy/303/b/OpenJPAVersion.java -7.229469104197676 -4.291968191836325 -7.229469104197676 -5.281470944997437 -1.9479981592002389
/home/ashley/reuse/Git_Scripts/Repos/openjpa_buggy/305/b/JPQLExpressionBuilder.java -9.556053000690534 -7.196981390654594 -9.556053000690534 -14.576652807294597 5.0205998066040625
/home/ashley/reuse/Git_Scripts/Repos/openjpa_buggy/306/b/TableJDBCSeq.java -9.014017720637844 -5.454483929883081 -9.014017720637844 -6.9045541423930885 -2.109463578244755
/home/ashley/reuse/Git_Scripts/Repos/openjpa_buggy/306/b/Table.java -9.148775344986571 -6.023938741631655 -9.148775344986571 -8.815695490588373 -0.3330798543981981
/home/ashley/reuse/Git_Scripts/Repos/openjpa_buggy/307/b/TestMethodQLQuery.java -9.843165154576102 -6.723403883073974 -9.843165154576102 -10.606512656359556 0.7633475017834535
/home/ashley/reuse/Git_Scripts/Repos/openjpa_buggy/308/b/AbstractOpenJpaMojo.java -7.2417301205627505 -4.834639035290952 -7.2417301205627505 -7.262215920055149 0.02048579949239837
/home/ashley/reuse/Git_Scripts/Repos/openjpa_buggy/309/b/ClassMapping.java -9.688370936502034 -6.4080442296004705 -9.688370936502034 -9.463007044886972 -0.22536389161506243
/home/ashley/reuse/Git_Scripts/Repos/openjpa_buggy/311/b/TestNoSchemaManualDelimitedJoinAnnotations.java -10.231157617209186 -6.87036674893859 -10.231157617209186 -10.457628554048453 0.22647093683926656
/home/ashley/reuse/Git_Scripts/Repos/openjpa_buggy/311/b/EntityE.java -9.148516688745167 -6.109673732693451 -9.148516688745167 -9.148516688745167 0.0
/home/ashley/reuse/Git_Scripts/Repos/openjpa_buggy/311/b/TestNoSchemaManualDelimId.java -9.261243432733131 -6.188099449410851 -9.261243432733131 -9.324245088738119 0.06300165600498708
/home/ashley/reuse/Git_Scripts/Repos/openjpa_buggy/311/b/TestNoSchemaManualDelimIdSeqGen.java -10.149110845247689 -6.867819368964602 -10.149110845247689 -10.5903765341715 0.4412656889238118
/home/ashley/reuse/Git_Scripts/Repos/openjpa_buggy/311/b/TestNoSchemaManualDelimInheritance.java -10.642709328377585 -7.165022155025929 -10.642709328377585 -10.963500212388967 0.320790884011382
/home/ashley/reuse/Git_Scripts/Repos/openjpa_buggy/312/b/TestTablePerClassInheritanceWithAbstractRoot.java -9.018862623095748 -6.0161625373633925 -9.018862623095748 -9.018862623095748 0.0
/home/ashley/reuse/Git_Scripts/Repos/openjpa_buggy/313/b/MethodLifecycleCallbacks.java -7.274951094993965 -3.8489566839793654 -7.274951094993965 -4.086546602743524 -3.1884044922504415
/home/ashley/reuse/Git_Scripts/Repos/openjpa_buggy/314/b/Broker.java -10.732853198684989 -7.155235465789993 -10.732853198684989 -10.732853198684989 0.0
/home/ashley/reuse/Git_Scripts/Repos/openjpa_buggy/314/b/AbstractBrokerFactory.java -8.126087639929615 -6.024935412128606 -8.126087639929615 -11.650548812237034 3.5244611723074186
/home/ashley/reuse/Git_Scripts/Repos/openjpa_buggy/314/b/BrokerImpl.java -8.440569846264639 -5.785609660903077 -8.440569846264639 -9.196718413203914 0.7561485669392756
/home/ashley/reuse/Git_Scripts/Repos/openjpa_buggy/314/b/DelegatingBroker.java -7.775841505926793 -5.183894337284529 -7.775841505926793 -7.775841505926793 0.0
/home/ashley/reuse/Git_Scripts/Repos/openjpa_buggy/315/b/JDBCExpressionFactory.java -13.706327041016074 -8.669420650573713 -13.706327041016074 -11.791573816190713 -1.9147532248253611
/home/ashley/reuse/Git_Scripts/Repos/openjpa_buggy/316/b/ColumnVersionStrategy.java -9.431356096226299 -6.252921125264066 -9.431356096226299 -9.271301655875508 -0.16005444035079108
/home/ashley/reuse/Git_Scripts/Repos/openjpa_buggy/317/b/ProxyManagerImpl.java -7.998822172462108 -5.590264644122437 -7.998822172462108 -9.282637483058584 1.2838153105964762
/home/ashley/reuse/Git_Scripts/Repos/openjpa_buggy/319/b/SQLBuffer.java -9.33131861277221 -6.235336629473063 -9.33131861277221 -9.393548146702 0.06222953392979136
