before_file_path change CE-Avg CE-Left CE-Right CE-Diff
/home/ashley/reuse/Git_Scripts/Repos/derby/1/b/SQLState.java -3.220990742441077 -2.0477900103097357 -3.220990742441077 -2.810604662934754 -0.4103860795063232
/home/ashley/reuse/Git_Scripts/Repos/derby/1/b/SQLStateConstants.java -5.820699175520903 -3.855309124359064 -5.820699175520903 -5.708941751350902 -0.11175742417000123
/home/ashley/reuse/Git_Scripts/Repos/derby/3/b/ClientConnectionPoolDataSource.java -3.0294723683546327 -1.644285989403008 -3.0294723683546327 -1.794840002795384 -1.2346323655592488
/home/ashley/reuse/Git_Scripts/Repos/derby/3/b/ClientXADataSource.java -3.2150303978813444 -1.786127998822969 -3.2150303978813444 -2.002628362316662 -1.2124020355646823
/home/ashley/reuse/Git_Scripts/Repos/derby/4/b/DatabaseClassLoadingTest.java -3.1930699302020185 -1.9154845915929288 -3.1930699302020185 -2.393128150904146 -0.7999417792978725
/home/ashley/reuse/Git_Scripts/Repos/derby/5/b/NetworkServerTestSetup.java -3.7154522090798725 -1.3803610422341046 -3.7154522090798725 -1.0976197517513262 -2.6178324573285465
/home/ashley/reuse/Git_Scripts/Repos/derby/6/b/ValueNode.java -3.2341163884873616 -2.1558013138020575 -3.2341163884873616 -3.2316314738592498 -0.002484914628111845
/home/ashley/reuse/Git_Scripts/Repos/derby/7/b/SQLState.java -3.1436456253956884 -1.9810479921362258 -3.1436456253956884 -2.67792034755929 -0.4657252778363983
/home/ashley/reuse/Git_Scripts/Repos/derby/7/b/ResultSet.java -1.795445718824099 -1.168150155180239 -1.795445718824099 -1.671740019074018 -0.12370569975008117
/home/ashley/reuse/Git_Scripts/Repos/derby/7/b/splitmessages.java -3.7433822578099964 -2.250679518981414 -3.7433822578099964 -2.8221137270717107 -0.9212685307382857
/home/ashley/reuse/Git_Scripts/Repos/derby/8/b/OptimizerImpl.java -3.5515258256760895 -2.3238913033663016 -3.5515258256760895 -3.3609505971639173 -0.19057522851217223
/home/ashley/reuse/Git_Scripts/Repos/derby/10/b/NetworkServerControl.java -4.004031504276565 -2.527297112847832 -4.004031504276565 -3.4233965920889324 -0.5806349121876324
/home/ashley/reuse/Git_Scripts/Repos/derby/11/b/derbyStress.java -3.043703378872919 -2.0291355859152795 -3.043703378872919 -3.043703378872919 0.0
/home/ashley/reuse/Git_Scripts/Repos/derby/12/b/TestJDBC40Exception.java -3.74761352258437 -2.6814210175769073 -3.74761352258437 -4.7047154835760665 0.9571019609916966
/home/ashley/reuse/Git_Scripts/Repos/derby/12/b/TestDbMetaData.java -3.4617212478645167 -1.5958823743328985 -3.4617212478645167 -1.4799353198909522 -1.9817859279735646
/home/ashley/reuse/Git_Scripts/Repos/derby/14/b/LuceneSupportPermsTest.java -3.452021577021444 -2.302226766034928 -3.452021577021444 -3.4559803173620653 0.0039587403406211585
/home/ashley/reuse/Git_Scripts/Repos/derby/16/b/CollationTest2.java -2.8309331216909652 -1.645169467649355 -2.8309331216909652 -1.9635459571355625 -0.8673871645554028
/home/ashley/reuse/Git_Scripts/Repos/derby/17/b/AnsiSignatures.java -3.8641674205736996 -2.574611694290055 -3.8641674205736996 -3.8568648800202094 -0.007302540553490111
/home/ashley/reuse/Git_Scripts/Repos/derby/18/b/DateTime.java -2.302466733797787 -1.5416222606484669 -2.302466733797787 -2.3326278211188503 0.030161087321063373
/home/ashley/reuse/Git_Scripts/Repos/derby/19/b/CatalogRowFactory.java -4.09174328491476 -2.7471295324820795 -4.09174328491476 -4.17984302071436 0.08809973579959962
/home/ashley/reuse/Git_Scripts/Repos/derby/20/b/EmbedClob.java -3.2248166419759006 -2.1588957049469535 -3.2248166419759006 -3.2643598481565776 0.03954320618067708
/home/ashley/reuse/Git_Scripts/Repos/derby/20/b/EmbedDatabaseMetaData.java -3.024384122499768 -1.995772613176842 -3.024384122499768 -2.933557255704935 -0.0908268667948331
/home/ashley/reuse/Git_Scripts/Repos/derby/20/b/EmbedBlob.java -3.5395675920540874 -2.3594750468196053 -3.5395675920540874 -3.538502740191255 -0.0010648518628322279
/home/ashley/reuse/Git_Scripts/Repos/derby/20/b/EmbedResultSet.java -2.84202806830803 -1.799648539615546 -2.84202806830803 -2.4533538514002364 -0.38867421690779347
/home/ashley/reuse/Git_Scripts/Repos/derby/20/b/EmbedPreparedStatement.java -2.899074970580428 -1.8909302138976094 -2.899074970580428 -2.7188300181526306 -0.1802449524277976
/home/ashley/reuse/Git_Scripts/Repos/derby/20/b/UTF8Reader.java -4.560882228539373 -3.040588152359582 -4.560882228539373 -4.560882228539373 0.0
/home/ashley/reuse/Git_Scripts/Repos/derby/20/b/StoreStreamClob.java -4.341826322330875 -2.897291933525085 -4.341826322330875 -4.350057272704962 0.008230950374087165
/home/ashley/reuse/Git_Scripts/Repos/derby/20/b/EmbedStatement.java -3.7003194927422243 -2.3752340414276167 -3.7003194927422243 -3.315670896823074 -0.38464859591915035
/home/ashley/reuse/Git_Scripts/Repos/derby/20/b/EmbedConnection.java -3.23002208307385 -2.004205333204916 -3.23002208307385 -2.640536395818719 -0.5894856872551308
/home/ashley/reuse/Git_Scripts/Repos/derby/20/b/InterruptStatus.java -2.9001964682324997 -1.7892488956984323 -2.9001964682324997 -2.331624178743756 -0.5685722894887437
/home/ashley/reuse/Git_Scripts/Repos/derby/20/b/TransactionResourceImpl.java -3.4773608291486453 -2.242490399068732 -3.4773608291486453 -3.157395336188787 -0.3199654929598581
/home/ashley/reuse/Git_Scripts/Repos/derby/21/b/SetRoleConstantAction.java -3.19114771595202 -1.9980795530669826 -3.19114771595202 -2.6675569853554015 -0.5235907305966183
/home/ashley/reuse/Git_Scripts/Repos/derby/21/b/RolesTest.java -3.4622514334959607 -2.2541712963639204 -3.4622514334959607 -3.230128350884564 -0.23212308261139647
/home/ashley/reuse/Git_Scripts/Repos/derby/22/b/testSecMec.java -3.1123767328777996 -1.6658448180470382 -3.1123767328777996 -1.7921266026409266 -1.320250130236873
/home/ashley/reuse/Git_Scripts/Repos/derby/24/b/MissingPermissionsTest.java -3.9124997312648255 -2.6937498149762615 -3.9124997312648255 -4.320121394129307 0.40762166286448176
/home/ashley/reuse/Git_Scripts/Repos/derby/26/b/SlaveDatabase.java -3.5853697573299974 -2.407415670911772 -3.5853697573299974 -3.6637571189446265 0.07838736161462911
/home/ashley/reuse/Git_Scripts/Repos/derby/27/b/utilMain.java -4.136603170398981 -2.858360711301742 -4.136603170398981 -4.625063068576725 0.4884598981777435
/home/ashley/reuse/Git_Scripts/Repos/derby/28/b/FormatableBitSet.java -3.5978561180585964 -2.6563681039259364 -3.5978561180585964 -5.0735674109797895 1.475711292921193
/home/ashley/reuse/Git_Scripts/Repos/derby/29/b/ClientJDBCObjectFactoryImpl.java -2.897629913871611 -1.8580766622907032 -2.897629913871611 -2.5878079354178953 -0.30982197845371573
/home/ashley/reuse/Git_Scripts/Repos/derby/29/b/ClientJDBCObjectFactoryImpl40.java -2.9591972615876676 -2.123197627258464 -2.9591972615876676 -3.7577532013121373 0.7985559397244697
/home/ashley/reuse/Git_Scripts/Repos/derby/29/b/ClientJDBCObjectFactory.java -3.510959058137038 -2.3744862150693202 -3.510959058137038 -3.667806026369964 0.1568469682329261
/home/ashley/reuse/Git_Scripts/Repos/derby/29/b/NetPreparedStatement.java -0.7507919450223564 -0.5338638120335266 -0.7507919450223564 -0.9238558509936114 0.1730639059712551
/home/ashley/reuse/Git_Scripts/Repos/derby/31/b/GeneratedColumnsTest.java -3.1715854628561004 -1.3149481060217156 -3.1715854628561004 -1.1231246323136026 -2.048460830542498
/home/ashley/reuse/Git_Scripts/Repos/derby/31/b/TableElementList.java -3.621420126453089 -2.2785270935524964 -3.621420126453089 -3.071734477656096 -0.5496856487969928
/home/ashley/reuse/Git_Scripts/Repos/derby/31/b/CreateTableNode.java -3.625626915036196 -2.3981419406665747 -3.625626915036196 -3.539879440438939 -0.08574747459725707
/home/ashley/reuse/Git_Scripts/Repos/derby/31/b/AlterTableNode.java -3.4511869315125367 -2.2505795504115893 -3.4511869315125367 -3.2346839004052286 -0.21650303110730817
/home/ashley/reuse/Git_Scripts/Repos/derby/32/b/Configuration.java -3.476154050784079 -2.5905541220988675 -3.476154050784079 -5.074228801046308 1.5980747502622292
/home/ashley/reuse/Git_Scripts/Repos/derby/33/b/IndexSplitDeadlockTest.java -2.7691937963753768 -1.413913831906121 -2.7691937963753768 -1.444499112571581 -1.3246946838037958
/home/ashley/reuse/Git_Scripts/Repos/derby/34/b/Version.java -5.778673965215392 -3.874070199129094 -5.778673965215392 -5.8770724383072945 0.09839847309190297
/home/ashley/reuse/Git_Scripts/Repos/derby/35/b/ConcurrencyTest.java -3.5156817574933408 -2.329393187587712 -3.5156817574933408 -3.450952870500314 -0.0647288869930267
/home/ashley/reuse/Git_Scripts/Repos/derby/36/b/DriverTest.java -4.472084737720505 -2.8158598069393994 -4.472084737720505 -3.800055260599675 -0.6720294771208297
/home/ashley/reuse/Git_Scripts/Repos/derby/37/b/NestedLoopJoinStrategy.java -3.0170966011438116 -2.0006759977734014 -3.0170966011438116 -2.9662287975418082 -0.05086780360200338
/home/ashley/reuse/Git_Scripts/Repos/derby/37/b/InsertNode.java -3.054335305209147 -2.036682249024347 -3.054335305209147 -3.056400440642013 0.0020651354328662386
/home/ashley/reuse/Git_Scripts/Repos/derby/37/b/UpdateNode.java -3.159701194115253 -2.126366615562941 -3.159701194115253 -3.2509717925697514 0.09127059845449859
/home/ashley/reuse/Git_Scripts/Repos/derby/37/b/DeleteNode.java -3.1626139715896877 -2.14594391851676 -3.1626139715896877 -3.3377555473556346 0.1751415757659469
/home/ashley/reuse/Git_Scripts/Repos/derby/37/b/BaseJoinStrategy.java -2.8545394312869474 -1.9585562344003504 -2.8545394312869474 -3.1159966188452253 0.26145718755827785
/home/ashley/reuse/Git_Scripts/Repos/derby/37/b/FromBaseTable.java -3.282067151024502 -2.1883749884132584 -3.282067151024502 -3.2833057604105025 0.001238609386000622
/home/ashley/reuse/Git_Scripts/Repos/derby/37/b/HashJoinStrategy.java -2.7828223894595183 -1.8482008812163404 -2.7828223894595183 -2.7502060932867627 -0.03261629617275563
/home/ashley/reuse/Git_Scripts/Repos/derby/37/b/DataTypeDescriptor.java -2.875071736769788 -1.9157636051813995 -2.875071736769788 -2.8701873507230355 -0.004884386046752454
/home/ashley/reuse/Git_Scripts/Repos/derby/37/b/ResultColumnList.java -2.9825974915324514 -2.0237241912820028 -2.9825974915324514 -3.147175405883491 0.16457791435103974
/home/ashley/reuse/Git_Scripts/Repos/derby/40/b/Changes10_3.java -4.216507865653195 -2.2241274314247006 -4.216507865653195 -2.3534789460148287 -1.8630289196383667
/home/ashley/reuse/Git_Scripts/Repos/derby/41/b/StatementSchemaPermission.java -2.9296357444019616 -1.8538151494659716 -2.9296357444019616 -2.517010991669291 -0.4126247527326705
/home/ashley/reuse/Git_Scripts/Repos/derby/42/b/ReplicationRun_Local_3_p3.java -2.3890213986595534 -1.3773614072386267 -2.3890213986595534 -1.623567662158179 -0.7654537365013745
/home/ashley/reuse/Git_Scripts/Repos/derby/44/b/ClientDataSource.java -2.7893697484476605 -1.862414557652554 -2.7893697484476605 -2.7893697484476605 0.0
/home/ashley/reuse/Git_Scripts/Repos/derby/44/b/ClobOutputStream.java -4.5019938222889895 -3.001329214859326 -4.5019938222889895 -4.5019938222889895 0.0
/home/ashley/reuse/Git_Scripts/Repos/derby/44/b/PreparedStatement40.java -2.7267042405957373 -1.8690253182589391 -2.7267042405957373 -2.9709714954824387 0.2442672548867013
/home/ashley/reuse/Git_Scripts/Repos/derby/44/b/ClientDriver.java -3.3501417929558936 -2.194393788395122 -3.3501417929558936 -3.180420953224648 -0.16972083973124574
/home/ashley/reuse/Git_Scripts/Repos/derby/44/b/Configuration.java -3.3445155895036947 -2.3685837896726327 -3.3445155895036947 -4.058565061091949 0.7140494715882544
/home/ashley/reuse/Git_Scripts/Repos/derby/44/b/NetResultSet40.java -3.449681466194261 -1.749994660454797 -3.449681466194261 -1.7758931015186101 -1.6737883646756508
/home/ashley/reuse/Git_Scripts/Repos/derby/44/b/NetCallableStatement.java -3.130589728259668 -2.063015350880795 -3.130589728259668 -3.018029198704264 -0.11256052955540419
/home/ashley/reuse/Git_Scripts/Repos/derby/44/b/NetConnection40.java -0.7782861765142901 -0.3672935474097289 -0.7782861765142901 -0.34776717443168814 -0.43051900208260196
/home/ashley/reuse/Git_Scripts/Repos/derby/44/b/ClientConnectionPoolDataSource.java -3.0107054143023886 -2.0151815799138233 -3.0107054143023886 -3.0471988132636296 0.03649339896124104
/home/ashley/reuse/Git_Scripts/Repos/derby/44/b/ClientJDBCObjectFactoryImpl.java -2.840318922276201 -1.6911283577008085 -2.840318922276201 -2.0882774578208756 -0.7520414644553255
/home/ashley/reuse/Git_Scripts/Repos/derby/44/b/PreparedStatement.java -1.6403555370815486 -1.0446451796200882 -1.6403555370815486 -1.4382740565210175 -0.2020814805605311
/home/ashley/reuse/Git_Scripts/Repos/derby/44/b/ClientPooledConnection.java -2.863811630215563 -1.8538286658546466 -2.863811630215563 -2.6261315762839215 -0.2376800539316415
/home/ashley/reuse/Git_Scripts/Repos/derby/44/b/NetStatementReply.java -4.473877595493256 -2.9624687075673273 -4.473877595493256 -4.384072577772919 -0.08980501772033733
/home/ashley/reuse/Git_Scripts/Repos/derby/44/b/NetConnection.java -3.5128034310541834 -2.2597414004102316 -3.5128034310541834 -3.1670064402318054 -0.3457969908223779
/home/ashley/reuse/Git_Scripts/Repos/derby/44/b/ClientJDBCObjectFactoryImpl40.java -2.914482510415828 -1.6898075523630323 -2.914482510415828 -2.0092736567898744 -0.9052088536259535
/home/ashley/reuse/Git_Scripts/Repos/derby/44/b/ClientJDBCObjectFactory.java -3.489699892862898 -2.077091680572191 -3.489699892862898 -2.565618177812032 -0.9240817150508662
/home/ashley/reuse/Git_Scripts/Repos/derby/44/b/Blob.java -2.701230721698719 -1.7336896414963543 -2.701230721698719 -2.4201017493341492 -0.2811289723645696
/home/ashley/reuse/Git_Scripts/Repos/derby/44/b/NetPreparedStatement.java -0.7337454414758832 -0.4843544346821139 -0.7337454414758832 -0.7125213997802998 -0.02122404169558334
/home/ashley/reuse/Git_Scripts/Repos/derby/44/b/BlobOutputStream.java -6.086035694068574 -4.0605418680991265 -6.086035694068574 -6.086035694068574 0.0
/home/ashley/reuse/Git_Scripts/Repos/derby/45/b/NetServlet.java -4.112957092076147 -2.6824414897468793 -4.112957092076147 -3.85541276316918 -0.2575443289069672
/home/ashley/reuse/Git_Scripts/Repos/derby/45/b/NetworkServerControl.java -3.3730963754975205 -1.323881357166422 -3.3730963754975205 -1.0895829299268969 -2.2835134455706236
/home/ashley/reuse/Git_Scripts/Repos/derby/47/b/IdUtil.java -3.838012420224115 -2.566118857002529 -3.838012420224115 -3.8701617065522784 0.032149286328163384
/home/ashley/reuse/Git_Scripts/Repos/derby/47/b/AuthenticationTest.java -2.3949993413181403 -1.5244398424065229 -2.3949993413181403 -2.0969459428145414 -0.2980533985035989
/home/ashley/reuse/Git_Scripts/Repos/derby/48/b/SQLBinary.java -3.316241204217883 -2.0826349757086433 -3.316241204217883 -2.798649973350982 -0.5175912308669006
/home/ashley/reuse/Git_Scripts/Repos/derby/50/b/checkDataSource.java -3.392466434945553 -2.2616442899637024 -3.392466434945553 -3.392466434945553 0.0
/home/ashley/reuse/Git_Scripts/Repos/derby/51/b/AbstractPool.java -3.8686998285474017 -2.4892526733619915 -3.8686998285474017 -3.488511935926603 -0.3801878926207989
/home/ashley/reuse/Git_Scripts/Repos/derby/52/b/IndexChanger.java -3.5180299525431007 -2.3429396773037703 -3.5180299525431007 -3.5056479729477004 -0.012381979595400328
/home/ashley/reuse/Git_Scripts/Repos/derby/52/b/ConstraintCharacteristicsTest.java -3.249029170044728 -1.867463646508357 -3.249029170044728 -2.1958581616791544 -1.0531710083655734
/home/ashley/reuse/Git_Scripts/Repos/derby/53/b/RoutineTest.java -3.126576418658555 -1.7290983125895545 -3.126576418658555 -1.934254993408058 -1.192321425250497
/home/ashley/reuse/Git_Scripts/Repos/derby/56/b/DMLModStatementNode.java -3.1274847520646105 -2.072737543874475 -3.1274847520646105 -3.072480042637226 -0.05500470942738467
/home/ashley/reuse/Git_Scripts/Repos/derby/57/b/AllPackages.java -4.726962538741866 -3.066832727155756 -4.726962538741866 -4.3613411269054785 -0.3656214118363872
/home/ashley/reuse/Git_Scripts/Repos/derby/59/b/ValueNodeList.java -2.3536651782001017 -1.5502742457664553 -2.3536651782001017 -2.269734173373812 -0.08393100482628979
/home/ashley/reuse/Git_Scripts/Repos/derby/59/b/SimpleStringOperatorNode.java -2.610434062469061 -1.7856769518230986 -2.610434062469061 -2.8192687874665863 0.2088347249975251
/home/ashley/reuse/Git_Scripts/Repos/derby/59/b/ValueNode.java -3.246638671167491 -2.2360664611742593 -3.246638671167491 -3.5903175587010563 0.34367888753356546
/home/ashley/reuse/Git_Scripts/Repos/derby/59/b/UnaryArithmeticOperatorNode.java -3.265512682779254 -2.2018885518168685 -3.265512682779254 -3.3758616720596546 0.11034898928040038
/home/ashley/reuse/Git_Scripts/Repos/derby/59/b/UnaryOperatorNode.java -3.196301095863505 -2.1992700313386875 -3.196301095863505 -3.523332441159179 0.3270313452956737
/home/ashley/reuse/Git_Scripts/Repos/derby/59/b/BinaryListOperatorNode.java -2.8767643152644515 -1.9854002695634962 -2.8767643152644515 -3.20028136064149 0.3235170453770384
/home/ashley/reuse/Git_Scripts/Repos/derby/60/b/PreparedStatementTest.java -3.554439335601168 -1.3912297712001447 -3.554439335601168 -1.1427427425472847 -2.4116965930538834
/home/ashley/reuse/Git_Scripts/Repos/derby/61/b/BatchUpdateException.java -3.429263015381061 -2.3672976944888617 -3.429263015381061 -3.822199402560141 0.3929363871790801
/home/ashley/reuse/Git_Scripts/Repos/derby/61/b/ResultSet.java -1.858361593678712 -1.1524489207245918 -1.858361593678712 -1.5168826874840537 -0.34147890619465815
/home/ashley/reuse/Git_Scripts/Repos/derby/61/b/PreparedStatement.java -1.7193100938658992 -1.0879646872316107 -1.7193100938658992 -1.481398810279532 -0.23791128358636726
/home/ashley/reuse/Git_Scripts/Repos/derby/61/b/Savepoint.java -5.091500043350681 -3.09440304358813 -5.091500043350681 -3.9229590497947875 -1.1685409935558937
/home/ashley/reuse/Git_Scripts/Repos/derby/61/b/SqlException.java -3.3861935893107646 -1.9201668900120195 -3.3861935893107646 -2.2175778983001 -1.1686156910106646
/home/ashley/reuse/Git_Scripts/Repos/derby/62/b/CheapDateFormatter.java -6.610429408351316 -5.14662487081795 -6.610429408351316 -11.583990582253735 4.973561173902419
/home/ashley/reuse/Git_Scripts/Repos/derby/63/b/CreateIndexNode.java -3.0494845754583046 -2.118607429755939 -3.0494845754583046 -3.4669903267698947 0.41750575131159007
/home/ashley/reuse/Git_Scripts/Repos/derby/63/b/WindowNode.java -3.5809711345854804 -2.1741610459983276 -3.5809711345854804 -2.767114058543326 -0.8138570760421544
/home/ashley/reuse/Git_Scripts/Repos/derby/63/b/SingleChildResultSetNode.java -3.0310639887170496 -2.002697432099399 -3.0310639887170496 -2.94900893405941 -0.08205505465763974
/home/ashley/reuse/Git_Scripts/Repos/derby/63/b/GroupByList.java -3.4525898107021167 -2.292293234974356 -3.4525898107021167 -3.4104850569130662 -0.04210475378905043
/home/ashley/reuse/Git_Scripts/Repos/derby/63/b/GroupByNode.java -3.1364546606578254 -2.124140473671421 -3.1364546606578254 -3.2906139092902613 0.1541592486324359
/home/ashley/reuse/Git_Scripts/Repos/derby/63/b/ParameterNode.java -3.276187856247674 -2.1550589320564546 -3.276187856247674 -3.148780550726931 -0.12740730552074275
/home/ashley/reuse/Git_Scripts/Repos/derby/63/b/ColumnDefinitionNode.java -3.4784450896812875 -2.3176747221605245 -3.4784450896812875 -3.472652508349595 -0.005792581331692581
/home/ashley/reuse/Git_Scripts/Repos/derby/63/b/QueryTreeNodeVector.java -4.196997652750616 -2.7724459380422637 -4.196997652750616 -4.0749373183305755 -0.12206033442004038
/home/ashley/reuse/Git_Scripts/Repos/derby/63/b/DeleteNode.java -3.1593270612116724 -2.1451662902342434 -3.1593270612116724 -3.3413252146423895 0.18199815343071712
/home/ashley/reuse/Git_Scripts/Repos/derby/63/b/CompilerContextImpl.java -3.7184111160355457 -2.465961996672788 -3.7184111160355457 -3.6606119795168586 -0.05779913651868718
/home/ashley/reuse/Git_Scripts/Repos/derby/63/b/JoinNode.java -3.542484881956212 -2.3853474782120574 -3.542484881956212 -3.6505438227664357 0.10805894081022371
/home/ashley/reuse/Git_Scripts/Repos/derby/63/b/ResultSetNode.java -3.0736976506533575 -2.08275651617631 -3.0736976506533575 -3.229264388890507 0.1555667382371495
/home/ashley/reuse/Git_Scripts/Repos/derby/63/b/IndexToBaseRowNode.java -3.7603506666297166 -2.486079012157188 -3.7603506666297166 -3.665190772208883 -0.09515989442083361
/home/ashley/reuse/Git_Scripts/Repos/derby/63/b/DistinctNode.java -2.6228089719840852 -1.7337211848708358 -2.6228089719840852 -2.557238747684483 -0.06557022429960213
/home/ashley/reuse/Git_Scripts/Repos/derby/63/b/RowResultSetNode.java -2.89115008653671 -1.936038004377261 -2.89115008653671 -2.929020247310011 0.03787016077330119
/home/ashley/reuse/Git_Scripts/Repos/derby/63/b/FromBaseTable.java -3.2802305896604773 -2.1886879680433267 -3.2802305896604773 -3.2884008371854825 0.00817024752500517
/home/ashley/reuse/Git_Scripts/Repos/derby/63/b/UntypedNullConstantNode.java -2.132370831485278 -1.3116381733236782 -2.132370831485278 -1.695978661320849 -0.4363921701644289
/home/ashley/reuse/Git_Scripts/Repos/derby/63/b/RowCountNode.java -3.15710702352498 -2.078847605939025 -3.15710702352498 -3.0433976603895467 -0.11370936313543334
/home/ashley/reuse/Git_Scripts/Repos/derby/63/b/CreateAliasNode.java -3.7777487934324157 -2.5066578829181294 -3.7777487934324157 -3.7233333808687887 -0.05441541256362692
/home/ashley/reuse/Git_Scripts/Repos/derby/63/b/TableElementList.java -3.6463830676155955 -2.4361684353983333 -3.6463830676155955 -3.670094170164238 0.023711102548642504
/home/ashley/reuse/Git_Scripts/Repos/derby/63/b/CreateTriggerNode.java -3.6820308694133974 -2.492010337102357 -3.6820308694133974 -3.8552523838764694 0.173221514463072
/home/ashley/reuse/Git_Scripts/Repos/derby/63/b/PredicateList.java -3.4395341847210084 -2.306298743900469 -3.4395341847210084 -3.4999758585387393 0.06044167381773091
/home/ashley/reuse/Git_Scripts/Repos/derby/63/b/WindowReferenceNode.java -2.693787808961472 -1.5278199513512827 -2.693787808961472 -1.764895461043723 -0.9288923479177489
/home/ashley/reuse/Git_Scripts/Repos/derby/63/b/SelectNode.java -2.4554019972736634 -1.6300274400638077 -2.4554019972736634 -2.424237679158499 -0.031164318115164402
/home/ashley/reuse/Git_Scripts/Repos/derby/64/b/MBeanTest.java -4.294263458950527 -2.7395567950774327 -4.294263458950527 -3.7794937067734926 -0.5147697521770347
/home/ashley/reuse/Git_Scripts/Repos/derby/65/b/ClosedObjectTest.java -0.8090784390289073 -0.5360966892752516 -0.8090784390289073 -0.7944565395283849 -0.014621899500522395
/home/ashley/reuse/Git_Scripts/Repos/derby/66/b/InterruptResilienceTest.java -3.1100106702571613 -1.1717367266717713 -3.1100106702571613 -0.9400409407404458 -2.1699697295167155
/home/ashley/reuse/Git_Scripts/Repos/derby/66/b/RAFContainer4.java -3.287057911427741 -2.1998698806778103 -3.287057911427741 -3.325597546546599 0.03853963511885761
/home/ashley/reuse/Git_Scripts/Repos/derby/68/b/IsNullNode.java -3.0665737369265442 -2.0492073993892146 -3.0665737369265442 -3.088388793998176 0.02181505707163156
/home/ashley/reuse/Git_Scripts/Repos/derby/69/b/InternationalConnectTest.java -1.0432044166012464 -0.6620335720738679 -1.0432044166012464 -0.9059406775747666 -0.13726373902647981
/home/ashley/reuse/Git_Scripts/Repos/derby/70/b/EncryptionAESTest.java -3.5230626658328577 -2.33125617152491 -3.5230626658328577 -3.4456774743290146 -0.07738519150384304
/home/ashley/reuse/Git_Scripts/Repos/derby/71/b/CollationTest.java -1.9835665401459823 -1.1091610327597938 -1.9835665401459823 -1.257921531409974 -0.7256450087360082
/home/ashley/reuse/Git_Scripts/Repos/derby/73/b/UngroupedAggregatesNegativeTest.java -3.202191301594333 -2.0259909816765553 -3.202191301594333 -2.7578681066362676 -0.4443231949580655
/home/ashley/reuse/Git_Scripts/Repos/derby/75/b/RuntimeStatisticsParser.java -4.333712825485966 -2.401774502797643 -4.333712825485966 -2.691381038493098 -1.6423317869928682
/home/ashley/reuse/Git_Scripts/Repos/derby/76/b/TableFunctionTest.java -2.7007975350894675 -1.4887919072320834 -2.7007975350894675 -1.6585955088891948 -1.0422020262002727
/home/ashley/reuse/Git_Scripts/Repos/derby/77/b/SQLState.java -3.1884828354959596 -2.095696700358909 -3.1884828354959596 -3.056777972934647 -0.13170486256131264
/home/ashley/reuse/Git_Scripts/Repos/derby/78/b/UnsupportedVetter.java -0.7700324993758121 -0.38356990765301535 -0.7700324993758121 -0.3820628977258473 -0.3879696016499648
/home/ashley/reuse/Git_Scripts/Repos/derby/80/b/SystemProcedures.java -2.6433344753095054 -1.6532032113960027 -2.6433344753095054 -2.2067624781905684 -0.436571997118937
/home/ashley/reuse/Git_Scripts/Repos/derby/82/b/UTF8Reader.java -4.0984808113128945 -2.4422055402638625 -4.0984808113128945 -3.0216391921718087 -1.076841619141086
/home/ashley/reuse/Git_Scripts/Repos/derby/84/b/Connection.java -0.6545502753727971 -0.3995357504913168 -0.6545502753727971 -0.5127477260891511 -0.141802549283646
/home/ashley/reuse/Git_Scripts/Repos/derby/84/b/ClientPooledConnection.java -3.1889692336813313 -1.9388768454941945 -3.1889692336813313 -2.470992594380851 -0.7179766393004803
/home/ashley/reuse/Git_Scripts/Repos/derby/84/b/NetConnection.java -3.5745104073291483 -2.2673808924934282 -3.5745104073291483 -3.1002194142237016 -0.47429099310544665
/home/ashley/reuse/Git_Scripts/Repos/derby/85/b/NetServlet.java -4.125960830169791 -2.721215643803325 -4.125960830169791 -3.995485419624107 -0.1304754105456838
/home/ashley/reuse/Git_Scripts/Repos/derby/86/b/ScriptTestCase.java -3.982813695713529 -2.5824050091561914 -3.982813695713529 -3.663824040450432 -0.3189896552630973
/home/ashley/reuse/Git_Scripts/Repos/derby/86/b/ToolScripts.java -4.936034779530041 -3.287476288710437 -4.936034779530041 -4.921601929297497 -0.014432850232544148
/home/ashley/reuse/Git_Scripts/Repos/derby/87/b/ClobUtf8Writer.java -3.461314715042934 -2.3998448690964342 -3.461314715042934 -3.895852060221484 0.4345373451785499
/home/ashley/reuse/Git_Scripts/Repos/derby/87/b/LOBInputStream.java -3.4128306415005296 -2.078636226409671 -3.4128306415005296 -2.6585456084152677 -0.754285033085262
/home/ashley/reuse/Git_Scripts/Repos/derby/88/b/FileUtil.java -3.058550695138202 -2.3935145061409684 -3.058550695138202 -5.501428298011194 2.442877602872992
/home/ashley/reuse/Git_Scripts/Repos/derby/90/b/XMLXXETest.java -3.46496687930161 -2.3109848846257472 -3.46496687930161 -3.46496687930161 0.0
/home/ashley/reuse/Git_Scripts/Repos/derby/91/b/BlobClob4BlobTest.java -3.302725749145762 -2.1972820123050076 -3.302725749145762 -3.282199301501696 -0.02052644764406608
/home/ashley/reuse/Git_Scripts/Repos/derby/92/b/JDBCDataSource.java -3.6508417017034445 -2.4338944678022965 -3.6508417017034445 -3.6508417017034445 0.0
/home/ashley/reuse/Git_Scripts/Repos/derby/92/b/XADSAuthenticationTest.java -2.825654417130398 -2.05812016821769 -2.825654417130398 -3.7855553820928285 0.9599009649624306
/home/ashley/reuse/Git_Scripts/Repos/derby/92/b/PoolDSAuthenticationTest.java -2.8856429686380953 -2.092450063079614 -2.8856429686380953 -3.8033078765245127 0.9176649078864174
/home/ashley/reuse/Git_Scripts/Repos/derby/92/b/AuthenticationTest.java -2.1193759264196483 -1.4468214571526927 -2.1193759264196483 -2.2791055845168726 0.15972965809722428
/home/ashley/reuse/Git_Scripts/Repos/derby/96/b/BlobClob4BlobTest.java -3.3125446015562656 -2.1570526839273656 -3.3125446015562656 -3.0917211408277754 -0.22082346072849024
/home/ashley/reuse/Git_Scripts/Repos/derby/98/b/UserDefinedAggregatesTest.java -3.615853019059213 -2.4109143301728335 -3.615853019059213 -3.615853019059213 0.0
/home/ashley/reuse/Git_Scripts/Repos/derby/101/b/derbyrunjartest.java -3.868675005087936 -2.3654711294518607 -3.868675005087936 -3.0439114687271642 -0.8247635363607717
/home/ashley/reuse/Git_Scripts/Repos/derby/103/b/UpdatableResultSetTest.java -3.119794693595458 -2.081269794551651 -3.119794693595458 -3.1260111237331167 0.006216430137658602
/home/ashley/reuse/Git_Scripts/Repos/derby/104/b/StoredPage.java -3.287326516004006 -2.179544045981479 -3.287326516004006 -3.233744602947798 -0.05358191305620785
/home/ashley/reuse/Git_Scripts/Repos/derby/104/b/StoredFieldHeader.java -5.081525389416049 -3.3876835929440325 -5.081525389416049 -5.081525389416049 0.0
/home/ashley/reuse/Git_Scripts/Repos/derby/104/b/DataInputUtil.java -4.716049226506318 -3.15424071642955 -4.716049226506318 -4.716049226506318 0.0
/home/ashley/reuse/Git_Scripts/Repos/derby/105/b/ErrorStreamTest.java -3.794092133687616 -2.595070875176839 -3.794092133687616 -4.105822946833842 0.3117308131462262
/home/ashley/reuse/Git_Scripts/Repos/derby/107/b/DatabaseMetaDataTest.java -3.518347664864101 -0.7223958668183711 -3.518347664864101 -0.4545034863132564 -3.063844178550845
/home/ashley/reuse/Git_Scripts/Repos/derby/108/b/ValueNodeList.java -2.1611922421237755 -1.4188219222076202 -2.1611922421237755 -2.0641498012465855 -0.09704244087718994
/home/ashley/reuse/Git_Scripts/Repos/derby/108/b/SimpleStringOperatorNode.java -2.467100505434385 -1.6071826732510148 -2.467100505434385 -2.300477159751453 -0.16662334568293202
/home/ashley/reuse/Git_Scripts/Repos/derby/108/b/ValueNode.java -3.2310470385917034 -2.1646341040927837 -3.2310470385917034 -3.277947289838425 0.04690025124672159
/home/ashley/reuse/Git_Scripts/Repos/derby/108/b/UnaryArithmeticOperatorNode.java -3.2979168205711704 -2.1741217323732385 -3.2979168205711704 -3.1901156654193286 -0.10780115515184185
/home/ashley/reuse/Git_Scripts/Repos/derby/108/b/UnaryOperatorNode.java -3.1645913190053068 -2.086184617025817 -3.1645913190053068 -3.0594656669816818 -0.105125652023625
/home/ashley/reuse/Git_Scripts/Repos/derby/108/b/BinaryListOperatorNode.java -2.730352463358105 -1.7753922679851106 -2.730352463358105 -2.5355205730094594 -0.19483189034864568
/home/ashley/reuse/Git_Scripts/Repos/derby/110/b/DataDictionaryImpl.java -1.9726458415847397 -1.22408271574495 -1.9726458415847397 -1.6128389630385427 -0.359806878546197
/home/ashley/reuse/Git_Scripts/Repos/derby/110/b/DDLConstantAction.java -3.2245900506562775 -1.4211280536449367 -3.2245900506562775 -1.2701255869337351 -1.9544644637225423
/home/ashley/reuse/Git_Scripts/Repos/derby/111/b/DataType.java -3.2547854034141723 -2.079789795926156 -3.2547854034141723 -2.880550968365741 -0.37423443504843146
/home/ashley/reuse/Git_Scripts/Repos/derby/112/b/Submitter.java -4.746495587724763 -2.5118748492202942 -4.746495587724763 -2.666287929511526 -2.0802076582132374
/home/ashley/reuse/Git_Scripts/Repos/derby/115/b/GeneratedColumnsTest.java -3.038284195147277 -1.6586277069329358 -3.038284195147277 -1.8261630197593115 -1.2121211753879655
/home/ashley/reuse/Git_Scripts/Repos/derby/115/b/GeneratedColumnsHelper.java -3.5915729840830193 -2.0494181924638672 -3.5915729840830193 -2.3864773669747312 -1.205095617108288
/home/ashley/reuse/Git_Scripts/Repos/derby/117/b/InsertResultSet.java -0.8873170786165078 -0.5889576651729014 -0.8873170786165078 -0.8757762807922845 -0.011540797824223237
/home/ashley/reuse/Git_Scripts/Repos/derby/117/b/SQLState.java -3.202466467058 -2.122568955184544 -3.202466467058 -3.1467713980656873 -0.0556950689923128
/home/ashley/reuse/Git_Scripts/Repos/derby/117/b/LanguageConnectionContext.java -3.3231409617816805 -2.19747621702006 -3.3231409617816805 -3.24175791781968 -0.08138304396200047
/home/ashley/reuse/Git_Scripts/Repos/derby/117/b/AlterTableConstantAction.java -3.47459907373263 -2.297766826322973 -3.47459907373263 -3.392080096364059 -0.08251897736857128
/home/ashley/reuse/Git_Scripts/Repos/derby/117/b/ForeignKeyRIChecker.java -2.7058094190093613 -1.6046079112729932 -2.7058094190093613 -1.9713754338496774 -0.7344339851596839
/home/ashley/reuse/Git_Scripts/Repos/derby/117/b/CreateConstraintConstantAction.java -3.0487394270150636 -2.019946698557306 -3.0487394270150636 -2.992969803350154 -0.05576962366490967
/home/ashley/reuse/Git_Scripts/Repos/derby/117/b/SetConstraintsConstantAction.java -2.976552636591696 -1.8658986677141975 -2.976552636591696 -2.500304214737025 -0.4762484218546712
/home/ashley/reuse/Git_Scripts/Repos/derby/117/b/IndexChanger.java -3.5006038017495915 -2.322675508269871 -3.5006038017495915 -3.449781133268405 -0.05082266848118655
/home/ashley/reuse/Git_Scripts/Repos/derby/117/b/RIBulkChecker.java -4.298610799796809 -2.784045815883776 -4.298610799796809 -3.9472257207943455 -0.35138507900246374
/home/ashley/reuse/Git_Scripts/Repos/derby/117/b/TableElementList.java -3.8852768155837283 -2.5865756735539045 -3.8852768155837283 -3.8690820277961495 -0.016194787787578768
/home/ashley/reuse/Git_Scripts/Repos/derby/117/b/GenericRIChecker.java -3.8461620714130578 -2.483268051436317 -3.8461620714130578 -3.5039596816006178 -0.34220238981244
/home/ashley/reuse/Git_Scripts/Repos/derby/117/b/GenericLanguageConnectionContext.java -3.1750760970651712 -2.1158551103092234 -3.1750760970651712 -3.170901112059169 -0.004174985006002441
/home/ashley/reuse/Git_Scripts/Repos/derby/117/b/ConstraintCharacteristicsTest.java -3.213518060265876 -1.7110329400615418 -3.213518060265876 -1.8297802689220015 -1.3837377913438744
/home/ashley/reuse/Git_Scripts/Repos/derby/118/b/JDBCDriversPropertyTest.java -3.887705818481521 -2.5972488451200078 -3.887705818481521 -3.887705818481521 0.0
/home/ashley/reuse/Git_Scripts/Repos/derby/119/b/RAMTransaction.java -4.0248598609481805 -2.704106285548318 -4.0248598609481805 -4.120242053914576 0.09538219296639561
/home/ashley/reuse/Git_Scripts/Repos/derby/120/b/MaxLogNumberRecovery.java -3.24071843089513 -2.1626308253981446 -3.24071843089513 -3.24071843089513 0.0
/home/ashley/reuse/Git_Scripts/Repos/derby/120/b/MaxLogNumber.java -3.5753867765950162 -2.3845664672053504 -3.5753867765950162 -3.5753867765950162 0.0
/home/ashley/reuse/Git_Scripts/Repos/derby/121/b/CollationTest.java -1.9548776433535018 -1.2602386099035847 -1.9548776433535018 -1.7730801893280719 -0.1817974540254299
/home/ashley/reuse/Git_Scripts/Repos/derby/122/b/dbMetaDataJdbc30.java -3.639769067497746 -2.3739277103418717 -3.639769067497746 -3.4104062755474 -0.2293627919503458
/home/ashley/reuse/Git_Scripts/Repos/derby/123/b/LockFactory.java -3.7931174951090143 -2.70812965325861 -3.7931174951090143 -4.714950830573755 0.9218333354647403
/home/ashley/reuse/Git_Scripts/Repos/derby/124/b/ErrorMessageTest.java -3.8267324028750522 -2.4522020547758645 -3.8267324028750522 -3.413500863907601 -0.41323153896745124
/home/ashley/reuse/Git_Scripts/Repos/derby/125/b/SQLState.java -3.220990742441077 -2.088608049633214 -3.220990742441077 -2.9699303479904 -0.2510603944506773
/home/ashley/reuse/Git_Scripts/Repos/derby/125/b/SQLStateConstants.java -5.820699175520903 -3.846995789320015 -5.820699175520903 -5.672636875348671 -0.14806230017223232
/home/ashley/reuse/Git_Scripts/Repos/derby/126/b/EmbedResultSet.java -2.488693540298841 -1.519759133926574 -2.488693540298841 -1.9517393099776503 -0.5369542303211905
/home/ashley/reuse/Git_Scripts/Repos/derby/127/b/Agent.java -0.4050828654018944 -0.26970199933232736 -0.4050828654018944 -0.40310298824939245 -0.0019798771525019743
/home/ashley/reuse/Git_Scripts/Repos/derby/128/b/NetworkServerControlImpl.java -3.805693594963912 -2.527493841594653 -3.805693594963912 -3.762661938759078 -0.04303165620483407
/home/ashley/reuse/Git_Scripts/Repos/derby/129/b/BaseTestCase.java -3.584953936311931 -2.113853691414991 -3.584953936311931 -2.5756464041498983 -1.0093075321620328
/home/ashley/reuse/Git_Scripts/Repos/derby/130/b/DRDAConnThread.java -3.703388371980533 -2.3727439987898458 -3.703388371980533 -3.3017423297769026 -0.4016460422036303
/home/ashley/reuse/Git_Scripts/Repos/derby/130/b/BaseTypeIdImpl.java -3.371383677097208 -2.3185081921785007 -3.371383677097208 -3.7088129320957206 0.33742925499851273
/home/ashley/reuse/Git_Scripts/Repos/derby/130/b/JDBC20Translation.java -3.855395640834603 -2.7807594995674867 -3.855395640834603 -4.988166524997347 1.1327708841627437
/home/ashley/reuse/Git_Scripts/Repos/derby/130/b/SQLTypes.java -3.6830856048924625 -2.7163849888814955 -3.6830856048924625 -5.168804882798235 1.4857192779057726
/home/ashley/reuse/Git_Scripts/Repos/derby/130/b/FdocaConstants.java -0.8280146299297114 -0.6454154479001909 -0.8280146299297114 -1.4620863344394126 0.6340717045097012
/home/ashley/reuse/Git_Scripts/Repos/derby/130/b/JVMInfo.java -3.5538829974946333 -1.9602470428286187 -3.5538829974946333 -2.1857214679427086 -1.3681615295519247
/home/ashley/reuse/Git_Scripts/Repos/derby/131/b/TestConfiguration.java -4.188892297564217 -2.9976724433106288 -4.188892297564217 -5.270616907351876 1.081724609787659
/home/ashley/reuse/Git_Scripts/Repos/derby/132/b/NodeFactoryImpl.java -4.406939498432702 -4.40317449245369 -4.406939498432702 -2576.9578717085224 2572.5509322100897
/home/ashley/reuse/Git_Scripts/Repos/derby/132/b/DataDictionary.java -0.8575350644558244 -0.5339083489326077 -0.8575350644558244 -0.7073660925600892 -0.1501689718957352
/home/ashley/reuse/Git_Scripts/Repos/derby/132/b/C_NodeNames.java -5.034326733391686 -3.2702868611937213 -5.034326733391686 -4.6664740493234 -0.36785268406828653
/home/ashley/reuse/Git_Scripts/Repos/derby/132/b/GrantRoleNode.java -2.899195210675478 -1.9830718685737856 -2.899195210675478 -3.128310941610318 0.22911573093483995
/home/ashley/reuse/Git_Scripts/Repos/derby/132/b/ColumnDefinitionNode.java -3.358279916965513 -2.1854697453238785 -3.358279916965513 -3.1289885321269018 -0.2292913848386111
/home/ashley/reuse/Git_Scripts/Repos/derby/132/b/RevokeRoleNode.java -3.057928437312909 -2.0103048060112645 -3.057928437312909 -2.9260501219570965 -0.13187831535581251
/home/ashley/reuse/Git_Scripts/Repos/derby/132/b/SpecialFunctionNode.java -0.9710468293213498 -0.6479085567068502 -0.9710468293213498 -0.9722713524352481 0.0012245231138983126
/home/ashley/reuse/Git_Scripts/Repos/derby/132/b/CompilerContextImpl.java -3.644031187981416 -2.3029968291840177 -3.644031187981416 -3.128999721861993 -0.5150314661194226
/home/ashley/reuse/Git_Scripts/Repos/derby/132/b/DropRoleNode.java -2.4643539222912816 -1.5410889316863787 -2.4643539222912816 -2.0567164313859565 -0.4076374909053251
/home/ashley/reuse/Git_Scripts/Repos/derby/132/b/CreateRoleNode.java -2.440879833704021 -1.5264093607951905 -2.440879833704021 -2.037125274745461 -0.40375455895856005
/home/ashley/reuse/Git_Scripts/Repos/derby/132/b/DataDictionaryImpl.java -2.0314515088296283 -1.2524226205403826 -2.0314515088296283 -1.6329142052035799 -0.39853730362604844
/home/ashley/reuse/Git_Scripts/Repos/derby/132/b/EmptyDictionary.java -2.1908727612156 -1.3524943042780353 -2.1908727612156 -1.7665969009468028 -0.42427586026879727
/home/ashley/reuse/Git_Scripts/Repos/derby/132/b/SetRoleNode.java -2.8579163310214026 -1.8703183328396948 -2.8579163310214026 -2.7001946791990297 -0.15772165182237297
/home/ashley/reuse/Git_Scripts/Repos/derby/133/b/Conditional.java -5.048867259527731 -2.4952681577897002 -5.048867259527731 -2.4636424523677776 -2.5852248071599537
/home/ashley/reuse/Git_Scripts/Repos/derby/134/b/Driver20.java -3.74317447446555 -2.585925480111389 -3.74317447446555 -4.178348255329847 0.4351737808642966
/home/ashley/reuse/Git_Scripts/Repos/derby/134/b/InternalDriver.java -3.555930154567497 -2.200394534213655 -3.555930154567497 -2.8845705413851537 -0.6713596131823434
/home/ashley/reuse/Git_Scripts/Repos/derby/134/b/Driver169.java -3.3601751260764576 -1.9593860070215663 -3.3601751260764576 -2.3500611311209583 -1.0101139949554994
/home/ashley/reuse/Git_Scripts/Repos/derby/135/b/ParameterMappingTest.java -2.9706157866065825 -1.737865319706412 -2.9706157866065825 -2.0939071987121096 -0.8767085878944729
/home/ashley/reuse/Git_Scripts/Repos/derby/136/b/CollationTest.java -1.9572151541827896 -1.1901433257421377 -1.9572151541827896 -1.5183496945307506 -0.43886545965203894
/home/ashley/reuse/Git_Scripts/Repos/derby/138/b/ClientPooledConnection.java -2.870653570336955 -1.899209026753664 -2.870653570336955 -2.803594277588742 -0.06705929274821276
/home/ashley/reuse/Git_Scripts/Repos/derby/139/b/GenericLanguageConnectionContext.java -2.961856657480338 -1.9767279276029348 -2.961856657480338 -2.9712351176365446 0.009378460156206359
/home/ashley/reuse/Git_Scripts/Repos/derby/141/b/GrantRevokeTest.java -2.7207715360557976 -1.776116202417687 -2.7207715360557976 -2.5577616704151347 -0.1630098656406629
/home/ashley/reuse/Git_Scripts/Repos/derby/142/b/NetServlet.java -4.112957092076148 -2.747700887184006 -4.112957092076148 -4.1379177217650795 0.024960629688931313
/home/ashley/reuse/Git_Scripts/Repos/derby/143/b/RawStore.java -3.4447375345454074 -2.2925352160740466 -3.4447375345454074 -3.426994539706669 -0.017742994838738646
/home/ashley/reuse/Git_Scripts/Repos/derby/144/b/ReferencedKeyRIChecker.java -3.540633523806605 -2.3604223492044034 -3.540633523806605 -3.540633523806605 0.0
/home/ashley/reuse/Git_Scripts/Repos/derby/144/b/DeleteResultSet.java -3.104232309353783 -2.0796217175830387 -3.104232309353783 -3.148554132551586 0.04432182319780287
/home/ashley/reuse/Git_Scripts/Repos/derby/145/b/ReplicationRun_Local_3_p3.java -2.3890213986595534 -1.5939993769201988 -2.3890213986595534 -2.3890213986595534 0.0
/home/ashley/reuse/Git_Scripts/Repos/derby/146/b/Decorator.java -3.7267601118825913 -2.421448194522699 -3.7267601118825913 -3.448375621597386 -0.2783844902852053
/home/ashley/reuse/Git_Scripts/Repos/derby/147/b/IndexSplitDeadlockTest.java -2.7691937963753768 -1.1225742383001047 -2.7691937963753768 -0.9435605830201123 -1.8256332133552644
/home/ashley/reuse/Git_Scripts/Repos/derby/148/b/BatchUpdateException.java -3.60880109355349 -2.35653572985985 -3.60880109355349 -3.3878540878257253 -0.2209470057277647
/home/ashley/reuse/Git_Scripts/Repos/derby/148/b/Agent.java -3.7993665183189846 -2.5127685787159355 -3.7993665183189846 -3.706517874176292 -0.09284864414269256
/home/ashley/reuse/Git_Scripts/Repos/derby/149/b/ImportExportBinaryDataTest.java -3.2392276529686974 -2.3751498427812527 -3.2392276529686974 -4.45194342452348 1.212715771554783
/home/ashley/reuse/Git_Scripts/Repos/derby/152/b/DynamicByteArrayOutputStream.java -4.2273759156983886 -2.845349174027761 -4.2273759156983886 -4.351710501454224 0.12433458575583511
/home/ashley/reuse/Git_Scripts/Repos/derby/152/b/InputStreamUtil.java -3.8851319612943223 -2.2386146582823234 -3.8851319612943223 -2.6346349418113832 -1.250497019482939
/home/ashley/reuse/Git_Scripts/Repos/derby/153/b/DatabaseMetaDataTest.java -3.3841506137995343 -1.531603268853878 -3.3841506137995343 -1.3988761713448261 -1.9852744424547082
/home/ashley/reuse/Git_Scripts/Repos/derby/156/b/ConnectionHandling.java -2.986341332798083 -1.9007103666318073 -2.986341332798083 -2.6101093538628914 -0.37623197893519134
/home/ashley/reuse/Git_Scripts/Repos/derby/158/b/StoredPage.java -0.8260081331171897 -0.5504069150907507 -0.8260081331171897 -0.8248159998068074 -0.0011921333103822596
/home/ashley/reuse/Git_Scripts/Repos/derby/159/b/UUID.java -3.5269284647803496 -2.683532527550266 -3.5269284647803496 -5.4863331674361 1.9594047026557502
/home/ashley/reuse/Git_Scripts/Repos/derby/159/b/LanguageConnectionContext.java -3.0872570938935513 -1.9684743599965322 -3.0872570938935513 -2.7159815073648836 -0.37127558652866766
/home/ashley/reuse/Git_Scripts/Repos/derby/160/b/DataDictionaryImpl.java -1.9646435927517125 -1.128274611521116 -1.9646435927517125 -1.3251672025951369 -0.6394763901565756
/home/ashley/reuse/Git_Scripts/Repos/derby/161/b/resultsetStream.java -3.140141468740638 -2.093769597419027 -3.140141468740638 -3.140141468740638 0.0
/home/ashley/reuse/Git_Scripts/Repos/derby/162/b/BlobLocatorInputStream.java -3.5316100896695306 -2.047643635052692 -3.5316100896695306 -2.431824355749232 -1.0997857339202985
/home/ashley/reuse/Git_Scripts/Repos/derby/163/b/ReplicationRun_Local_Derby4910.java -2.881471201648779 -1.9304718129623244 -2.881471201648779 -2.9158768279371228 0.03440562628834387
/home/ashley/reuse/Git_Scripts/Repos/derby/164/b/ReferencedKeyRIChecker.java -3.0663486128746276 -1.5874829330958562 -3.0663486128746276 -1.645780328944009 -1.4205682839306186
/home/ashley/reuse/Git_Scripts/Repos/derby/165/b/GeneratedColumnsTest.java -3.1138901435819797 -1.8209745402391957 -3.1138901435819797 -2.1928402201598374 -0.9210499234221423
/home/ashley/reuse/Git_Scripts/Repos/derby/165/b/TableElementList.java -3.658712708898245 -2.3642558732938954 -3.658712708898245 -3.340620926770214 -0.31809178212803113
/home/ashley/reuse/Git_Scripts/Repos/derby/166/b/SQLExceptionFactory40.java -3.403878722592796 -1.9545240014887963 -3.403878722592796 -2.2951464415822795 -1.1087322810105165
/home/ashley/reuse/Git_Scripts/Repos/derby/167/b/JDBCDataSource.java -3.747328028646952 -2.3542507201959197 -3.747328028646952 -3.1635902694844007 -0.5837377591625512
/home/ashley/reuse/Git_Scripts/Repos/derby/167/b/JDBCClient.java -4.787313488165221 -3.0647108023947878 -4.787313488165221 -4.250059870254896 -0.5372536179103253
/home/ashley/reuse/Git_Scripts/Repos/derby/167/b/_Suite.java -3.779510527655319 -2.0955075119831 -3.779510527655319 -2.35153756513893 -1.4279729625163893
/home/ashley/reuse/Git_Scripts/Repos/derby/167/b/TestConfiguration.java -4.234313593950218 -2.1640802192038 -4.234313593950218 -2.2127564696949387 -2.0215571242552794
/home/ashley/reuse/Git_Scripts/Repos/derby/170/b/SqlException.java -2.613968426371655 -1.5541425844357681 -2.613968426371655 -1.9153650850614343 -0.6986033413102208
/home/ashley/reuse/Git_Scripts/Repos/derby/171/b/TriggerTest.java -2.7359132220775635 -1.477677074577993 -2.7359132220775635 -1.6065331831122764 -1.129380038965287
/home/ashley/reuse/Git_Scripts/Repos/derby/171/b/CreateTriggerNode.java -3.644224361213307 -2.187157294961425 -3.644224361213307 -2.735114971957637 -0.9091093892556703
/home/ashley/reuse/Git_Scripts/Repos/derby/172/b/CollationTest.java -1.7142970751892073 -1.0848812615879289 -1.7142970751892073 -1.4771158346575786 -0.2371812405316287
/home/ashley/reuse/Git_Scripts/Repos/derby/173/b/AnsiSignatures.java -3.9403922268581115 -2.6214604985579704 -3.9403922268581115 -3.9153929106110734 -0.024999316247038106
/home/ashley/reuse/Git_Scripts/Repos/derby/173/b/AnsiSignaturesTest.java -0.36679011778702336 -0.24122702348777245 -0.36679011778702336 -0.352331586173012 -0.014458531614011338
/home/ashley/reuse/Git_Scripts/Repos/derby/174/b/InsertResultSet.java -2.6789639644659133 -1.7834162803420819 -2.6789639644659133 -2.6671691978514187 -0.011794766614494634
/home/ashley/reuse/Git_Scripts/Repos/derby/174/b/UpdateResultSet.java -3.60005121736673 -2.458125007149067 -3.60005121736673 -3.8747582134662695 0.2747069960995394
/home/ashley/reuse/Git_Scripts/Repos/derby/174/b/UpdateVTIResultSet.java -3.0198433887425797 -2.033102854020177 -3.0198433887425797 -3.1110773279795154 0.09123393923693568
/home/ashley/reuse/Git_Scripts/Repos/derby/174/b/InsertVTIResultSet.java -2.842550327828112 -1.9116037975696207 -2.842550327828112 -2.918443661823523 0.0758933339954111
/home/ashley/reuse/Git_Scripts/Repos/derby/174/b/NoRowsResultSetImpl.java -3.3284103673367027 -2.030125408749343 -3.3284103673367027 -2.600847988448454 -0.7275623788882486
/home/ashley/reuse/Git_Scripts/Repos/derby/174/b/DeleteResultSet.java -3.024336518415975 -2.086599291763254 -3.024336518415975 -3.364790400774802 0.340453882358827
/home/ashley/reuse/Git_Scripts/Repos/derby/174/b/DeleteVTIResultSet.java -2.779699797856871 -1.8754177117186233 -2.779699797856871 -2.8768543538984703 0.09715455604159917
/home/ashley/reuse/Git_Scripts/Repos/derby/175/b/Connection.java -2.7455599019367933 -1.83051087966134 -2.7455599019367933 -2.746179247730147 6.19345793353876E-4
/home/ashley/reuse/Git_Scripts/Repos/derby/175/b/CallableLocatorProcedures.java -4.105639855724473 -2.619115080375957 -4.105639855724473 -3.6156939192408872 -0.4899459364835854
/home/ashley/reuse/Git_Scripts/Repos/derby/177/b/Property.java -4.053049788873749 -2.1989950982187363 -4.053049788873749 -2.4035527817739677 -1.6494970070997814
/home/ashley/reuse/Git_Scripts/Repos/derby/178/b/UpgradeClassLoader.java -3.847095535867468 -2.5062934630292704 -3.847095535867468 -3.5955905008349704 -0.25150503503249766
/home/ashley/reuse/Git_Scripts/Repos/derby/178/b/PhaseChanger.java -3.7942614530518792 -2.0276894256326528 -3.7942614530518792 -2.177546034643825 -1.616715418408054
/home/ashley/reuse/Git_Scripts/Repos/derby/179/b/holdCursorJavaReflection.java -3.123593987266 -2.0830088214081095 -3.123593987266 -3.123593987266 0.0
/home/ashley/reuse/Git_Scripts/Repos/derby/180/b/NextSequenceNode.java -2.747739318406411 -1.534773312983761 -2.747739318406411 -1.7354143063619438 -1.0123250120444673
/home/ashley/reuse/Git_Scripts/Repos/derby/181/b/NativeAuthenticationServiceImpl.java -3.6473420358566244 -2.384265541364704 -3.6473420358566244 -3.4424803135783337 -0.2048617222782907
/home/ashley/reuse/Git_Scripts/Repos/derby/182/b/BaseTestCase.java -3.7935696567094777 -2.5290464378063184 -3.7935696567094777 -3.792677262059581 -8.923946498966551E-4
/home/ashley/reuse/Git_Scripts/Repos/derby/182/b/MissingPermissionsTest.java -3.967117294695351 -2.6483304716756924 -3.967117294695351 -3.980050032412369 0.012932737717018306
/home/ashley/reuse/Git_Scripts/Repos/derby/183/b/IdUtil.java -3.785767157179944 -2.523844771453296 -3.785767157179944 -3.7842570785372716 -0.0015100786426724966
/home/ashley/reuse/Git_Scripts/Repos/derby/183/b/SystemProcedures.java -0.9335264064793384 -0.6222646916803793 -0.9335264064793384 -0.9329445283951002 -5.818780842381521E-4
/home/ashley/reuse/Git_Scripts/Repos/derby/184/b/CastNode.java -2.7251311430523075 -1.8163594062316923 -2.7251311430523075 -2.7233558133174203 -0.0017753297348872543
/home/ashley/reuse/Git_Scripts/Repos/derby/185/b/EmbedResultSet.java -2.5071364219114 -1.2297402812303022 -2.5071364219114 -1.2068013008557232 -1.3003351210556768
/home/ashley/reuse/Git_Scripts/Repos/derby/186/b/MogTest.java -6.169760062157354 -4.1202601655620095 -6.169760062157354 -6.195334197130028 0.02557413497267369
/home/ashley/reuse/Git_Scripts/Repos/derby/188/b/GroupByList.java -3.2620831817924887 -2.180318832536303 -3.2620831817924887 -3.287398683203295 0.025315501410806185
/home/ashley/reuse/Git_Scripts/Repos/derby/188/b/DefaultNode.java -2.6571478737852816 -1.7714319158568546 -2.6571478737852816 -2.6540971873630252 -0.0030506864222563657
/home/ashley/reuse/Git_Scripts/Repos/derby/188/b/GroupByNode.java -3.177470580155715 -2.1349468825463678 -3.177470580155715 -3.253514008862478 0.07604342870676284
/home/ashley/reuse/Git_Scripts/Repos/derby/188/b/FromSubquery.java -3.338904826224574 -2.045042238560047 -3.338904826224574 -2.638688785524906 -0.7002160406996678
/home/ashley/reuse/Git_Scripts/Repos/derby/188/b/OrderByColumn.java -3.853849497916919 -2.3970801405712447 -3.853849497916919 -3.170709916990326 -0.6831395809265932
/home/ashley/reuse/Git_Scripts/Repos/derby/188/b/OrderByList.java -3.4273804447698915 -2.3063475115700776 -3.4273804447698915 -3.5241150209357808 0.09673457616588932
/home/ashley/reuse/Git_Scripts/Repos/derby/188/b/AggregateNode.java -3.338332507336686 -2.0884608165898304 -3.338332507336686 -2.787587849158877 -0.550744658177809
/home/ashley/reuse/Git_Scripts/Repos/derby/188/b/ColumnDefinitionNode.java -3.4199151155223966 -2.2952387590759566 -3.4199151155223966 -3.4896802448565336 0.06976512933413703
/home/ashley/reuse/Git_Scripts/Repos/derby/188/b/QueryTreeNode.java -3.2434042605827735 -2.1172510836219387 -3.2434042605827735 -3.0482166857586774 -0.1951875748240961
/home/ashley/reuse/Git_Scripts/Repos/derby/188/b/SpecialFunctionNode.java -2.9510341931895514 -1.9418722411143678 -2.9510341931895514 -2.835672200769783 -0.11536199241976819
/home/ashley/reuse/Git_Scripts/Repos/derby/188/b/QueryTreeNodeVector.java -4.0330386695016465 -2.782179666304335 -4.0330386695016465 -4.475139105308315 0.4421004358066689
/home/ashley/reuse/Git_Scripts/Repos/derby/188/b/DDLStatementNode.java -3.0585491465611554 -2.0551978683016183 -3.0585491465611554 -3.129855871043847 0.07130672448269149
/home/ashley/reuse/Git_Scripts/Repos/derby/188/b/GroupByColumn.java -2.957797789482291 -1.7594805032295842 -2.957797789482291 -2.171456425936999 -0.7863413635452918
/home/ashley/reuse/Git_Scripts/Repos/derby/188/b/ResultSetNode.java -2.9546988010476984 -2.047649720579012 -2.9546988010476984 -3.3341866470598114 0.37948784601211294
/home/ashley/reuse/Git_Scripts/Repos/derby/188/b/DistinctNode.java -2.513467675587416 -1.721824313197679 -2.513467675587416 -2.733396097201315 0.2199284216138988
/home/ashley/reuse/Git_Scripts/Repos/derby/188/b/BaseColumnNode.java -2.8464346949665766 -1.9390142385175002 -2.8464346949665766 -3.041190753043237 0.1947560580766603
/home/ashley/reuse/Git_Scripts/Repos/derby/188/b/SubqueryList.java -3.2636520403525258 -2.145484317747806 -3.2636520403525258 -3.126181517591967 -0.13747052276055882
/home/ashley/reuse/Git_Scripts/Repos/derby/188/b/SetOperatorNode.java -3.249454831862487 -2.0545789510280414 -3.249454831862487 -2.7937050228173668 -0.4557498090451202
/home/ashley/reuse/Git_Scripts/Repos/derby/188/b/GenerationClauseNode.java -2.7659365868493637 -1.9638509446290673 -2.7659365868493637 -3.3861017408514633 0.6201651540020996
/home/ashley/reuse/Git_Scripts/Repos/derby/188/b/FromList.java -2.2855945377724676 -1.528715718326873 -2.2855945377724676 -2.3076727286971632 0.02207819092469565
/home/ashley/reuse/Git_Scripts/Repos/derby/188/b/ValueNodeList.java -2.428003796923626 -1.5839670411539317 -2.428003796923626 -2.277103917542738 -0.150899879380888
/home/ashley/reuse/Git_Scripts/Repos/derby/188/b/TableOperatorNode.java -3.4454193383011487 -2.3425232151274225 -3.4454193383011487 -3.6573244001101033 0.21190506180895463
/home/ashley/reuse/Git_Scripts/Repos/derby/188/b/TableElementList.java -3.650305215791684 -2.4047885044787383 -3.650305215791684 -3.5239238225560143 -0.12638139323566966
/home/ashley/reuse/Git_Scripts/Repos/derby/188/b/CoalesceFunctionNode.java -3.067001748489097 -2.0923125463168057 -3.067001748489097 -3.289317541637566 0.22231579314846917
/home/ashley/reuse/Git_Scripts/Repos/derby/188/b/CurrentDatetimeOperatorNode.java -2.7232306021401587 -1.8297261823529953 -2.7232306021401587 -2.782784352882786 0.059553750742627365
/home/ashley/reuse/Git_Scripts/Repos/derby/188/b/CursorNode.java -3.4287993374946035 -2.3074441339412526 -3.4287993374946035 -3.5261268198525237 0.09732748235792021
/home/ashley/reuse/Git_Scripts/Repos/derby/188/b/ExtractOperatorNode.java -3.2170238291530557 -2.1468643254571766 -3.2170238291530557 -3.22686182251438 0.009837993361324404
/home/ashley/reuse/Git_Scripts/Repos/derby/188/b/ResultColumnList.java -2.8596026280317624 -1.8835605855007576 -2.8596026280317624 -2.7590079990434866 -0.10059462898827576
/home/ashley/reuse/Git_Scripts/Repos/derby/188/b/CreateTableNode.java -3.624634552897147 -2.4107354222026083 -3.624634552897147 -3.5973543129104653 -0.02728023998668183
/home/ashley/reuse/Git_Scripts/Repos/derby/188/b/PredicateList.java -3.425635588124581 -2.304250967008174 -3.425635588124581 -3.5195435927662344 0.09390800464165361
/home/ashley/reuse/Git_Scripts/Repos/derby/188/b/AlterTableNode.java -3.490710537986099 -2.275300279533433 -3.490710537986099 -3.26562442054476 -0.225086117441339
/home/ashley/reuse/Git_Scripts/Repos/derby/188/b/OrderByNode.java -2.739364092524357 -1.708902366130849 -2.739364092524357 -2.2714602879006316 -0.4679038046237256
/home/ashley/reuse/Git_Scripts/Repos/derby/188/b/SelectNode.java -2.239897527650597 -1.415773320538883 -2.239897527650597 -1.9237027137769196 -0.3161948138736774
/home/ashley/reuse/Git_Scripts/Repos/derby/188/b/CallStatementNode.java -2.785859387937934 -1.857992120156337 -2.785859387937934 -2.7892485112809244 0.0033891233429903522
/home/ashley/reuse/Git_Scripts/Repos/derby/189/b/J2EEDataSourceTest.java -3.784528900777529 -2.481135521125432 -3.784528900777529 -3.6021086316056325 -0.18242026917189635
/home/ashley/reuse/Git_Scripts/Repos/derby/190/b/InListOperatorNode.java -3.652039914841747 -2.464269239590333 -3.652039914841747 -3.7865600510778292 0.13452013623608217
/home/ashley/reuse/Git_Scripts/Repos/derby/190/b/BetweenOperatorNode.java -2.998724651318415 -2.1086349763869454 -2.998724651318415 -3.5470146719532867 0.5482900206348718
/home/ashley/reuse/Git_Scripts/Repos/derby/190/b/BinaryRelationalOperatorNode.java -3.496905956469715 -2.3032657999775594 -3.496905956469715 -3.3730942828615813 -0.12381167360813361
/home/ashley/reuse/Git_Scripts/Repos/derby/190/b/JoinNode.java -3.549193278657687 -2.3892561942787447 -3.549193278657687 -3.654607809109491 0.10541453045180393
/home/ashley/reuse/Git_Scripts/Repos/derby/190/b/LikeEscapeOperatorNode.java -3.1934357894243965 -2.183257189783771 -3.1934357894243965 -3.449224503761584 0.25578871433718753
/home/ashley/reuse/Git_Scripts/Repos/derby/190/b/ColumnReference.java -3.654143992243695 -2.453820452806775 -3.654143992243695 -3.733726075559347 0.07958208331565197
/home/ashley/reuse/Git_Scripts/Repos/derby/190/b/Predicate.java -3.9320577726761727 -2.6288962101266176 -3.9320577726761727 -3.9661129032856266 0.034055130609453865
/home/ashley/reuse/Git_Scripts/Repos/derby/190/b/ValueNode.java -3.253638225254381 -2.2403397025474203 -3.253638225254381 -3.5952349499882463 0.3415967247338654
/home/ashley/reuse/Git_Scripts/Repos/derby/190/b/SubqueryNode.java -1.2720997459822738 -0.8604052930596927 -1.2720997459822738 -1.329045559570006 0.0569458135877321
/home/ashley/reuse/Git_Scripts/Repos/derby/190/b/PredicateList.java -0.6076193208860035 -0.407373315928102 -0.6076193208860035 -0.6180595154029451 0.01044019451694167
/home/ashley/reuse/Git_Scripts/Repos/derby/190/b/BinaryComparisonOperatorNode.java -3.370550545347265 -2.3108698814691477 -3.370550545347265 -3.670695840600812 0.30014529525354705
/home/ashley/reuse/Git_Scripts/Repos/derby/191/b/EmbedResultSet40.java -3.071114036871695 -2.0683012901380806 -3.071114036871695 -3.1600327060906976 0.08891866921900249
/home/ashley/reuse/Git_Scripts/Repos/derby/191/b/TestResultSetMethods.java -2.92433341985353 -1.8415350229633194 -2.92433341985353 -2.485741730238481 -0.4385916896150488
/home/ashley/reuse/Git_Scripts/Repos/derby/192/b/EmbedConnection.java -2.8291724008014274 -1.5990031130296412 -2.8291724008014274 -1.8384809693581765 -0.9906914314432509
/home/ashley/reuse/Git_Scripts/Repos/derby/192/b/TransactionResourceImpl.java -3.648414912689876 -2.456006136347331 -3.648414912689876 -3.753821121723787 0.10540620903391096
/home/ashley/reuse/Git_Scripts/Repos/derby/192/b/BaseMonitor.java -3.573326747021545 -2.3907869602374365 -3.573326747021545 -3.6121672551413444 0.038840508119799555
/home/ashley/reuse/Git_Scripts/Repos/derby/193/b/DDMWriter.java -4.065571750851339 -2.7178310771160383 -4.065571750851339 -4.099281659313855 0.03370990846251587
/home/ashley/reuse/Git_Scripts/Repos/derby/194/b/DatabaseMetaDataTest.java -3.0450771627338584 -1.5127399332083167 -3.0450771627338584 -1.5030666014668561 -1.5420105612670023
/home/ashley/reuse/Git_Scripts/Repos/derby/196/b/DRDAServerStarter.java -3.7362104668343386 -2.506604907981882 -3.7362104668343386 -3.8082145229403537 0.07200405610601512
/home/ashley/reuse/Git_Scripts/Repos/derby/196/b/ContextService.java -4.01644415607472 -2.5915873603464132 -4.01644415607472 -3.649990887671089 -0.36645326840363124
/home/ashley/reuse/Git_Scripts/Repos/derby/197/b/AlterTableConstantAction.java -3.328478767171584 -2.034923795824064 -3.328478767171584 -2.6178438128140886 -0.7106349543574955
/home/ashley/reuse/Git_Scripts/Repos/derby/198/b/DRDAConnThread.java -3.703388371980533 -2.3727439987898458 -3.703388371980533 -3.3017423297769026 -0.4016460422036303
/home/ashley/reuse/Git_Scripts/Repos/derby/198/b/BrokeredConnection.java -3.1251406083079525 -1.86378867603908 -3.1251406083079525 -2.3077244173731026 -0.8174161909348499
/home/ashley/reuse/Git_Scripts/Repos/derby/198/b/TriggerNewTransitionRows.java -2.786681085551906 -2.5239230939211468 -2.786681085551906 -13.383738975104796 10.59705788955289
/home/ashley/reuse/Git_Scripts/Repos/derby/198/b/JDBC20Translation.java -3.8553956408346033 -3.183237848189097 -3.8553956408346033 -9.043965475228836 5.188569834394233
/home/ashley/reuse/Git_Scripts/Repos/derby/198/b/TriggerOldTransitionRows.java -2.7870133905217442 -2.5440305317142684 -2.7870133905217442 -14.517427959583413 11.730414569061669
/home/ashley/reuse/Git_Scripts/Repos/derby/198/b/DRDAStatement.java -0.37899989821178426 -0.24482124322843415 -0.37899989821178426 -0.345760010320467 -0.033239887891317266
/home/ashley/reuse/Git_Scripts/Repos/derby/199/b/EmbedDatabaseMetaData.java -2.643183146542828 -1.6691236039139703 -2.643183146542828 -2.2642698831260364 -0.37891326341679177
/home/ashley/reuse/Git_Scripts/Repos/derby/199/b/ODBCMetadataGenerator.java -4.020680099003155 -2.6215562244914947 -4.020680099003155 -3.7667997567083753 -0.2538803422947793
/home/ashley/reuse/Git_Scripts/Repos/derby/200/b/ProtocolTest.java -5.435643368646092 -3.615816739069014 -5.435643368646092 -5.398684826477004 -0.03695854216908767
/home/ashley/reuse/Git_Scripts/Repos/derby/205/b/JDBCMBean.java -5.277525715969506 -3.333174136401793 -5.277525715969506 -4.444232181869058 -0.8332935341004477
/home/ashley/reuse/Git_Scripts/Repos/derby/205/b/JDBC.java -4.489861557745296 -2.928170581138236 -4.489861557745296 -4.209245210386214 -0.28061634735908125
/home/ashley/reuse/Git_Scripts/Repos/derby/205/b/InternalDriver.java -3.7388753291037844 -2.3757581287191516 -3.7388753291037844 -3.2582170677911537 -0.4806582613126307
/home/ashley/reuse/Git_Scripts/Repos/derby/208/b/EmbedResultSet.java -2.5071364219114 -1.3348271779899825 -2.5071364219114 -1.4272304793824089 -1.0799059425289912
/home/ashley/reuse/Git_Scripts/Repos/derby/209/b/DRDAXAProtocol.java -4.499828604671847 -2.9998857364478977 -4.499828604671847 -4.499828604671847 0.0
/home/ashley/reuse/Git_Scripts/Repos/derby/209/b/DRDAConnThread.java -3.716477714925421 -2.477683994770238 -3.716477714925421 -3.716477714925421 0.0
/home/ashley/reuse/Git_Scripts/Repos/derby/209/b/DB2jServerImpl.java -3.810248085165155 -2.5401653901101033 -3.810248085165155 -3.810248085165155 0.0
/home/ashley/reuse/Git_Scripts/Repos/derby/209/b/Database.java -4.057054276483891 -2.7047028509892606 -4.057054276483891 -4.057054276483891 0.0
/home/ashley/reuse/Git_Scripts/Repos/derby/209/b/XADatabase.java -3.9783970898292673 -2.6548907312326 -3.9783970898292673 -3.9783970898292673 0.0
/home/ashley/reuse/Git_Scripts/Repos/derby/209/b/DRDAResultSet.java -4.171602795983592 -2.7810685306557277 -4.171602795983592 -4.171602795983592 0.0
/home/ashley/reuse/Git_Scripts/Repos/derby/209/b/DRDAStatement.java -3.5197016430293786 -2.3462962867373567 -3.5197016430293786 -3.518158929181897 -0.0015427138474817248
/home/ashley/reuse/Git_Scripts/Repos/derby/210/b/GenericTriggerExecutor.java -3.728125898163199 -2.5129044179703053 -3.728125898163199 -3.8477449109384887 0.11961901277528986
/home/ashley/reuse/Git_Scripts/Repos/derby/212/b/ColumnMetaData.java -3.5081686409440898 -2.514546234459925 -3.5081686409440898 -4.439036493324561 0.9308678523804716
/home/ashley/reuse/Git_Scripts/Repos/derby/213/b/resultset.java -3.2101251472510457 -2.0495489464817953 -3.2101251472510457 -2.834103762481272 -0.37602138476977354
/home/ashley/reuse/Git_Scripts/Repos/derby/213/b/coalesceTests.java -4.0009843357188455 -2.669126842116238 -4.0009843357188455 -4.008705890048827 0.007721554329981117
/home/ashley/reuse/Git_Scripts/Repos/derby/214/b/DDMWriter.java -4.069443092865609 -2.7049057528921123 -4.069443092865609 -4.033403744441706 -0.03603934842390277
/home/ashley/reuse/Git_Scripts/Repos/derby/216/b/DatabaseClassLoadingTest.java -3.1930699302020185 -1.9161994580200954 -3.1930699302020185 -2.3953610673034036 -0.7977088628986149
/home/ashley/reuse/Git_Scripts/Repos/derby/217/b/InputStreamUtil.java -4.115814892031921 -2.746125673863921 -4.115814892031921 -4.115814892031921 0.0
/home/ashley/reuse/Git_Scripts/Repos/derby/218/b/DerbyVersion.java -7.104076937846654 -4.400953323131417 -7.104076937846654 -5.775116190188958 -1.3289607476576961
/home/ashley/reuse/Git_Scripts/Repos/derby/218/b/FilteredIssueLister.java -5.7428845218648155 -3.903245183891018 -5.7428845218648155 -6.092467661704894 0.34958313984007816
/home/ashley/reuse/Git_Scripts/Repos/derby/219/b/DRDAConnThread.java -3.7228804153859265 -2.480255907479447 -3.7228804153859265 -3.715259948291016 -0.007620467094910488
/home/ashley/reuse/Git_Scripts/Repos/derby/219/b/SystemProcedures.java -2.6270026949972975 -1.7431203161104205 -2.6270026949972975 -2.589685315518644 -0.037317379478653656
/home/ashley/reuse/Git_Scripts/Repos/derby/220/b/SetOperatorNode.java -3.2722311117990217 -2.186584341061963 -3.2722311117990217 -3.2936182432486887 0.021387131449666974
/home/ashley/reuse/Git_Scripts/Repos/derby/221/b/PropertyUtil.java -3.366440776536397 -2.1462457973997826 -3.366440776536397 -2.959321965264931 -0.40711881127146565
/home/ashley/reuse/Git_Scripts/Repos/derby/221/b/DataDictionaryImpl.java -1.9778731537292744 -1.2194779293993714 -1.9778731537292744 -1.5901818608203477 -0.3876912929089267
/home/ashley/reuse/Git_Scripts/Repos/derby/223/b/AggregateNode.java -0.48419751860456484 -0.3202200841889614 -0.48419751860456484 -0.47277776580728736 -0.011419752797277472
/home/ashley/reuse/Git_Scripts/Repos/derby/225/b/OldVersions.java -4.201382491659957 -2.7608482337263474 -4.201382491659957 -4.026068580953795 -0.1753139107061621
/home/ashley/reuse/Git_Scripts/Repos/derby/225/b/PhaseChanger.java -3.794261453051879 -2.504292186746728 -3.794261453051879 -3.6830099598296786 -0.11125149322220018
/home/ashley/reuse/Git_Scripts/Repos/derby/225/b/_Suite.java -3.4820679843246487 -2.213685831958969 -3.4820679843246487 -3.024331347887606 -0.45773663643704277
/home/ashley/reuse/Git_Scripts/Repos/derby/225/b/UpgradeRun.java -4.387626592630495 -2.8795541741977773 -4.387626592630495 -4.185058421225579 -0.20256817140491634
/home/ashley/reuse/Git_Scripts/Repos/derby/226/b/DiagUtil.java -2.659716082150157 -1.5125541936828368 -2.659716082150157 -1.7534424541582514 -0.9062736279919055
/home/ashley/reuse/Git_Scripts/Repos/derby/226/b/StatementCache.java -3.7510775481006764 -2.400821363095165 -3.7510775481006764 -3.3347994299577968 -0.4162781181428796
/home/ashley/reuse/Git_Scripts/Repos/derby/226/b/_Suite.java -3.530895159692554 -2.190672232511852 -3.530895159692554 -2.885726630016854 -0.6451685296757002
/home/ashley/reuse/Git_Scripts/Repos/derby/227/b/CreateTriggerNode.java -3.6584314050205613 -2.395443513991284 -3.6584314050205613 -3.468167433171325 -0.1902639718492365
/home/ashley/reuse/Git_Scripts/Repos/derby/228/b/EmbedResultSet.java -2.660770014809655 -1.2152132474662691 -2.660770014809655 -1.11839363334032 -1.5423763814693352
/home/ashley/reuse/Git_Scripts/Repos/derby/229/b/SecurityManagerSetup.java -4.042912932760247 -2.665704822212062 -4.042912932760247 -3.912702959741041 -0.1302099730192059
/home/ashley/reuse/Git_Scripts/Repos/derby/230/b/WorkHorseForCollatorDatatypes.java -4.300109905859148 -2.8532357787194615 -4.300109905859148 -4.23144547622467 -0.06866442963447739
/home/ashley/reuse/Git_Scripts/Repos/derby/231/b/OnlineBackupTest1.java -0.44082890731341207 -0.292094730923384 -0.44082890731341207 -0.43258645836944754 -0.008242448943964531
/home/ashley/reuse/Git_Scripts/Repos/derby/232/b/Cursor.java -2.1186390310286374 -1.4118716933620983 -2.1186390310286374 -2.1158699302169413 -0.0027691008116961235
/home/ashley/reuse/Git_Scripts/Repos/derby/233/b/DataDictionaryImpl.java -2.0903119403453387 -1.3696453921304776 -2.0903119403453387 -1.9863459212177375 -0.10396601912760128
/home/ashley/reuse/Git_Scripts/Repos/derby/234/b/DRDAConnThread.java -3.7212823615351396 -2.387478855812092 -3.7212823615351396 -3.330391896016337 -0.3908904655188028
/home/ashley/reuse/Git_Scripts/Repos/derby/234/b/Types.java -3.5286528943988773 -2.1194227079108114 -3.5286528943988773 -2.6499764819596314 -0.8786764124392459
/home/ashley/reuse/Git_Scripts/Repos/derby/234/b/SQLTypes.java -3.4955592184971223 -2.3710780142935355 -3.4955592184971223 -3.6811990865980992 0.185639868100977
/home/ashley/reuse/Git_Scripts/Repos/derby/234/b/FdocaConstants.java -3.119054267669731 -2.1333717270939494 -3.119054267669731 -3.3724605780940653 0.25340631042433426
/home/ashley/reuse/Git_Scripts/Repos/derby/235/b/DRDAXAProtocol.java -4.53119005695539 -2.8349748316872208 -4.53119005695539 -3.7866096170163233 -0.744580439939067
/home/ashley/reuse/Git_Scripts/Repos/derby/236/b/XATest.java -3.464480989535421 -2.3108492893382055 -3.464480989535421 -3.4698653960466883 0.005384406511267148
/home/ashley/reuse/Git_Scripts/Repos/derby/236/b/XATestUtil.java -4.203432186687537 -2.8229121400937465 -4.203432186687537 -4.291616078715947 0.08818389202841015
/home/ashley/reuse/Git_Scripts/Repos/derby/237/b/BaseMonitor.java -3.574209316673501 -2.3927145292321352 -3.574209316673501 -3.619170669826575 0.044961353153074146
/home/ashley/reuse/Git_Scripts/Repos/derby/238/b/GrantRevokeDDLTest.java -2.4879536504109865 -1.6513939645499007 -2.4879536504109865 -2.455647643443127 -0.032306006967859346
/home/ashley/reuse/Git_Scripts/Repos/derby/239/b/DDMReader.java -3.8744234994956095 -2.5809254246220332 -3.8744234994956095 -3.864683872800045 -0.009739626695564496
/home/ashley/reuse/Git_Scripts/Repos/derby/241/b/DRDAConnThread.java -3.7200573532496124 -2.349621871379845 -3.7200573532496124 -3.188929933057618 -0.5311274201919942
/home/ashley/reuse/Git_Scripts/Repos/derby/242/b/LobLimitsTest.java -3.6737967726464773 -2.429856420555104 -3.6737967726464773 -3.5875971362651073 -0.08619963638136996
/home/ashley/reuse/Git_Scripts/Repos/derby/243/b/TestConfiguration.java -4.176858610882817 -2.7504198429798 -4.176858610882817 -4.02685171743531 -0.1500068934475074
/home/ashley/reuse/Git_Scripts/Repos/derby/244/b/RestrictiveFilePermissionsTest.java -4.383270191702901 -2.8815073851237485 -4.383270191702901 -4.205199840164971 -0.17807035153793027
/home/ashley/reuse/Git_Scripts/Repos/derby/246/b/prepStmt.java -3.3495457181240105 -2.2331699559809923 -3.3495457181240105 -3.3495457181240105 0.0
/home/ashley/reuse/Git_Scripts/Repos/derby/247/b/EmbedResultSet.java -2.4779235220552462 -1.5585943679787562 -2.4779235220552462 -2.100291208866389 -0.37763231318885726
/home/ashley/reuse/Git_Scripts/Repos/derby/247/b/GenericPreparedStatement.java -4.014329491194565 -2.680520137383565 -4.014329491194565 -4.033744031144539 0.019414539949973886
/home/ashley/reuse/Git_Scripts/Repos/derby/247/b/PreparedStatement.java -3.0746208230554837 -2.068980768329561 -3.0746208230554837 -3.149917659538475 0.07529683648299113
/home/ashley/reuse/Git_Scripts/Repos/derby/247/b/EmbedStatement.java -3.7131415723245786 -2.4257648682463255 -3.7131415723245786 -3.4972976224590386 -0.21584394986554
/home/ashley/reuse/Git_Scripts/Repos/derby/247/b/GenericTriggerExecutor.java -3.7937872675465583 -2.536727839205744 -3.7937872675465583 -3.8210317003476106 0.027244432801052376
/home/ashley/reuse/Git_Scripts/Repos/derby/248/b/NetXAConnection.java -3.876772561153652 -2.6029008184981497 -3.876772561153652 -3.960702688766257 0.08393012761260499
/home/ashley/reuse/Git_Scripts/Repos/derby/248/b/NetXAConnectionReply.java -5.021223953338697 -3.3359822988090606 -5.021223953338697 -4.969825597910821 -0.0513983554278763
/home/ashley/reuse/Git_Scripts/Repos/derby/248/b/NetXAResource.java -3.9288011632834934 -2.685004419388417 -3.9288011632834934 -4.240583736085263 0.3117825728017696
/home/ashley/reuse/Git_Scripts/Repos/derby/249/b/OrderByColumn.java -3.754519520061143 -2.391804875511984 -3.754519520061143 -3.2929169984224633 -0.4616025216386799
/home/ashley/reuse/Git_Scripts/Repos/derby/252/b/JDBCBoot.java -2.563722116469069 -1.756956415482299 -2.563722116469069 -2.791608526821875 0.2278864103528062
/home/ashley/reuse/Git_Scripts/Repos/derby/252/b/AuthenticationService.java -2.794120427820934 -1.8745364895507535 -2.794120427820934 -2.794120427820934 0.0
/home/ashley/reuse/Git_Scripts/Repos/derby/252/b/TriggerExecutionContext.java -0.45162109747324325 -0.3017650060389398 -0.45162109747324325 -0.45162109747324325 0.0
/home/ashley/reuse/Git_Scripts/Repos/derby/252/b/ConnectionContext.java -2.5690683326897195 -1.7127122217931463 -2.5690683326897195 -2.5690683326897195 0.0
/home/ashley/reuse/Git_Scripts/Repos/derby/252/b/PropertyInfo.java -2.3954902758993595 -1.5831702536239147 -2.3954902758993595 -2.3308443614073227 -0.06464591449203683
/home/ashley/reuse/Git_Scripts/Repos/derby/252/b/OptimizerTrace.java -3.564615114988479 -2.376410076658986 -3.564615114988479 -3.564615114988479 0.0
/home/ashley/reuse/Git_Scripts/Repos/derby/252/b/BrokeredConnection30.java -3.241698703361734 -2.318620218326969 -3.241698703361734 -4.065291283831776 0.8235925804700419
/home/ashley/reuse/Git_Scripts/Repos/derby/252/b/Database.java -2.7113500043256358 -1.8075666695504238 -2.7113500043256358 -2.7113500043256358 0.0
/home/ashley/reuse/Git_Scripts/Repos/derby/252/b/ResourceAdapter.java -3.546870745970903 -2.371336441591975 -3.546870745970903 -3.546870745970903 0.0
/home/ashley/reuse/Git_Scripts/Repos/derby/252/b/Factory.java -2.394230068652545 -1.5961533791016966 -2.394230068652545 -2.394230068652545 0.0
/home/ashley/reuse/Git_Scripts/Repos/derby/252/b/BrokeredStatement.java -3.6718296141713105 -2.443576750275978 -3.6718296141713105 -3.6497600146871854 -0.022069599484125124
/home/ashley/reuse/Git_Scripts/Repos/derby/252/b/BrokeredStatementControl.java -3.5446699048404704 -2.328361604159917 -3.5446699048404704 -3.392755480347307 -0.1519144244931634
/home/ashley/reuse/Git_Scripts/Repos/derby/252/b/BrokeredConnection.java -3.187353153613839 -1.887039926766402 -3.187353153613839 -2.312774544390529 -0.8745786092233097
/home/ashley/reuse/Git_Scripts/Repos/derby/252/b/DatabaseContext.java -2.947417609542153 -1.9784036009255546 -2.947417609542153 -2.947417609542153 0.0
/home/ashley/reuse/Git_Scripts/Repos/derby/252/b/DRDAServerStarter.java -3.7679503906909755 -2.49412625292897 -3.7679503906909755 -3.688791769037804 -0.07915862165317167
/home/ashley/reuse/Git_Scripts/Repos/derby/252/b/ConnectionInfo.java -2.0023304415230614 -1.3348869610153742 -2.0023304415230614 -2.0023304415230614 0.0
/home/ashley/reuse/Git_Scripts/Repos/derby/252/b/BrokeredPreparedStatement30.java -4.097598464970917 -2.735579820276359 -4.097598464970917 -4.097598464970917 0.0
/home/ashley/reuse/Git_Scripts/Repos/derby/252/b/ConsistencyChecker.java -3.1590046407055965 -2.109795416301577 -3.1590046407055965 -3.174219593821578 0.015214953115981533
/home/ashley/reuse/Git_Scripts/Repos/derby/252/b/BrokeredConnectionControl.java -3.14872188481543 -1.9756686336096816 -3.14872188481543 -2.6376727830914595 -0.5110491017239704
/home/ashley/reuse/Git_Scripts/Repos/derby/252/b/BrokeredCallableStatement30.java -3.8837880890444407 -2.5896579089598233 -3.8837880890444407 -3.8837880890444407 0.0
/home/ashley/reuse/Git_Scripts/Repos/derby/252/b/BrokeredCallableStatement.java -3.414142423445269 -2.2789981312963743 -3.414142423445269 -3.4228630937478113 0.0087206703025422
/home/ashley/reuse/Git_Scripts/Repos/derby/252/b/BrokeredPreparedStatement.java -3.114108162355995 -2.074828206434911 -3.114108162355995 -3.10572939599988 -0.008378766356115008
/home/ashley/reuse/Git_Scripts/Repos/derby/253/b/DDdependableFinder.java -3.587705734591239 -2.3190373046343726 -3.587705734591239 -3.2790377848570804 -0.3086679497341587
/home/ashley/reuse/Git_Scripts/Repos/derby/253/b/BasicDatabase.java -3.41890594064482 -2.3226665196072553 -3.41890594064482 -3.620696341863317 0.201790401218497
/home/ashley/reuse/Git_Scripts/Repos/derby/253/b/DataDictionaryImpl.java -1.9939795260988062 -1.191970293598715 -1.9939795260988062 -1.481720565011532 -0.5122589610872743
/home/ashley/reuse/Git_Scripts/Repos/derby/254/b/StatementSchemaPermission.java -2.9296357444019616 -1.6987431597768028 -2.9296357444019616 -2.02158122634072 -0.9080545180612418
/home/ashley/reuse/Git_Scripts/Repos/derby/254/b/TablePrivilegeInfo.java -3.5573644546890186 -2.3691084817908137 -3.5573644546890186 -3.543522569651318 -0.013841885037700674
/home/ashley/reuse/Git_Scripts/Repos/derby/254/b/DataDictionaryImpl.java -1.9924681605562384 -1.2367545186188276 -1.9924681605562384 -1.6303319206796256 -0.3621362398766128
/home/ashley/reuse/Git_Scripts/Repos/derby/254/b/GenericAuthorizer.java -3.3919594797960393 -2.2469161887376186 -3.3919594797960393 -3.3250329250377315 -0.06692655475830778
/home/ashley/reuse/Git_Scripts/Repos/derby/254/b/DDLConstantAction.java -3.1171149843182198 -1.3307217914941947 -3.1171149843182198 -1.1606746909167982 -1.9564402934014216
/home/ashley/reuse/Git_Scripts/Repos/derby/255/b/NetConnectionReply.java -4.483103218680669 -2.927645585848488 -4.483103218680669 -4.218599708264184 -0.26450351041648457
/home/ashley/reuse/Git_Scripts/Repos/derby/256/b/ClientThread.java -4.180357428648184 -2.5152998087628906 -4.180357428648184 -3.1491286730400114 -1.031228755608173
/home/ashley/reuse/Git_Scripts/Repos/derby/257/b/UTF8Reader.java -4.073740529282894 -2.4049440129675834 -4.073740529282894 -2.9353842126643 -1.138356316618594
/home/ashley/reuse/Git_Scripts/Repos/derby/257/b/ClobUpdatableReader.java -4.069154212609963 -2.8216151638879783 -4.069154212609963 -4.5939864979884675 0.5248322853785048
/home/ashley/reuse/Git_Scripts/Repos/derby/259/b/FormatableBitSetTest.java -3.696158975175708 -2.1758177218398873 -3.696158975175708 -2.6443284625832995 -1.0518305125924083
/home/ashley/reuse/Git_Scripts/Repos/derby/260/b/grantRevoke.java -3.4579211585801866 -2.2655203444090746 -3.4579211585801866 -3.284681608439692 -0.17323955014049464
/home/ashley/reuse/Git_Scripts/Repos/derby/261/b/StatementSchemaPermission.java -3.005467302229562 -1.59525865298809 -3.005467302229562 -1.6999249446999785 -1.3055423575295837
/home/ashley/reuse/Git_Scripts/Repos/derby/261/b/TablePrivilegeInfo.java -3.218003881330246 -1.7763022122346297 -3.218003881330246 -1.9808879923207972 -1.237115889009449
/home/ashley/reuse/Git_Scripts/Repos/derby/261/b/RoutinePrivilegeInfo.java -2.455232069135135 -1.5284807872254507 -2.455232069135135 -2.024693744215704 -0.4305383249194312
/home/ashley/reuse/Git_Scripts/Repos/derby/261/b/Authorizer.java -3.1587283756402456 -2.0212787415897435 -3.1587283756402456 -2.797123107048433 -0.36160526859181275
/home/ashley/reuse/Git_Scripts/Repos/derby/261/b/DataDictionaryImpl.java -1.9893065157950243 -1.2166853203868095 -1.9893065157950243 -1.5662884782691415 -0.42301803752588274
/home/ashley/reuse/Git_Scripts/Repos/derby/261/b/GenericLanguageConnectionContext.java -3.0199195308767655 -1.927656236915134 -3.0199195308767655 -2.6645431133058763 -0.3553764175708891
/home/ashley/reuse/Git_Scripts/Repos/derby/261/b/GenericAuthorizer.java -0.5328546223075602 -0.35681664803394747 -0.5328546223075602 -0.5395451736190453 0.0066905513114851045
/home/ashley/reuse/Git_Scripts/Repos/derby/262/b/EmbedClob.java -2.9935985616050544 -1.9551492998042581 -2.9935985616050544 -2.818111749373034 -0.17548681223202056
/home/ashley/reuse/Git_Scripts/Repos/derby/262/b/EmbedBlob.java -3.410883170699134 -2.2438022638949113 -3.410883170699134 -3.278841824793735 -0.13204134590539907
/home/ashley/reuse/Git_Scripts/Repos/derby/263/b/AlterTableTest.java -2.790003967994893 -1.6094503228541333 -2.790003967994893 -1.9018080226749445 -0.8881959453199486
/home/ashley/reuse/Git_Scripts/Repos/derby/264/b/SqlExceptionTest.java -4.012581596766424 -1.8537321006582332 -4.012581596766424 -1.722735032211718 -2.289846564554706
/home/ashley/reuse/Git_Scripts/Repos/derby/264/b/SqlException.java -2.843079883874037 -1.8745581651916727 -2.843079883874037 -2.7513676295555194 -0.0917122543185176
/home/ashley/reuse/Git_Scripts/Repos/derby/265/b/ReplicationRun.java -3.397752985366654 -2.148477415187397 -3.397752985366654 -2.921691468920001 -0.47606151644665307
/home/ashley/reuse/Git_Scripts/Repos/derby/266/b/SingleThreadDaemonFactory.java -3.1696585164714577 -2.000163822463023 -3.1696585164714577 -2.6978953884384964 -0.4717631280329613
/home/ashley/reuse/Git_Scripts/Repos/derby/266/b/BaseMonitor.java -3.57147541682525 -2.3786066209492662 -3.57147541682525 -3.560800275096337 -0.01067514172891304
/home/ashley/reuse/Git_Scripts/Repos/derby/267/b/AnsiSignatures.java -3.8271323025017545 -1.6340851994323966 -3.8271323025017545 -1.4258381051266367 -2.401294197375118
/home/ashley/reuse/Git_Scripts/Repos/derby/267/b/AnsiSignaturesTest.java -2.3886020459832236 -1.4326594204374168 -2.3886020459832236 -1.7891015761999398 -0.5995004697832838
/home/ashley/reuse/Git_Scripts/Repos/derby/268/b/GeneratedColumnsTest.java -3.1138901435819797 -1.7620173071483018 -3.1138901435819797 -2.029134412689215 -1.084755730892765
/home/ashley/reuse/Git_Scripts/Repos/derby/269/b/XATest.java -3.530439842432774 -2.341113322289882 -3.530439842432774 -3.474722714359947 -0.05571712807282703
/home/ashley/reuse/Git_Scripts/Repos/derby/270/b/EmbedResultSet.java -2.5848468058930107 -1.6239588034027614 -2.5848468058930107 -2.184273669251095 -0.40057313664191563
/home/ashley/reuse/Git_Scripts/Repos/derby/271/b/DRDAConnThread.java -3.703388371980533 -2.454881420122899 -3.703388371980533 -3.640762195825057 -0.06262617615547583
/home/ashley/reuse/Git_Scripts/Repos/derby/272/b/ClobReclamationTest.java -0.4109753404740103 -0.26275472587682625 -0.4109753404740103 -0.3642735972383273 -0.04670174323568299
/home/ashley/reuse/Git_Scripts/Repos/derby/273/b/ModifyColumnNode.java -3.1976029640760677 -2.112755472983719 -3.1976029640760677 -3.1136879691624695 -0.08391499491359822
/home/ashley/reuse/Git_Scripts/Repos/derby/275/b/GeneratedColumnsTest.java -3.2971981583966135 -2.0414109365021873 -3.2971981583966135 -2.679966901642668 -0.6172312567539455
/home/ashley/reuse/Git_Scripts/Repos/derby/276/b/ReEncodedInputStream.java -5.302699541116875 -3.517017411604604 -5.302699541116875 -5.2106787247851285 -0.09202081633174686
/home/ashley/reuse/Git_Scripts/Repos/derby/277/b/ConcurrentLockSet.java -4.341399224688206 -2.898059873296393 -4.341399224688206 -4.356954220118833 0.01555499543062755
/home/ashley/reuse/Git_Scripts/Repos/derby/277/b/LockSet.java -4.163922279406113 -2.7801682352009194 -4.163922279406113 -4.182970414261584 0.01904813485547141
/home/ashley/reuse/Git_Scripts/Repos/derby/278/b/NodeFactory.java -3.471914282049376 -2.3920748140605625 -3.471914282049376 -3.845515447835765 0.37360116578638936
/home/ashley/reuse/Git_Scripts/Repos/derby/278/b/NodeFactoryImpl.java -4.363234626475716 -3.0113946035652166 -4.363234626475716 -4.859828450695228 0.49659382421951204
/home/ashley/reuse/Git_Scripts/Repos/derby/278/b/NewInvocationNode.java -3.4590520360537313 -2.353863558361502 -3.4590520360537313 -3.6835963722426905 0.2245443361889592
/home/ashley/reuse/Git_Scripts/Repos/derby/278/b/FromBaseTable.java -3.231850124531583 -2.118784959872247 -3.231850124531583 -3.075771404044692 -0.15607872048689098
/home/ashley/reuse/Git_Scripts/Repos/derby/280/b/ExceptionSeverity.java -2.5395020595064337 -1.6930013730042892 -2.5395020595064337 -2.5395020595064337 0.0
/home/ashley/reuse/Git_Scripts/Repos/derby/281/b/DDMWriter.java -3.2477002373188015 -2.165823904011284 -3.2477002373188015 -3.2508090760909636 0.003108838772162059
/home/ashley/reuse/Git_Scripts/Repos/derby/288/b/NestedLoopJoinStrategy.java -3.0052379491163337 -1.907793582489876 -3.0052379491163337 -2.6093952266299882 -0.39584272248634544
/home/ashley/reuse/Git_Scripts/Repos/derby/288/b/OptimizerImpl.java -3.528185959423024 -2.1346732356281746 -3.528185959423024 -2.7023521239868566 -0.8258338354361672
/home/ashley/reuse/Git_Scripts/Repos/derby/288/b/FromTable.java -0.5887733956124536 -0.3787251245877242 -0.5887733956124536 -0.5306465944182759 -0.05812680119417768
/home/ashley/reuse/Git_Scripts/Repos/derby/288/b/FromBaseTable.java -3.195277637581098 -2.066088613288674 -3.195277637581098 -2.9229953179472346 -0.2722823196338635
/home/ashley/reuse/Git_Scripts/Repos/derby/288/b/HashJoinStrategy.java -2.718949015273615 -1.7410813869734552 -2.718949015273615 -2.4193929821797098 -0.2995560330939053
/home/ashley/reuse/Git_Scripts/Repos/derby/289/b/Reply.java -4.391825914870649 -2.92177480697193 -4.391825914870649 -4.3644490472910755 -0.027376867579573805
/home/ashley/reuse/Git_Scripts/Repos/derby/290/b/SecureServerTest.java -4.142334522895254 -2.3194389310164034 -4.142334522895254 -2.6337221951210172 -1.508612327774237
/home/ashley/reuse/Git_Scripts/Repos/derby/290/b/NetworkServerTestSetup.java -3.761457395579731 -1.8650559586416167 -3.761457395579731 -1.8496422730330082 -1.9118151225467226
/home/ashley/reuse/Git_Scripts/Repos/derby/291/b/PreparedStatementTest.java -4.358271304336298 -2.9328587676364415 -4.358271304336298 -4.482712535608716 0.12444123127241813
/home/ashley/reuse/Git_Scripts/Repos/derby/292/b/StreamsTest.java -3.7386536055896618 -2.621558639162105 -3.7386536055896618 -4.386869493249896 0.6482158876602342
/home/ashley/reuse/Git_Scripts/Repos/derby/293/b/TimestampArithTest.java -4.226954436185215 -2.9273475595777305 -4.226954436185215 -4.760579901482875 0.5336254652976598
/home/ashley/reuse/Git_Scripts/Repos/derby/294/b/J2SEDataValueFactory.java -3.8685269689237174 -2.3276730067252873 -3.8685269689237174 -2.9219724978040844 -0.946554471119633
/home/ashley/reuse/Git_Scripts/Repos/derby/294/b/DataType.java -3.257839683895765 -2.1559857022656543 -3.257839683895765 -3.1857566509668547 -0.07208303292891038
/home/ashley/reuse/Git_Scripts/Repos/derby/294/b/SQLSmallint.java -3.3293268878573237 -2.242526280841421 -3.3293268878573237 -3.434900107404328 0.10557321954700427
/home/ashley/reuse/Git_Scripts/Repos/derby/294/b/SQLLongint.java -3.390578338553744 -2.2829697761765 -3.390578338553744 -3.4927313412217345 0.10215300266799066
/home/ashley/reuse/Git_Scripts/Repos/derby/294/b/DataValueFactoryImpl.java -4.200299075700427 -2.7378240055569316 -4.200299075700427 -3.9315814247838423 -0.2687176509165843
/home/ashley/reuse/Git_Scripts/Repos/derby/294/b/SQLDecimal.java -3.688868269759958 -2.4431957003504903 -3.688868269759958 -3.6164473595091393 -0.07242091025081887
/home/ashley/reuse/Git_Scripts/Repos/derby/294/b/SQLReal.java -0.8475463236501267 -0.5704359465572099 -0.8475463236501267 -0.871962760734766 0.024416437084639253
/home/ashley/reuse/Git_Scripts/Repos/derby/294/b/SQLChar.java -2.5574576127116084 -1.704762645444996 -2.5574576127116084 -2.5565169098133578 -9.40702898250656E-4
/home/ashley/reuse/Git_Scripts/Repos/derby/294/b/SQLDouble.java -3.293636099521566 -2.216548206037549 -3.293636099521566 -3.389000671115319 0.09536457159375322
/home/ashley/reuse/Git_Scripts/Repos/derby/294/b/DataValueDescriptor.java -2.9668257247031407 -1.987485194218609 -2.9668257247031407 -3.0064362150196047 0.03961049031646402
/home/ashley/reuse/Git_Scripts/Repos/derby/294/b/SQLInteger.java -3.3337720562240647 -2.2598469780152675 -3.3337720562240647 -3.507607215586849 0.17383515936278426
/home/ashley/reuse/Git_Scripts/Repos/derby/294/b/UserType.java -3.1821217340733248 -2.139177529365082 -3.1821217340733248 -3.2634168148708187 0.08129508079749392
/home/ashley/reuse/Git_Scripts/Repos/derby/294/b/SQLClob.java -2.7726934394885654 -1.7332487651762005 -2.7726934394885654 -2.3088974459741145 -0.4637959935144509
/home/ashley/reuse/Git_Scripts/Repos/derby/294/b/SQLTinyint.java -3.359374092912378 -2.263237317971146 -3.359374092912378 -3.4681168381164786 0.10874274520410054
/home/ashley/reuse/Git_Scripts/Repos/derby/294/b/DataValueFactory.java -6.196975527101366 -4.07727755412948 -6.196975527101366 -5.95999749547225 -0.2369780316291159
/home/ashley/reuse/Git_Scripts/Repos/derby/294/b/SQLBoolean.java -3.6212301675625467 -2.416674754122681 -3.6212301675625467 -3.631174699211404 0.009944531648857335
/home/ashley/reuse/Git_Scripts/Repos/derby/295/b/TriggerTest.java -2.7227922861873863 -1.1233713980753766 -2.7227922861873863 -0.9559295454388326 -1.7668627407485538
/home/ashley/reuse/Git_Scripts/Repos/derby/296/b/XplainStatisticsTest.java -2.681324591318592 -1.6887528794740092 -2.681324591318592 -2.280792842089365 -0.4005317492292271
/home/ashley/reuse/Git_Scripts/Repos/derby/297/b/LogToFile.java -3.8621899425875346 -2.573653501656383 -3.8621899425875346 -3.8567811116809847 -0.005408830906549866
/home/ashley/reuse/Git_Scripts/Repos/derby/297/b/LogFactory.java -3.9538449773798234 -2.6287436077559208 -3.9538449773798234 -3.9218300382917275 -0.03201493908809594
/home/ashley/reuse/Git_Scripts/Repos/derby/297/b/ReadOnly.java -3.1638166854050045 -2.1078441688894003 -3.1638166854050045 -3.1576733520352858 -0.006143333369718729
/home/ashley/reuse/Git_Scripts/Repos/derby/297/b/RawStore.java -0.47673679849788636 -0.31610137025990864 -0.47673679849788636 -0.4690657500388067 -0.007671048459079677
/home/ashley/reuse/Git_Scripts/Repos/derby/298/b/DRDAConnThread.java -3.7200573532496124 -2.3886077008027495 -3.7200573532496124 -3.3367604074016417 -0.3832969458479707
/home/ashley/reuse/Git_Scripts/Repos/derby/299/b/DRDAConnThread.java -3.703388371980533 -2.2962552353171244 -3.703388371980533 -3.021624788946806 -0.6817635830337267
/home/ashley/reuse/Git_Scripts/Repos/derby/299/b/JDBCBoot.java -2.5439154130667414 -1.6887725997948346 -2.5439154130667414 -2.504042130730272 -0.03987328233646936
/home/ashley/reuse/Git_Scripts/Repos/derby/299/b/PropertyUtil.java -0.6281066154167673 -0.3745867051616089 -0.6281066154167673 -0.46381487130179977 -0.1642917441149675
/home/ashley/reuse/Git_Scripts/Repos/derby/299/b/Monitor.java -3.1964187241388844 -2.111535220540063 -3.1964187241388844 -3.1088200768884313 -0.08759864725045308
/home/ashley/reuse/Git_Scripts/Repos/derby/299/b/DRDAServerStarter.java -3.7362104668343386 -2.380771328263916 -3.7362104668343386 -3.2812475686589395 -0.45496289817539903
/home/ashley/reuse/Git_Scripts/Repos/derby/299/b/SystemContext.java -3.0847379275095768 -1.893445275197694 -3.0847379275095768 -2.4514473596102597 -0.633290567899317
/home/ashley/reuse/Git_Scripts/Repos/derby/300/b/GrantNode.java -2.931901702718946 -1.9524811772987343 -2.931901702718946 -2.9129249926689855 -0.018976710049960488
/home/ashley/reuse/Git_Scripts/Repos/derby/300/b/RevokeNode.java -0.6148700943487456 -0.4094688046964532 -0.6148700943487456 -0.6108903526377505 -0.003979741710995133
/home/ashley/reuse/Git_Scripts/Repos/derby/300/b/PrivilegeNode.java -3.0701639173169166 -2.0438469581222516 -3.0701639173169166 -3.0570210923284025 -0.013142824988514157
/home/ashley/reuse/Git_Scripts/Repos/derby/301/b/dataSourcePermissions_net.java -3.165196631755511 -1.7010240401951386 -3.165196631755511 -1.8386068669756277 -1.3265897647798832
/home/ashley/reuse/Git_Scripts/Repos/derby/303/b/Request.java -2.6922267719504824 -1.8967806744180735 -2.6922267719504824 -3.209874137309833 0.5176473653593505
/home/ashley/reuse/Git_Scripts/Repos/derby/305/b/StatementPoolingTest.java -3.5011153719726824 -2.2765692531950696 -3.5011153719726824 -3.2535087708981982 -0.24760660107448418
/home/ashley/reuse/Git_Scripts/Repos/derby/307/b/BlobMemTest.java -3.136254097516213 -2.0393600141705712 -3.136254097516213 -2.9154825875461277 -0.22077150997008532
/home/ashley/reuse/Git_Scripts/Repos/derby/308/b/BasicSetup.java -3.1841262356337054 -0.9097503530382015 -3.1841262356337054 -0.636825247126741 -2.547300988506964
/home/ashley/reuse/Git_Scripts/Repos/derby/309/b/DropDatabaseSetup.java -0.6688836395689068 -0.28525919922791615 -0.6688836395689068 -0.24868750701920894 -0.4201961325496979
/home/ashley/reuse/Git_Scripts/Repos/derby/309/b/TestConfiguration.java -4.214902280210975 -2.7993265219522603 -4.214902280210975 -4.165649489520869 -0.049252790690105464
/home/ashley/reuse/Git_Scripts/Repos/derby/311/b/SequenceGeneratorConcurrency.java -4.419283927775544 -2.8670478574327114 -4.419283927775544 -4.078684010413267 -0.3405999173622769
/home/ashley/reuse/Git_Scripts/Repos/derby/312/b/LuceneQueryVTI.java -4.358495820510567 -2.909315129247566 -4.358495820510567 -4.374967837972814 0.016472017462247024
/home/ashley/reuse/Git_Scripts/Repos/derby/312/b/LuceneSupport.java -3.9705329973623047 -2.685404310879224 -3.9705329973623047 -4.148411960511207 0.17787896314890217
/home/ashley/reuse/Git_Scripts/Repos/derby/314/b/J2EEDataSourceTest.java -3.691849879910609 -2.3726247938769442 -3.691849879910609 -3.319734147487577 -0.3721157324230324
/home/ashley/reuse/Git_Scripts/Repos/derby/314/b/NetConnection.java -3.5020140707607395 -2.314549529525776 -3.5020140707607395 -3.4125133694853185 -0.08950070127542098
/home/ashley/reuse/Git_Scripts/Repos/derby/315/b/AlterTableConstantAction.java -3.4459025001267114 -2.3121840527010042 -3.4459025001267114 -3.5139063080640303 0.06800380793731886
/home/ashley/reuse/Git_Scripts/Repos/derby/315/b/DDUtils.java -3.9469423857646273 -2.6529135441094014 -3.9469423857646273 -4.044242754717871 0.09730036895324368
/home/ashley/reuse/Git_Scripts/Repos/derby/315/b/DataDictionary.java -2.703782907120281 -1.7957543129890008 -2.703782907120281 -2.672525301257619 -0.03125760586266191
/home/ashley/reuse/Git_Scripts/Repos/derby/315/b/GenericPreparedStatement.java -3.980659527585662 -2.652686742083282 -3.980659527585662 -3.9757752827665382 -0.004884244819123751
/home/ashley/reuse/Git_Scripts/Repos/derby/315/b/UpdateNode.java -3.158837118082059 -2.1483580154414863 -3.158837118082059 -3.3579680294089 0.1991309113268409
/home/ashley/reuse/Git_Scripts/Repos/derby/315/b/DeleteNode.java -3.1329475211194087 -2.132396361917979 -3.1329475211194087 -3.3385029014643473 0.2055553803449386
/home/ashley/reuse/Git_Scripts/Repos/derby/315/b/GroupedAggregateResultSet.java -4.237178461229439 -2.8288968662825815 -4.237178461229439 -4.255732984745969 0.01855452351653053
/home/ashley/reuse/Git_Scripts/Repos/derby/315/b/InternalTriggerExecutionContext.java -3.9831543809784824 -2.683388214553925 -3.9831543809784824 -4.108761912263718 0.12560753128523583
/home/ashley/reuse/Git_Scripts/Repos/derby/315/b/DMLModStatementNode.java -3.009079187517698 -2.0320876298218336 -3.009079187517698 -3.1288094198694103 0.1197302323517122
/home/ashley/reuse/Git_Scripts/Repos/derby/315/b/GenericAggregateResultSet.java -3.915245116680897 -2.5026540735405525 -3.915245116680897 -3.463268768434906 -0.45197634824599087
/home/ashley/reuse/Git_Scripts/Repos/derby/315/b/BaseActivation.java -0.49728601524233834 -0.3317284863191421 -0.49728601524233834 -0.4982072943977893 9.212791554509825E-4
/home/ashley/reuse/Git_Scripts/Repos/derby/315/b/DeleteCascadeResultSet.java -1.146378641408291 -0.7708719368210083 -1.146378641408291 -1.1766915381762986 0.030312896768007525
/home/ashley/reuse/Git_Scripts/Repos/derby/315/b/DataDictionaryImpl.java -2.2081320007699903 -1.4729021693204207 -2.2081320007699903 -2.2117465737473463 0.003614572977356012
/home/ashley/reuse/Git_Scripts/Repos/derby/315/b/ExecPreparedStatement.java -3.580865250096427 -2.3264902972183372 -3.580865250096427 -3.306586209663509 -0.27427904043291784
/home/ashley/reuse/Git_Scripts/Repos/derby/315/b/TableDescriptor.java -3.5956009374388698 -2.442553678401818 -3.5956009374388698 -3.8083644130687464 0.21276347562987663
/home/ashley/reuse/Git_Scripts/Repos/derby/315/b/TriggerEventActivator.java -3.7839794966767712 -2.52422572409236 -3.7839794966767712 -3.7910656006031322 0.007086103926360998
/home/ashley/reuse/Git_Scripts/Repos/derby/315/b/CompilerContext.java -2.518117850844824 -1.6879488810122103 -2.518117850844824 -2.5571584376796275 0.03904058683480338
/home/ashley/reuse/Git_Scripts/Repos/derby/315/b/AggregatorInfoList.java -2.641256359068971 -1.8379545467000622 -2.641256359068971 -3.0095590386204205 0.3683026795514497
/home/ashley/reuse/Git_Scripts/Repos/derby/315/b/GenericLanguageConnectionContext.java -0.7534839588455123 -0.5029327476990424 -0.7534839588455123 -0.7562361323964902 0.002752173550977899
/home/ashley/reuse/Git_Scripts/Repos/derby/315/b/FKInfo.java -3.5692565238950484 -2.384393741761852 -3.5692565238950484 -3.588881302033303 0.019624778138254584
/home/ashley/reuse/Git_Scripts/Repos/derby/315/b/DDLConstantAction.java -3.5751138323277862 -2.423125394365417 -3.5751138323277862 -3.7589243121389835 0.18381047981119725
/home/ashley/reuse/Git_Scripts/Repos/derby/317/b/AuthenticationServiceBase.java -3.72933099831704 -2.322436460563313 -3.72933099831704 -3.078103600369718 -0.6512273979473222
/home/ashley/reuse/Git_Scripts/Repos/derby/317/b/NativeAuthenticationServiceImpl.java -3.4205898282817118 -2.0893015453499526 -3.4205898282817118 -2.6841082077651097 -0.736481620516602
/home/ashley/reuse/Git_Scripts/Repos/derby/317/b/DataDictionaryImpl.java -2.1241902666113655 -1.4049533353486405 -2.1241902666113655 -2.0746406561458874 -0.04954961046547801
/home/ashley/reuse/Git_Scripts/Repos/derby/317/b/EmbedConnection.java -3.261972842300072 -2.0533365512851844 -3.261972842300072 -2.77086172084496 -0.4911111214551118
/home/ashley/reuse/Git_Scripts/Repos/derby/317/b/BaseMonitor.java -3.565553168654488 -2.370698220877883 -3.565553168654488 -3.5367605855160225 -0.028792583138465666
/home/ashley/reuse/Git_Scripts/Repos/derby/319/b/CommentTest.java -2.040178961332624 -1.1229556467839235 -2.040178961332624 -1.247437311246552 -0.7927416500860722
