/home/ashley/reuse/Git_Scripts/Repos/elasticsearch_buggy/1151/b/HyperLogLogPlusPlus.java -1.3068717927069837 -0.8715440434275157 -1.3068717927069837 -1.3082055168116649 0.0013337241046811332
/home/ashley/reuse/Git_Scripts/Repos/elasticsearch_buggy/1151/b/InternalCardinality.java -0.7284126267144928 -0.48560841780966185 -0.7284126267144928 -0.7284126267144928 0.0
/home/ashley/reuse/Git_Scripts/Repos/elasticsearch_buggy/4021/b/BulkTests.java -2.0626181240381602 -1.4509073084230582 -2.0626181240381602 -2.446145821080151 0.38352769704199074
/home/ashley/reuse/Git_Scripts/Repos/elasticsearch_buggy/4021/b/ConcurrentDynamicTemplateTests.java -2.3214705543907352 -1.5899726983698734 -2.3214705543907352 -2.5182053471357126 0.1967347927449774
/home/ashley/reuse/Git_Scripts/Repos/elasticsearch_buggy/4021/b/SimpleSearchTests.java -1.3425046260049864 -0.8951598820208442 -1.3425046260049864 -1.3425046260049864 0.0
/home/ashley/reuse/Git_Scripts/Repos/elasticsearch_buggy/4021/b/QueryRescorerTests.java -1.9981674715757978 -1.3321795571609034 -1.9981674715757978 -1.9981674715757978 0.0
/home/ashley/reuse/Git_Scripts/Repos/elasticsearch_buggy/4021/b/UpdateMappingTests.java -2.6564240135422845 -1.7706005242913316 -2.6564240135422845 -2.654854950332868 -0.0015690632094167434
/home/ashley/reuse/Git_Scripts/Repos/elasticsearch_buggy/4021/b/RandomScoreFunctionTests.java -0.7844437365610748 -0.5226312925030087 -0.7844437365610748 -0.7829552285220595 -0.001488508039015346
/home/ashley/reuse/Git_Scripts/Repos/elasticsearch_buggy/4021/b/SimpleValidateQueryTests.java -2.3556323068624847 -1.5706117076271302 -2.3556323068624847 -2.3556323068624847 0.0
/home/ashley/reuse/Git_Scripts/Repos/elasticsearch_buggy/4021/b/QuorumLocalGatewayTests.java -2.23507872107618 -1.5451361925259182 -2.23507872107618 -2.502745433258041 0.2676667121818608
/home/ashley/reuse/Git_Scripts/Repos/elasticsearch_buggy/4021/b/RecoveryWhileUnderLoadTests.java -2.7652155149781543 -1.9832808332517782 -2.7652155149781543 -3.506813969779713 0.7415984548015588
/home/ashley/reuse/Git_Scripts/Repos/elasticsearch_buggy/4021/b/SearchFieldsTests.java -2.0895072472855434 -1.3930048315236956 -2.0895072472855434 -2.0895072472855434 0.0
/home/ashley/reuse/Git_Scripts/Repos/elasticsearch_buggy/4021/b/SimpleRecoveryLocalGatewayTests.java -1.9885501139213226 -1.3657855060348734 -1.9885501139213226 -2.1801131179581437 0.19156300403682103
/home/ashley/reuse/Git_Scripts/Repos/elasticsearch_buggy/4021/b/ConcurrentPercolatorTests.java -1.3658713521958978 -0.9427246951404774 -1.3658713521958978 -1.5215063532114168 0.15563500101551897
/home/ashley/reuse/Git_Scripts/Repos/elasticsearch_buggy/4021/b/SuggestSearchTests.java -2.839474242500304 -1.9276924554263557 -2.839474242500304 -3.0011829319670404 0.16170868946673655
/home/ashley/reuse/Git_Scripts/Repos/elasticsearch_buggy/4021/b/GeoDistanceTests.java -1.500049081070124 -1.003981162898573 -1.500049081070124 -1.5179584948455631 0.017909413775439198
/home/ashley/reuse/Git_Scripts/Repos/elasticsearch_buggy/4021/b/DecayFunctionScoreTests.java -1.4426328704619802 -0.9151567160273301 -1.4426328704619802 -1.2514643070264446 -0.19116856343553557
/home/ashley/reuse/Git_Scripts/Repos/elasticsearch_buggy/4021/b/SimpleSortTests.java -1.83598656305177 -1.238052748501918 -1.83598656305177 -1.9006499920051794 0.06466342895340937
/home/ashley/reuse/Git_Scripts/Repos/elasticsearch_buggy/4021/b/SimpleIndicesBoostSearchTests.java -2.046328704229311 -1.363860319967668 -2.046328704229311 -2.0431035998885236 -0.003225104340787155
/home/ashley/reuse/Git_Scripts/Repos/elasticsearch_buggy/4021/b/RecoveryPercolatorTests.java -1.517785871860708 -1.0118572479071386 -1.517785871860708 -1.517785871860708 0.0
/home/ashley/reuse/Git_Scripts/Repos/elasticsearch_buggy/4021/b/SimpleFacetsTests.java -1.463569055619693 -0.9683109023716506 -1.463569055619693 -1.4307138919945575 -0.03285516362513552
/home/ashley/reuse/Git_Scripts/Repos/elasticsearch_buggy/4021/b/DeleteByQueryTests.java -2.1857356274727633 -1.4571570849818423 -2.1857356274727633 -2.1857356274727633 0.0
/home/ashley/reuse/Git_Scripts/Repos/elasticsearch_buggy/4021/b/FieldDataFilterIntegrationTests.java -2.214727160158903 -1.4764847734392688 -2.214727160158903 -2.214727160158903 0.0
/home/ashley/reuse/Git_Scripts/Repos/elasticsearch_buggy/4021/b/SimpleQueryTests.java -1.550123752571619 -1.0698273000564635 -1.550123752571619 -1.7263969994810244 0.1762732469094055
/home/ashley/reuse/Git_Scripts/Repos/elasticsearch_buggy/4021/b/CompletionSuggestSearchTests.java -1.0876316052817883 -0.7799425799368538 -1.0876316052817883 -1.3783029956044042 0.2906713903226159
/home/ashley/reuse/Git_Scripts/Repos/elasticsearch_buggy/4021/b/HighlighterSearchTests.java -2.0054533998494573 -1.487399454642806 -2.0054533998494573 -2.8787864140823265 0.8733330142328692
/home/ashley/reuse/Git_Scripts/Repos/elasticsearch_buggy/4021/b/TransportTwoNodesSearchTests.java -2.3776870300726567 -1.5850006938578833 -2.3776870300726567 -2.3765715306449895 -0.0011154994276671992
/home/ashley/reuse/Git_Scripts/Repos/elasticsearch_buggy/4021/b/PercolatorTests.java -1.6062594518389741 -1.129682725862722 -1.6062594518389741 -1.9036314681682092 0.29737201632923504
/home/ashley/reuse/Git_Scripts/Repos/elasticsearch_buggy/4021/b/SimpleNestedTests.java -1.3408236560155296 -0.8835407391249214 -1.3408236560155296 -1.2952379414044295 -0.04558571461110006
/home/ashley/reuse/Git_Scripts/Repos/elasticsearch_buggy/6754/b/PreferLocalPrimariesToRelocatingPrimariesTests.java -2.893570468928075 -1.9284149193314892 -2.893570468928075 -2.8907280617876743 -0.002842407140400738
/home/ashley/reuse/Git_Scripts/Repos/elasticsearch_buggy/6731/b/ChildrenQueryTests.java -3.7117938482131003 -2.4749283497601544 -3.7117938482131003 -3.7117938482131003 0.0
/home/ashley/reuse/Git_Scripts/Repos/elasticsearch_buggy/1941/b/ShardGetService.java -3.212987458418376 -2.042790415294442 -3.212987458418376 -2.8034564144956193 -0.40953104392275685
/home/ashley/reuse/Git_Scripts/Repos/elasticsearch_buggy/1246/b/ParentConstantScoreQueryTests.java -3.251788232227258 -2.1678588214848387 -3.251788232227258 -3.251788232227258 0.0
/home/ashley/reuse/Git_Scripts/Repos/elasticsearch_buggy/5058/b/RateLimitedFSDirectory.java -3.7790455978808617 -2.827047728116832 -3.7790455978808617 -5.611116690096752 1.8320710922158905
/home/ashley/reuse/Git_Scripts/Repos/elasticsearch_buggy/3176/b/RestNodesInfoAction.java -1.7135287470182916 -1.1096647006293154 -1.7135287470182916 -1.5721565317593145 -0.14137221525897714
/home/ashley/reuse/Git_Scripts/Repos/elasticsearch_buggy/3176/b/RestGetAction.java -2.6052362137827663 -1.4011354427066978 -2.6052362137827663 -1.515773797109973 -1.0894624166727933
/home/ashley/reuse/Git_Scripts/Repos/elasticsearch_buggy/3176/b/RestIndicesStatusAction.java -3.0349210754763893 -1.9319774355319013 -3.0349210754763893 -2.6558697252721424 -0.37905135020424696
/home/ashley/reuse/Git_Scripts/Repos/elasticsearch_buggy/3176/b/RestBroadcastPingAction.java -2.7199635035372 -1.7922815446227387 -2.7199635035372 -2.627484744416935 -0.09247875912026471
/home/ashley/reuse/Git_Scripts/Repos/elasticsearch_buggy/3176/b/RestDeleteAction.java -2.5313279603900227 -1.6649270654300306 -2.5313279603900227 -2.4321745610199064 -0.09915339937011636
/home/ashley/reuse/Git_Scripts/Repos/elasticsearch_buggy/3176/b/RestCreateIndexAction.java -2.5287368239902643 -1.65181391229026 -2.5287368239902643 -2.3778859616486163 -0.15085086234164802
/home/ashley/reuse/Git_Scripts/Repos/elasticsearch_buggy/3176/b/RestSinglePingAction.java -2.6382754342164607 -1.7342205902015944 -2.6382754342164607 -2.530461293875884 -0.10781414034057679
/home/ashley/reuse/Git_Scripts/Repos/elasticsearch_buggy/1671/b/TransportShardBulkAction.java -3.5088794671128913 -2.3418517871052016 -3.5088794671128913 -3.5206001500928092 0.011720682979917907
/home/ashley/reuse/Git_Scripts/Repos/elasticsearch_buggy/3807/b/GlobalOrdinalsStringTermsAggregator.java -3.4987332556806043 -2.212975496636799 -3.4987332556806043 -3.0109135681388026 -0.4878196875418017
/home/ashley/reuse/Git_Scripts/Repos/elasticsearch_buggy/3807/b/BucketsAggregator.java -3.036973400859721 -1.8197082469825232 -3.036973400859721 -2.2700089318290457 -0.7669644690306754
/home/ashley/reuse/Git_Scripts/Repos/elasticsearch_buggy/3807/b/GlobalOrdinalsSignificantTermsAggregator.java -3.406820200102498 -2.2507389087605683 -3.406820200102498 -3.3163164376709324 -0.09050376243156544
/home/ashley/reuse/Git_Scripts/Repos/elasticsearch_buggy/4704/b/TransportShardReplicationOperationAction.java -3.0452843333379556 -2.090119562330777 -3.0452843333379556 -3.3310452269050477 0.2857608935670921
/home/ashley/reuse/Git_Scripts/Repos/elasticsearch_buggy/4704/b/MessageChannelHandler.java -4.190390661628945 -2.7551860961620154 -4.190390661628945 -4.0198083869077665 -0.1705822747211787
/home/ashley/reuse/Git_Scripts/Repos/elasticsearch_buggy/4704/b/LocalTransport.java -3.587769124942056 -2.2867261102962653 -3.587769124942056 -3.1511729948082623 -0.4365961301337937
/home/ashley/reuse/Git_Scripts/Repos/elasticsearch_buggy/5392/b/TransportClearIndicesCacheAction.java -3.3181193019292876 -2.212804806598089 -3.3181193019292876 -3.3181193019292876 0.0
/home/ashley/reuse/Git_Scripts/Repos/elasticsearch_buggy/1957/b/NodeInfo.java -3.6579436666705574 -2.1699309092850085 -3.6579436666705574 -2.665257894231339 -0.9926857724392182
/home/ashley/reuse/Git_Scripts/Repos/elasticsearch_buggy/1957/b/NodesInfoResponse.java -2.731838082617647 -0.9120266890726617 -2.731838082617647 -0.6845515008890375 -2.04728658172861
/home/ashley/reuse/Git_Scripts/Repos/elasticsearch_buggy/4906/b/BlobStoreIndexShardRepository.java -3.44671989421091 -2.4057136983930754 -3.44671989421091 -3.981571083578521 0.5348511893676111
/home/ashley/reuse/Git_Scripts/Repos/elasticsearch_buggy/872/b/DerivativeParser.java -2.645448080431304 -1.5327387206955745 -2.645448080431304 -1.8220304659924214 -0.8234176144388825
/home/ashley/reuse/Git_Scripts/Repos/elasticsearch_buggy/872/b/BucketHelpers.java -4.344841693765153 -2.8965611291767686 -4.344841693765153 -4.344841693765153 0.0
/home/ashley/reuse/Git_Scripts/Repos/elasticsearch_buggy/1683/b/DoubleArrayIndexFieldData.java -2.2236020872926225 -1.455715988080622 -2.2236020872926225 -2.107690914657156 -0.11591117263546646
/home/ashley/reuse/Git_Scripts/Repos/elasticsearch_buggy/1683/b/PackedArrayIndexFieldData.java -2.749159697542132 -1.576680766372508 -2.749159697542132 -1.8476830507886421 -0.90147664675349
/home/ashley/reuse/Git_Scripts/Repos/elasticsearch_buggy/1683/b/FloatArrayIndexFieldData.java -2.321878081008227 -1.4918774560136703 -2.321878081008227 -2.0844975743236795 -0.23738050668454758
/home/ashley/reuse/Git_Scripts/Repos/elasticsearch_buggy/4857/b/SimpleSortTests.java -1.9747585179196656 -0.9189706431315213 -1.9747585179196656 -0.8593662941275078 -1.1153922237921579
/home/ashley/reuse/Git_Scripts/Repos/elasticsearch_buggy/2804/b/TwitterRiver.java -3.6004798048336903 -2.041145147188223 -3.6004798048336903 -2.356486417188449 -1.2439933876452414
/home/ashley/reuse/Git_Scripts/Repos/elasticsearch_buggy/1760/b/PageCacheRecycler.java -5.309335417724196 -3.2197382343237324 -5.309335417724196 -4.0904223979372665 -1.2189130197869291
/home/ashley/reuse/Git_Scripts/Repos/elasticsearch_buggy/1425/b/NestedFieldComparatorSource.java -4.745402410597581 -3.604654498927824 -4.745402410597581 -7.493038511188071 2.7476361005904897
/home/ashley/reuse/Git_Scripts/Repos/elasticsearch_buggy/2936/b/TransportClientHeadersTests.java -3.6583502626049613 -2.4336211703620303 -3.6583502626049613 -3.626880582926639 -0.03146967967832248
/home/ashley/reuse/Git_Scripts/Repos/elasticsearch_buggy/2936/b/AbstractClientHeadersTests.java -3.960720366944475 -2.666029695881851 -3.960720366944475 -4.077961767767799 0.1172414008233238
/home/ashley/reuse/Git_Scripts/Repos/elasticsearch_buggy/2936/b/InternalTransportClientTests.java -4.222171532795148 -2.814781021863432 -4.222171532795148 -4.222171532795148 0.0
/home/ashley/reuse/Git_Scripts/Repos/elasticsearch_buggy/2936/b/Headers.java -4.860723483048684 -3.3574069418996064 -4.860723483048684 -5.397820000512627 0.5370965174639428
/home/ashley/reuse/Git_Scripts/Repos/elasticsearch_buggy/2645/b/AnalyzingCompletionLookupProvider.java -4.416537348846662 -2.9953560900984244 -4.416537348846662 -4.651246397845641 0.2347090489989796
/home/ashley/reuse/Git_Scripts/Repos/elasticsearch_buggy/2645/b/Completion090PostingsFormat.java -4.986983028231701 -3.3246553521544677 -4.986983028231701 -4.986983028231701 0.0
/home/ashley/reuse/Git_Scripts/Repos/elasticsearch_buggy/510/b/SimpleQueryTests.java -1.4241197142867101 -1.2107241960809996 -1.4241197142867101 -4.0399540972101295 2.6158343829234196
/home/ashley/reuse/Git_Scripts/Repos/elasticsearch_buggy/4085/b/XDefaultPassageFormatter.java -5.6240164190056126 -3.7515115303655935 -5.6240164190056126 -5.6240164190056126 0.0
/home/ashley/reuse/Git_Scripts/Repos/elasticsearch_buggy/4085/b/XPassageFormatter.java -3.9427795334418447 -2.6412794932765755 -3.9427795334418447 -3.9427795334418447 0.0
/home/ashley/reuse/Git_Scripts/Repos/elasticsearch_buggy/4085/b/CustomPostingsHighlighter.java -4.654826185822943 -3.1032174572152953 -4.654826185822943 -4.654826185822943 0.0
/home/ashley/reuse/Git_Scripts/Repos/elasticsearch_buggy/4085/b/XPostingsHighlighter.java -4.177233668886406 -2.7850782627941886 -4.177233668886406 -4.177233668886406 0.0
/home/ashley/reuse/Git_Scripts/Repos/elasticsearch_buggy/4085/b/CustomPassageFormatter.java -4.900081957622984 -3.269522952856502 -4.900081957622984 -4.900081957622984 0.0
/home/ashley/reuse/Git_Scripts/Repos/elasticsearch_buggy/4085/b/CustomPostingsHighlighterTests.java -5.322371916980906 -3.5482479446539377 -5.322371916980906 -5.322371916980906 0.0
/home/ashley/reuse/Git_Scripts/Repos/elasticsearch_buggy/4085/b/XPostingsHighlighterTests.java -5.623014026549243 -3.7486760176994958 -5.623014026549243 -5.623014026549243 0.0
/home/ashley/reuse/Git_Scripts/Repos/elasticsearch_buggy/5167/b/TransportIndexAction.java -2.698966736228139 -1.6937685242194964 -2.698966736228139 -2.2738922787197224 -0.42507445750841644
/home/ashley/reuse/Git_Scripts/Repos/elasticsearch_buggy/5167/b/TransportShardReplicationOperationAction.java -3.045284333337955 -2.1429778642007835 -3.045284333337955 -3.61527974943204 0.569995416094085
/home/ashley/reuse/Git_Scripts/Repos/elasticsearch_buggy/5167/b/TransportDeleteAction.java -2.6398959168047806 -1.7707840732267361 -2.6398959168047806 -2.687410242161238 0.04751432535645739
/home/ashley/reuse/Git_Scripts/Repos/elasticsearch_buggy/4005/b/InternalEngineTests.java -1.8789429537960924 -1.2244819861816971 -1.8789429537960924 -1.757592404398448 -0.12135054939764434
/home/ashley/reuse/Git_Scripts/Repos/elasticsearch_buggy/5949/b/TestCluster.java -2.0862224275741643 -1.5787992951899967 -2.0862224275741643 -3.244825070777231 1.1586026432030665
/home/ashley/reuse/Git_Scripts/Repos/elasticsearch_buggy/3965/b/MockFSDirectoryService.java -3.1313794966229915 -1.8573378386832449 -3.1313794966229915 -2.2825115607914577 -0.8488679358315339
/home/ashley/reuse/Git_Scripts/Repos/elasticsearch_buggy/1107/b/JarHell.java -4.034433450241835 -2.7989443647000702 -4.034433450241835 -4.569912799092115 0.5354793488502798
/home/ashley/reuse/Git_Scripts/Repos/elasticsearch_buggy/1777/b/AbstractFieldMapper.java -2.5752217250210045 -1.7066724597413825 -2.5752217250210045 -2.52974319566081 -0.045478529360194475
/home/ashley/reuse/Git_Scripts/Repos/elasticsearch_buggy/1777/b/DocumentMapper.java -3.1413465172177575 -2.161228006501646 -3.1413465172177575 -3.4634414088236136 0.32209489160585614
/home/ashley/reuse/Git_Scripts/Repos/elasticsearch_buggy/1777/b/MapperUtils.java -3.833010463178558 -2.555340308785705 -3.833010463178558 -3.833010463178558 0.0
/home/ashley/reuse/Git_Scripts/Repos/elasticsearch_buggy/1777/b/ObjectMapper.java -2.0659937106408384 -1.3247171981574604 -2.0659937106408384 -1.8457686850611392 -0.22022502557969914
/home/ashley/reuse/Git_Scripts/Repos/elasticsearch_buggy/1777/b/TestMergeMapperTests.java -3.3962566952306754 -2.2159039161388776 -3.3962566952306754 -3.18596216301825 -0.21029453221242544
/home/ashley/reuse/Git_Scripts/Repos/elasticsearch_buggy/4600/b/InternalNode.java -2.8361462778648328 -1.924909383802345 -2.8361462778648328 -2.9955572583103387 0.15941098044550595
/home/ashley/reuse/Git_Scripts/Repos/elasticsearch_buggy/3997/b/IdFieldMapper.java -2.6204682757540594 -1.950536093838998 -2.6204682757540594 -3.814802522254696 1.1943342465006368
/home/ashley/reuse/Git_Scripts/Repos/elasticsearch_buggy/589/b/TestScopeClusterTests.java -4.115067802797694 -2.890584212696917 -4.115067802797694 -4.8373041926764735 0.7222363898787796
/home/ashley/reuse/Git_Scripts/Repos/elasticsearch_buggy/589/b/ElasticsearchIntegrationTest.java -2.9332385502536495 -2.050020232026115 -2.9332385502536495 -3.4038145826289834 0.47057603237533385
/home/ashley/reuse/Git_Scripts/Repos/elasticsearch_buggy/589/b/GlobalScopeClusterTests.java -4.293802257495407 -3.019937649133598 -4.293802257495407 -5.089636296600159 0.7958340391047525
/home/ashley/reuse/Git_Scripts/Repos/elasticsearch_buggy/589/b/SuiteScopeClusterTests.java -4.216830011133013 -2.9620659590397747 -4.216830011133013 -4.956926706964521 0.7400966958315083
/home/ashley/reuse/Git_Scripts/Repos/elasticsearch_buggy/2805/b/RecoverySource.java -1.0043929362043884 -0.6894983355401676 -1.0043929362043884 -1.099617548666204 0.09522461246181568
/home/ashley/reuse/Git_Scripts/Repos/elasticsearch_buggy/2588/b/OpenCloseIndexTests.java -2.781443513572388 -1.8540627239968708 -2.781443513572388 -2.779348264221298 -0.002095249351090178
/home/ashley/reuse/Git_Scripts/Repos/elasticsearch_buggy/2242/b/BlobStoreIndexShardRepository.java -3.44671989421091 -2.247576855662383 -3.44671989421091 -3.229450221298348 -0.21726967291256205
/home/ashley/reuse/Git_Scripts/Repos/elasticsearch_buggy/3853/b/CompositeTestCluster.java -3.4677908949907206 -2.0256426274622217 -3.4677908949907206 -2.43543095331554 -1.0323599416751805
/home/ashley/reuse/Git_Scripts/Repos/elasticsearch_buggy/3853/b/UnicastBackwardsCompatibilityTest.java -2.8398231801157303 -1.9749958185686072 -2.8398231801157303 -3.242634978713706 0.40281179859797556
/home/ashley/reuse/Git_Scripts/Repos/elasticsearch_buggy/96/b/IndexQueryParserFilterDateRangeFormatTests.java -3.6409306165722364 -2.1221223728576137 -3.6409306165722364 -2.543606262154969 -1.0973243544172675
/home/ashley/reuse/Git_Scripts/Repos/elasticsearch_buggy/1897/b/MatchQueryParser.java -3.2568838224231205 -2.100615707384775 -3.2568838224231205 -2.9584234078280756 -0.2984604145950449
/home/ashley/reuse/Git_Scripts/Repos/elasticsearch_buggy/2619/b/FieldData.java -5.262429900287734 -3.5259192364839484 -5.262429900287734 -5.339777951315586 0.07734805102785192
/home/ashley/reuse/Git_Scripts/Repos/elasticsearch_buggy/2619/b/LongTermsAggregator.java -1.9465065690783367 -1.236886890300323 -1.9465065690783367 -1.6947196496950694 -0.25178691938326736
/home/ashley/reuse/Git_Scripts/Repos/elasticsearch_buggy/2619/b/DoubleTermsAggregator.java -2.9463225185086492 -1.8757049631168978 -2.9463225185086492 -2.578397208962475 -0.3679253095461741
/home/ashley/reuse/Git_Scripts/Repos/elasticsearch_buggy/2520/b/FiltersFunctionScoreQuery.java -3.7981612582474376 -2.5553683356012944 -3.7981612582474376 -3.903054798564293 0.10489354031685538
/home/ashley/reuse/Git_Scripts/Repos/elasticsearch_buggy/1775/b/LZFCompressor.java -4.235057116386161 -2.464315028382066 -4.235057116386161 -2.9437118317175934 -1.2913452846685671
/home/ashley/reuse/Git_Scripts/Repos/elasticsearch_buggy/3184/b/HighlighterSearchTests.java -1.378174279875726 -1.0788140583767307 -1.378174279875726 -2.482944799468793 1.1047705195930673
/home/ashley/reuse/Git_Scripts/Repos/elasticsearch_buggy/3184/b/RobinEngine.java -2.8780054612422976 -1.9837386244634203 -2.8780054612422976 -3.191741027644405 0.3137355664021073
/home/ashley/reuse/Git_Scripts/Repos/elasticsearch_buggy/3184/b/CustomMemoryIndex.java -6.336524846265337 -4.250390410577068 -6.336524846265337 -6.4540509614586785 0.11752611519334177
/home/ashley/reuse/Git_Scripts/Repos/elasticsearch_buggy/2583/b/TransportShardBulkAction.java -3.5088794671128913 -2.7098947001357154 -3.5088794671128913 -5.9504850807849525 2.441605613672061
/home/ashley/reuse/Git_Scripts/Repos/elasticsearch_buggy/207/b/TransportDeleteWarmerAction.java -2.487910058917605 -1.654939540139127 -2.487910058917605 -2.469151076380997 -0.018758982536607682
/home/ashley/reuse/Git_Scripts/Repos/elasticsearch_buggy/207/b/MetaData.java -3.2820906748784564 -2.2688259213789412 -3.2820906748784564 -3.6745047993440885 0.39241412446563206
/home/ashley/reuse/Git_Scripts/Repos/elasticsearch_buggy/207/b/MetaDataMappingService.java -3.3292184354036922 -2.215357908474641 -3.3292184354036922 -3.30986762811733 -0.019350807286362404
/home/ashley/reuse/Git_Scripts/Repos/elasticsearch_buggy/1037/b/UpgradeTest.java -4.175740646244252 -2.718449339903455 -4.175740646244252 -3.8919231330504993 -0.2838175131937528
/home/ashley/reuse/Git_Scripts/Repos/elasticsearch_buggy/1037/b/RestUpgradeAction.java -3.572159029172423 -2.3636142079254654 -3.572159029172423 -3.4931289621553336 -0.07903006701708915
/home/ashley/reuse/Git_Scripts/Repos/elasticsearch_buggy/1037/b/ElasticsearchMergePolicy.java -3.9720830271006733 -2.6446621487461686 -3.9720830271006733 -3.95382057640136 -0.018262450699313426
/home/ashley/reuse/Git_Scripts/Repos/elasticsearch_buggy/5005/b/InternalPercentiles.java -4.025939194019706 -2.533565182443436 -4.025939194019706 -3.4173669902725416 -0.6085722037471646
/home/ashley/reuse/Git_Scripts/Repos/elasticsearch_buggy/3436/b/Store.java -3.9701867676697895 -2.8838255980602825 -3.9701867676697895 -5.2685596349667785 1.298372867296989
/home/ashley/reuse/Git_Scripts/Repos/elasticsearch_buggy/335/b/FastVectorHighlighter.java -4.382628255403281 -2.9014823336069298 -4.382628255403281 -4.292662279485912 -0.08996597591736943
/home/ashley/reuse/Git_Scripts/Repos/elasticsearch_buggy/335/b/HighlighterSearchTests.java -2.0054533998494573 -1.4522310849203166 -2.0054533998494573 -2.6321983839295657 0.6267449840801085
/home/ashley/reuse/Git_Scripts/Repos/elasticsearch_buggy/1608/b/DiscoveryNodeFiltersTests.java -3.0734823635850983 -2.0489882423900654 -3.0734823635850983 -3.0734823635850983 0.0
/home/ashley/reuse/Git_Scripts/Repos/elasticsearch_buggy/4662/b/ElasticsearchAssertions.java -3.846099179219449 -3.6602101656881936 -3.846099179219449 -37.79490757679894 33.94880839757949
/home/ashley/reuse/Git_Scripts/Repos/elasticsearch_buggy/5534/b/TransportClearIndicesCacheAction.java -3.3181193019292876 -2.18416008418258 -3.3181193019292876 -3.1925518732848492 -0.12556742864443837
/home/ashley/reuse/Git_Scripts/Repos/elasticsearch_buggy/1983/b/SimpleQueryTests.java -1.550123752571619 -0.9916070661507702 -1.550123752571619 -1.376017498032479 -0.17410625453913986
/home/ashley/reuse/Git_Scripts/Repos/elasticsearch_buggy/2259/b/RestClusterStateAction.java -2.4677357514508245 -1.339136928384516 -2.4677357514508245 -1.4631153630986182 -1.0046203883522062
/home/ashley/reuse/Git_Scripts/Repos/elasticsearch_buggy/2259/b/RestGetMappingAction.java -2.3635236284271612 -1.5756824189514407 -2.3635236284271612 -2.3635236284271612 0.0
/home/ashley/reuse/Git_Scripts/Repos/elasticsearch_buggy/2259/b/RestUpdateSettingsAction.java -2.4824840032987323 -1.6531086658330194 -2.4824840032987323 -2.4740401801582603 -0.008443823140471984
/home/ashley/reuse/Git_Scripts/Repos/elasticsearch_buggy/2259/b/RestClusterHealthAction.java -3.151383428559294 -2.0675643225119393 -3.151383428559294 -3.0058927302024623 -0.1454906983568316
/home/ashley/reuse/Git_Scripts/Repos/elasticsearch_buggy/2526/b/ExceptionsHelper.java -3.409186747528907 -1.7249130298755528 -3.409186747528907 -1.7457229725952312 -1.6634637749336756
/home/ashley/reuse/Git_Scripts/Repos/elasticsearch_buggy/2251/b/DateFieldMapper.java -2.8305616272306793 -1.8877302890150547 -2.8305616272306793 -2.8336653132254495 0.003103685994770178
/home/ashley/reuse/Git_Scripts/Repos/elasticsearch_buggy/3434/b/MetaData.java -3.2820906748784564 -2.3974143237419927 -3.2820906748784564 -4.44712418596114 1.165033511082684
/home/ashley/reuse/Git_Scripts/Repos/elasticsearch_buggy/2085/b/SimpleGetFieldMappingsTests.java -2.6444761964723176 -1.733642243727998 -2.6444761964723176 -2.5166912327567172 -0.12778496371560033
/home/ashley/reuse/Git_Scripts/Repos/elasticsearch_buggy/697/b/QueryRescorerTests.java -1.9981674715757978 -1.3604765823234215 -1.9981674715757978 -2.131139634094624 0.13297216251882626
/home/ashley/reuse/Git_Scripts/Repos/elasticsearch_buggy/1765/b/MapperQueryParser.java -3.812618679603788 -2.607346399437411 -3.812618679603788 -4.122937885022312 0.31031920541852376
/home/ashley/reuse/Git_Scripts/Repos/elasticsearch_buggy/5166/b/ElasticsearchIntegrationTest.java -2.9332385502536495 -2.360101609127563 -2.9332385502536495 -6.038317361984206 3.1050788117305568
/home/ashley/reuse/Git_Scripts/Repos/elasticsearch_buggy/5166/b/ExternalTestCluster.java -3.085020302151754 -2.0566802014345025 -3.085020302151754 -3.085020302151754 0.0
/home/ashley/reuse/Git_Scripts/Repos/elasticsearch_buggy/2079/b/TransportNodesListGatewayStartedShards.java -3.5279221762432575 -2.2826712951834134 -3.5279221762432575 -3.2312727090261384 -0.29664946721711916
/home/ashley/reuse/Git_Scripts/Repos/elasticsearch_buggy/5243/b/TransportIndexAction.java -2.698966736228139 -1.6937685242194964 -2.698966736228139 -2.2738922787197224 -0.42507445750841644
/home/ashley/reuse/Git_Scripts/Repos/elasticsearch_buggy/5243/b/TransportUpdateAction.java -3.087511402318915 -2.058538966525888 -3.087511402318915 -3.087511402318915 0.0
/home/ashley/reuse/Git_Scripts/Repos/elasticsearch_buggy/5243/b/UpdateTests.java -2.304499942784515 -1.007702483941616 -2.304499942784515 -0.8953789586614995 -1.4091209841230157
/home/ashley/reuse/Git_Scripts/Repos/elasticsearch_buggy/5243/b/RestUpdateAction.java -3.316898015531228 -2.255424411958828 -3.316898015531228 -3.5211341365187314 0.20423612098750343
/home/ashley/reuse/Git_Scripts/Repos/elasticsearch_buggy/5243/b/TransportShardBulkAction.java -3.5088794671128913 -2.7098947001357154 -3.5088794671128913 -5.9504850807849525 2.441605613672061
/home/ashley/reuse/Git_Scripts/Repos/elasticsearch_buggy/1298/b/ScriptService.java -3.44715175717834 -2.8884287317024793 -3.44715175717834 -8.910364996585225 5.463213239406885
/home/ashley/reuse/Git_Scripts/Repos/elasticsearch_buggy/4147/b/HotThreads.java -6.772794011366277 -4.578309425648606 -6.772794011366277 -7.064972536609094 0.29217852524281707
/home/ashley/reuse/Git_Scripts/Repos/elasticsearch_buggy/6078/b/SearchService.java -3.1147131873758096 -2.0900154680053724 -3.1147131873758096 -3.175260882980872 0.06054769560506257
/home/ashley/reuse/Git_Scripts/Repos/elasticsearch_buggy/5851/b/Store.java -3.9701867676697895 -3.0834399941319797 -3.9701867676697895 -6.902665467146818 2.9324786994770284
/home/ashley/reuse/Git_Scripts/Repos/elasticsearch_buggy/5970/b/IndicesService.java -3.426787032788283 -1.987577249832585 -3.426787032788283 -2.3662304227822775 -1.0605566100060053
/home/ashley/reuse/Git_Scripts/Repos/elasticsearch_buggy/5217/b/PercentileRanksParser.java -3.527460138258619 -2.398672894015861 -3.527460138258619 -3.7479263968997825 0.22046625864116365
/home/ashley/reuse/Git_Scripts/Repos/elasticsearch_buggy/5217/b/AbstractPercentilesParser.java -2.469356465424783 -1.6425382331814289 -2.469356465424783 -2.448675087992415 -0.020681377432368198
/home/ashley/reuse/Git_Scripts/Repos/elasticsearch_buggy/3956/b/LongTermsAggregator.java -1.9465065690783367 -1.2825250361020668 -1.9465065690783367 -1.877831585384283 -0.06867498369405367
/home/ashley/reuse/Git_Scripts/Repos/elasticsearch_buggy/3956/b/LongTerms.java -2.7606845377400515 -1.8657299131955818 -2.7606845377400515 -2.875452224494173 0.11476768675412163
/home/ashley/reuse/Git_Scripts/Repos/elasticsearch_buggy/3956/b/DoubleTermsAggregator.java -2.9463225185086492 -1.940046818674972 -2.9463225185086492 -2.8370804622062566 -0.10924205630239259
/home/ashley/reuse/Git_Scripts/Repos/elasticsearch_buggy/1506/b/InternalEngine.java -2.8210418069076524 -1.72528279165044 -2.8210418069076524 -2.220878320969945 -0.6001634859377072
/home/ashley/reuse/Git_Scripts/Repos/elasticsearch_buggy/4980/b/SimpleQueryStringParser.java -2.636651221719497 -1.7539462474916656 -2.636651221719497 -2.6166981854470253 -0.019953036272471802
/home/ashley/reuse/Git_Scripts/Repos/elasticsearch_buggy/4980/b/SimpleQueryStringBuilder.java -3.7375766051364083 -2.6556465352285006 -3.7375766051364083 -4.587025833576501 0.8494492284400925
/home/ashley/reuse/Git_Scripts/Repos/elasticsearch_buggy/4980/b/SimpleQueryTests.java -1.550123752571619 -1.08832753791638 -1.550123752571619 -1.8265204847700236 0.27639673219840466
/home/ashley/reuse/Git_Scripts/Repos/elasticsearch_buggy/4335/b/SignificantStringTerms.java -3.25782018186897 -2.1133056396225967 -3.25782018186897 -3.0046898549225416 -0.25313032694642823
/home/ashley/reuse/Git_Scripts/Repos/elasticsearch_buggy/4335/b/SignificantLongTerms.java -3.1074896870788007 -2.0165179034076046 -3.1074896870788007 -2.8718930601313675 -0.23559662694743322
/home/ashley/reuse/Git_Scripts/Repos/elasticsearch_buggy/4653/b/SignificantLongTermsAggregator.java -3.631509701987239 -2.404407990737878 -3.631509701987239 -3.5526780876170383 -0.07883161437020059
/home/ashley/reuse/Git_Scripts/Repos/elasticsearch_buggy/4653/b/SignificantStringTermsAggregator.java -3.049456811347587 -2.3291611580615825 -3.049456811347587 -4.9233762174672995 1.8739194061197124
/home/ashley/reuse/Git_Scripts/Repos/elasticsearch_buggy/1914/b/ShapeBuilderTests.java -4.369294348022372 -2.912862898681581 -4.369294348022372 -4.369294348022372 0.0
/home/ashley/reuse/Git_Scripts/Repos/elasticsearch_buggy/1213/b/ZenDiscovery.java -3.148483342145479 -2.1840055869514403 -3.148483342145479 -3.564193306449223 0.41570996430374363
/home/ashley/reuse/Git_Scripts/Repos/elasticsearch_buggy/4547/b/SearchRequest.java -3.3039793666964377 -2.07720596278992 -3.3039793666964377 -2.795801355591809 -0.5081780111046288
/home/ashley/reuse/Git_Scripts/Repos/elasticsearch_buggy/4413/b/InternalEngineSettingsTest.java -3.196541339133117 -2.131027559422078 -3.196541339133117 -3.196541339133117 0.0
/home/ashley/reuse/Git_Scripts/Repos/elasticsearch_buggy/4413/b/InternalEngine.java -2.8210418069076524 -1.729188723826613 -2.8210418069076524 -2.233869078879591 -0.5871727280280612
/home/ashley/reuse/Git_Scripts/Repos/elasticsearch_buggy/4413/b/EngineConfig.java -4.080919239426038 -2.918199232662195 -4.080919239426038 -5.121153555358165 1.0402343159321275
/home/ashley/reuse/Git_Scripts/Repos/elasticsearch_buggy/1072/b/TransportValidateQueryAction.java -3.2303986513474507 -2.2050143805724867 -3.2303986513474507 -3.470402650209302 0.2400039988618512
/home/ashley/reuse/Git_Scripts/Repos/elasticsearch_buggy/1072/b/ShardValidateQueryRequest.java -2.7824160822489192 -1.7951071498380125 -2.7824160822489192 -2.524253765339226 -0.25816231690969316
/home/ashley/reuse/Git_Scripts/Repos/elasticsearch_buggy/1072/b/ValidateQueryRequest.java -3.6107002544783238 -2.4656578904788553 -3.6107002544783238 -3.8875206073216617 0.27682035284333795
/home/ashley/reuse/Git_Scripts/Repos/elasticsearch_buggy/5502/b/BufferedChecksumIndexOutput.java -3.6320419406379236 -2.4213612937586158 -3.6320419406379236 -3.6320419406379236 0.0
/home/ashley/reuse/Git_Scripts/Repos/elasticsearch_buggy/5502/b/Store.java -3.9701867676697895 -3.0834399941319797 -3.9701867676697895 -6.902665467146818 2.9324786994770284
/home/ashley/reuse/Git_Scripts/Repos/elasticsearch_buggy/4016/b/UpdateTests.java -2.304499942784515 -1.5619388501095046 -2.304499942784515 -2.422092053847741 0.11759211106322587
/home/ashley/reuse/Git_Scripts/Repos/elasticsearch_buggy/6653/b/PercolatorTests.java -1.6062594518389743 -1.077139343264456 -1.6062594518389743 -1.6349456607568067 0.028686208917832356
/home/ashley/reuse/Git_Scripts/Repos/elasticsearch_buggy/4548/b/StringTermsTests.java -1.6257859316731635 -1.1268681623784085 -1.6257859316731635 -1.8357892510608844 0.21000331938772088
/home/ashley/reuse/Git_Scripts/Repos/elasticsearch_buggy/4548/b/NestedTests.java -2.8783187612587784 -1.9155551315085981 -2.8783187612587784 -2.862064725901082 -0.016254035357696317
/home/ashley/reuse/Git_Scripts/Repos/elasticsearch_buggy/4548/b/MockBigArrays.java -2.711983577766336 -1.8152011127112782 -2.711983577766336 -2.743557606946152 0.03157402917981589
/home/ashley/reuse/Git_Scripts/Repos/elasticsearch_buggy/4548/b/TransportShardDeleteByQueryAction.java -2.9162162851453997 -1.6035522909097921 -2.9162162851453997 -1.7795701237724484 -1.1366461613729513
/home/ashley/reuse/Git_Scripts/Repos/elasticsearch_buggy/4548/b/DefaultSearchContext.java -3.2798233066616893 -2.2050112874087944 -3.2798233066616893 -3.3631602719893268 0.08333696532763746
/home/ashley/reuse/Git_Scripts/Repos/elasticsearch_buggy/1537/b/DiscoveryTests.java -1.940661548377838 -1.2937743655852252 -1.940661548377838 -1.940661548377838 0.0
/home/ashley/reuse/Git_Scripts/Repos/elasticsearch_buggy/3711/b/TransportSingleShardTermVectorAction.java -2.7324882132449178 -1.8261567318147105 -2.7324882132449178 -2.7528293165693216 0.020341103324403864
/home/ashley/reuse/Git_Scripts/Repos/elasticsearch_buggy/462/b/GeoShapeFieldMapper.java -3.326557006925322 -2.2486001752918874 -3.326557006925322 -3.4695715307801795 0.1430145238548577
/home/ashley/reuse/Git_Scripts/Repos/elasticsearch_buggy/5202/b/IdFieldMapper.java -2.6204682757540594 -1.867118235549157 -2.6204682757540594 -3.2473112379523448 0.6268429621982854
/home/ashley/reuse/Git_Scripts/Repos/elasticsearch_buggy/5202/b/ParentFieldMapper.java -2.618581406248976 -1.9523041188025416 -2.618581406248976 -3.8337639848641674 1.2151825786151913
/home/ashley/reuse/Git_Scripts/Repos/elasticsearch_buggy/5202/b/MatchQuery.java -4.188537946011127 -2.7016134569752985 -4.188537946011127 -3.805105963159193 -0.38343198285193436
/home/ashley/reuse/Git_Scripts/Repos/elasticsearch_buggy/663/b/DeleteByQueryTests.java -2.1857356274727633 -1.1984614197280454 -2.1857356274727633 -1.325943887755989 -0.8597917397167743
/home/ashley/reuse/Git_Scripts/Repos/elasticsearch_buggy/6390/b/AbstractStringFieldDataTests.java -3.5884904869906213 -2.13646627296929 -3.5884904869906213 -2.64000036028806 -0.9484901267025614
/home/ashley/reuse/Git_Scripts/Repos/elasticsearch_buggy/6390/b/AbstractFieldDataImplTests.java -3.8329256906779188 -2.725561657074202 -3.8329256906779188 -4.715575849727956 0.8826501590500371
/home/ashley/reuse/Git_Scripts/Repos/elasticsearch_buggy/4160/b/ThreadPool.java -4.894966906721557 -0.7542094025462217 -4.894966906721557 -0.4457916290049989 -4.449175277716558
/home/ashley/reuse/Git_Scripts/Repos/elasticsearch_buggy/1931/b/PercolatorService.java -2.3881140881556466 -1.8945642146578143 -2.3881140881556466 -4.5835646353982265 2.19545054724258
/home/ashley/reuse/Git_Scripts/Repos/elasticsearch_buggy/6748/b/DedicatedClusterSnapshotRestoreTests.java -2.7121548591515974 -2.5123602166908108 -2.7121548591515974 -17.03829525133957 14.326140392187972
/home/ashley/reuse/Git_Scripts/Repos/elasticsearch_buggy/6748/b/SharedClusterSnapshotRestoreTests.java -1.7471006314321817 -1.4086507833085633 -1.7471006314321817 -3.635774527053312 1.8886738956211304
/home/ashley/reuse/Git_Scripts/Repos/elasticsearch_buggy/6748/b/AbstractSnapshotTests.java -3.1340304998023782 -2.1118295020182978 -3.1340304998023782 -3.2331302784522555 0.09909977864987729
/home/ashley/reuse/Git_Scripts/Repos/elasticsearch_buggy/349/b/Version.java -2.6693054944546253 -1.9378470676546804 -2.6693054944546253 -3.535885045260519 0.8665795508058936
/home/ashley/reuse/Git_Scripts/Repos/elasticsearch_buggy/349/b/SegmentsStats.java -4.27537524992964 -2.897085263254357 -4.27537524992964 -4.493294862183335 0.21791961225369505
/home/ashley/reuse/Git_Scripts/Repos/elasticsearch_buggy/349/b/Lucene.java -3.690692679265737 -2.7179712911450578 -3.690692679265737 -5.156253820050167 1.46556114078443
/home/ashley/reuse/Git_Scripts/Repos/elasticsearch_buggy/349/b/InternalEngine.java -2.7780127089691113 -1.8979357456088837 -2.7780127089691113 -2.995470760862389 0.21745805189327783
/home/ashley/reuse/Git_Scripts/Repos/elasticsearch_buggy/349/b/NodeEnvironment.java -3.82063799129407 -3.0231316149231002 -3.82063799129407 -7.241504170296836 3.420866179002766
/home/ashley/reuse/Git_Scripts/Repos/elasticsearch_buggy/349/b/XAnalyzingSuggester.java -3.9901953856959382 -2.604775543495274 -3.9901953856959382 -3.750351645879979 -0.2398437398159592
/home/ashley/reuse/Git_Scripts/Repos/elasticsearch_buggy/2478/b/MatchQueryParser.java -3.25688382242312 -2.0617807951474094 -3.25688382242312 -2.809373068197042 -0.4475107542260779
/home/ashley/reuse/Git_Scripts/Repos/elasticsearch_buggy/2478/b/CommonTermsQueryParser.java -3.190141380860995 -2.021102852212967 -3.190141380860995 -2.7576524151335313 -0.43248896572746354
/home/ashley/reuse/Git_Scripts/Repos/elasticsearch_buggy/4783/b/ElasticsearchTestCase.java -3.6363047577802794 -2.5069794143287303 -3.6363047577802794 -4.036100502322555 0.39979574454227595
/home/ashley/reuse/Git_Scripts/Repos/elasticsearch_buggy/381/b/IndicesAliasesRequest.java -3.359471284493834 -2.1287738832436176 -3.359471284493834 -2.905488678481154 -0.4539826060126799
/home/ashley/reuse/Git_Scripts/Repos/elasticsearch_buggy/381/b/MetaData.java -3.2820906748784564 -2.269592740448271 -3.2820906748784564 -3.6785305509730604 0.39643987609460396
/home/ashley/reuse/Git_Scripts/Repos/elasticsearch_buggy/929/b/HighlightPhase.java -4.096209178505459 -2.7574533293764305 -4.096209178505459 -4.218508417513385 0.12229923900792539
/home/ashley/reuse/Git_Scripts/Repos/elasticsearch_buggy/929/b/HighlighterSearchTests.java -1.378174279875726 -1.047833756561373 -1.378174279875726 -2.185771092189376 0.8075968123136501
/home/ashley/reuse/Git_Scripts/Repos/elasticsearch_buggy/1351/b/QueryParseContext.java -5.682846884019093 -2.6463312455482044 -5.682846884019093 -2.475025494282785 -3.207821389736308
/home/ashley/reuse/Git_Scripts/Repos/elasticsearch_buggy/1351/b/FilteredSearchContext.java -3.5251822639734955 -2.2306540274308766 -3.5251822639734955 -3.0371921571837763 -0.4879901067897192
/home/ashley/reuse/Git_Scripts/Repos/elasticsearch_buggy/1351/b/DefaultSearchContext.java -4.043395113069952 -2.6955967420466345 -4.043395113069952 -4.04219422352048 -0.0012008895494721727
/home/ashley/reuse/Git_Scripts/Repos/elasticsearch_buggy/1351/b/TestSearchContext.java -3.0967398620771753 -2.0611914929615165 -3.0967398620771753 -3.0819293670846326 -0.014810494992542722
/home/ashley/reuse/Git_Scripts/Repos/elasticsearch_buggy/1351/b/SearchContext.java -4.157280332526213 -2.9040986377555926 -4.157280332526213 -4.8139684152600575 0.6566880827338446
/home/ashley/reuse/Git_Scripts/Repos/elasticsearch_buggy/1351/b/PercolateContext.java -3.345129238075719 -2.233671506239199 -3.345129238075719 -3.3613153472922144 0.016186109216495215
/home/ashley/reuse/Git_Scripts/Repos/elasticsearch_buggy/5252/b/TransportSealIndicesAction.java -3.5254226626602128 -2.385465634015593 -3.5254226626602128 -3.688636674820408 0.16321401216019504
/home/ashley/reuse/Git_Scripts/Repos/elasticsearch_buggy/6753/b/RecoveryTarget.java -3.4507413132177205 -2.2970911108697845 -3.4507413132177205 -3.4354725463450757 -0.015268766872644779
/home/ashley/reuse/Git_Scripts/Repos/elasticsearch_buggy/6753/b/Store.java -3.9701867676697895 -2.6614955738823403 -3.9701867676697895 -4.036503265045501 0.06631649737571133
/home/ashley/reuse/Git_Scripts/Repos/elasticsearch_buggy/193/b/GeoShapeIntegrationTests.java -1.9988874614218486 -1.064786262882218 -1.9988874614218486 -1.1388178862451057 -0.8600695751767429
/home/ashley/reuse/Git_Scripts/Repos/elasticsearch_buggy/6153/b/TransportShardReplicationOperationAction.java -3.0452843333379556 -2.181054687759316 -3.0452843333379556 -3.8415651739358303 0.7962808405978747
/home/ashley/reuse/Git_Scripts/Repos/elasticsearch_buggy/152/b/BulkProcessor.java -3.7814320962023507 -2.9185078887201814 -3.7814320962023507 -6.385963810636716 2.6045317144343656
/home/ashley/reuse/Git_Scripts/Repos/elasticsearch_buggy/3273/b/AbstractFieldMapper.java -2.5752217250210045 -1.7029527456424811 -2.5752217250210045 -2.5138351878495473 -0.061386537171457256
/home/ashley/reuse/Git_Scripts/Repos/elasticsearch_buggy/3273/b/CompletionFieldMapper.java -2.8893165640574154 -1.7537236931191917 -2.8893165640574154 -2.2304181095682347 -0.6588984544891807
/home/ashley/reuse/Git_Scripts/Repos/elasticsearch_buggy/2034/b/IndexIndexFieldData.java -2.769140628757103 -1.825493564708545 -2.769140628757103 -2.6750943432521446 -0.09404628550495842
/home/ashley/reuse/Git_Scripts/Repos/elasticsearch_buggy/5655/b/ZenFaultDetectionTests.java -3.7803553301218575 -2.525514869756801 -3.7803553301218575 -3.801208354007479 0.02085302388562127
/home/ashley/reuse/Git_Scripts/Repos/elasticsearch_buggy/5781/b/XBooleanFilterTests.java -2.9097211321373386 -2.1513100022957494 -2.9097211321373386 -4.126859383488905 1.2171382513515665
/home/ashley/reuse/Git_Scripts/Repos/elasticsearch_buggy/6546/b/IndicesFilterCache.java -4.064668843345426 -2.4006789366273362 -4.064668843345426 -2.9298309064175845 -1.1348379369278412
/home/ashley/reuse/Git_Scripts/Repos/elasticsearch_buggy/6546/b/WeightedFilterCache.java -4.069530927632222 -2.713718053027759 -4.069530927632222 -4.069530927632222 0.0
/home/ashley/reuse/Git_Scripts/Repos/elasticsearch_buggy/492/b/UpdateMappingTests.java -2.6564240135422845 -1.6135952004715655 -2.6564240135422845 -2.054706025560478 -0.6017179879818064
/home/ashley/reuse/Git_Scripts/Repos/elasticsearch_buggy/4418/b/DateMathParser.java -3.5645193283647205 -2.3763462189098137 -3.5645193283647205 -3.5645193283647205 0.0
/home/ashley/reuse/Git_Scripts/Repos/elasticsearch_buggy/532/b/ElasticSearchException.java -4.471796105401375 -2.981197403600917 -4.471796105401375 -4.471796105401375 0.0
/home/ashley/reuse/Git_Scripts/Repos/elasticsearch_buggy/1776/b/SimpleQueryTests.java -1.4241197142867101 -1.2187757179541023 -1.4241197142867101 -4.226280188929867 2.8021604746431574
/home/ashley/reuse/Git_Scripts/Repos/elasticsearch_buggy/2292/b/IndicesClusterStateService.java -3.1986834475703594 -2.15786091101917 -3.1986834475703594 -3.315797715673622 0.11711426810326264
/home/ashley/reuse/Git_Scripts/Repos/elasticsearch_buggy/2292/b/MockFSDirectoryService.java -3.1313794966229915 -1.8187052116386333 -3.1313794966229915 -2.1692571703705075 -0.9621223262524841
/home/ashley/reuse/Git_Scripts/Repos/elasticsearch_buggy/1655/b/RobinEngineIntegrationTest.java -3.1656631669724917 -1.6841328048293656 -3.1656631669724917 -1.7992871846467582 -1.3663759823257335
/home/ashley/reuse/Git_Scripts/Repos/elasticsearch_buggy/247/b/UnicastZenPing.java -3.652665189309002 -2.4595028736221867 -3.652665189309002 -3.763269256723593 0.11060406741459072
/home/ashley/reuse/Git_Scripts/Repos/elasticsearch_buggy/4411/b/InternalClusterService.java -3.1463137460151303 -2.093096290591378 -3.1463137460151303 -3.1255985884065223 -0.02071515760860798
/home/ashley/reuse/Git_Scripts/Repos/elasticsearch_buggy/4411/b/ZenDiscovery.java -3.148483342145479 -2.0992949590527696 -3.148483342145479 -3.149401668918746 9.183267732666422E-4
/home/ashley/reuse/Git_Scripts/Repos/elasticsearch_buggy/2502/b/PrioritizedEsThreadPoolExecutor.java -4.975616753586602 -3.319217885940997 -4.975616753586602 -4.975616753586602 0.0
/home/ashley/reuse/Git_Scripts/Repos/elasticsearch_buggy/5426/b/NodesFaultDetection.java -3.067446464760601 -2.0453983005682956 -3.067446464760601 -3.0694002523177737 0.0019537875571726815
/home/ashley/reuse/Git_Scripts/Repos/elasticsearch_buggy/5426/b/ZenDiscovery.java -3.148483342145479 -2.337928682881438 -3.148483342145479 -4.539719832620526 1.391236490475047
/home/ashley/reuse/Git_Scripts/Repos/elasticsearch_buggy/5426/b/MasterFaultDetection.java -3.3572468395966184 -2.2388976630916195 -3.3572468395966184 -3.3588965923433487 0.001649752746730293
/home/ashley/reuse/Git_Scripts/Repos/elasticsearch_buggy/5945/b/TestCluster.java -2.0862224275741643 -1.9687360479038576 -2.0862224275741643 -17.45877936417 15.372556936595835
/home/ashley/reuse/Git_Scripts/Repos/elasticsearch_buggy/5762/b/TermsParser.java -2.989871312610772 -2.5756816655673984 -2.989871312610772 -9.274844419862186 6.284973107251414
/home/ashley/reuse/Git_Scripts/Repos/elasticsearch_buggy/1071/b/PluginManagerTests.java -3.6661946708954085 -2.28069700611124 -3.6661946708954085 -3.0175002897008434 -0.6486943811945651
/home/ashley/reuse/Git_Scripts/Repos/elasticsearch_buggy/2752/b/SimpleChildQuerySearchTests.java -1.6190947259572355 -1.199427762551901 -1.6190947259572355 -2.313724135867714 0.6946294099104786
/home/ashley/reuse/Git_Scripts/Repos/elasticsearch_buggy/6301/b/GetTermVectorTestsCheckDocFreq.java -2.906833551867978 -1.933261993254501 -2.906833551867978 -2.8851758998780324 -0.021657651989945848
/home/ashley/reuse/Git_Scripts/Repos/elasticsearch_buggy/6301/b/TermVectorResponse.java -3.9736816509394663 -2.6670033067057557 -3.9736816509394663 -4.055252828524734 0.08157117758526722
/home/ashley/reuse/Git_Scripts/Repos/elasticsearch_buggy/3871/b/ActionModule.java -4.164854018969247 -2.9169406879422883 -4.164854018969247 -4.865809093772141 0.7009550748028941
/home/ashley/reuse/Git_Scripts/Repos/elasticsearch_buggy/2942/b/AbstractFieldMapper.java -2.810112782758056 -2.023987366443256 -2.810112782758056 -3.6175097844091484 0.8073970016510925
/home/ashley/reuse/Git_Scripts/Repos/elasticsearch_buggy/2942/b/CompletionFieldMapper.java -3.0563413075448804 -2.0377334878327864 -3.0563413075448804 -3.0563413075448804 0.0
/home/ashley/reuse/Git_Scripts/Repos/elasticsearch_buggy/2942/b/ParentFieldMapper.java -2.4676042696136387 -1.6104284858253164 -2.4676042696136387 -2.316994190353717 -0.15061007925992165
/home/ashley/reuse/Git_Scripts/Repos/elasticsearch_buggy/2942/b/GeoShapeFieldMapper.java -3.7135014104354678 -2.471367439897748 -3.7135014104354678 -3.694217649402049 -0.019283761033418667
/home/ashley/reuse/Git_Scripts/Repos/elasticsearch_buggy/2942/b/FieldNamesFieldMapper.java -2.5861791951152053 -1.7403274019615835 -2.5861791951152053 -2.660512489346061 0.07433329423085588
/home/ashley/reuse/Git_Scripts/Repos/elasticsearch_buggy/2942/b/NumberFieldMapper.java -3.288518522165915 -2.062788780601457 -3.288518522165915 -2.765992879972816 -0.5225256421930986
/home/ashley/reuse/Git_Scripts/Repos/elasticsearch_buggy/2942/b/GeoPointFieldMapper.java -3.2013311158683733 -2.134344538618972 -3.2013311158683733 -3.2013311158683733 0.0
/home/ashley/reuse/Git_Scripts/Repos/elasticsearch_buggy/2942/b/GeoPointFieldMapperTests.java -3.0023985456466256 -2.3452190432058857 -3.0023985456466256 -5.356183420261007 2.3537848746143815
/home/ashley/reuse/Git_Scripts/Repos/elasticsearch_buggy/2173/b/GroovyScriptEngineService.java -4.671354207094921 -3.3199981686138904 -4.671354207094921 -5.738268439579564 1.0669142324846428
/home/ashley/reuse/Git_Scripts/Repos/elasticsearch_buggy/5239/b/SimpleSortTests.java -1.83598656305177 -1.2240122668219524 -1.83598656305177 -1.83598656305177 0.0
/home/ashley/reuse/Git_Scripts/Repos/elasticsearch_buggy/2454/b/MovAvgTests.java -3.650849132334728 -2.4188739563194352 -3.650849132334728 -3.5835662573886613 -0.06728287494606677
/home/ashley/reuse/Git_Scripts/Repos/elasticsearch_buggy/846/b/BlobStoreIndexShardRepository.java -3.44671989421091 -2.4676948002399763 -3.44671989421091 -4.342614701971167 0.8958948077602567
/home/ashley/reuse/Git_Scripts/Repos/elasticsearch_buggy/846/b/RestActionModule.java -4.1628700580880365 -2.8330171470144707 -4.1628700580880365 -4.432242662953674 0.2693726048656373
/home/ashley/reuse/Git_Scripts/Repos/elasticsearch_buggy/846/b/ActionModule.java -4.164854018969247 -2.802143775793837 -4.164854018969247 -4.28209878981675 0.11724477084750351
/home/ashley/reuse/Git_Scripts/Repos/elasticsearch_buggy/846/b/PutRepositoryRequestBuilder.java -4.642946508995179 -3.0952976726634525 -4.642946508995179 -4.642946508995179 0.0
/home/ashley/reuse/Git_Scripts/Repos/elasticsearch_buggy/846/b/URLRepository.java -4.240833645922861 -2.928389964399345 -4.240833645922861 -4.716441157615145 0.4756075116922833
/home/ashley/reuse/Git_Scripts/Repos/elasticsearch_buggy/846/b/RepositoriesService.java -4.934842093313488 -3.2600898154561637 -4.934842093313488 -4.803106901839442 -0.13173519147404633
/home/ashley/reuse/Git_Scripts/Repos/elasticsearch_buggy/6068/b/RecoveryPercolatorTests.java -1.517785871860708 -1.0271319707216426 -1.517785871860708 -1.5886619774942945 0.07087610563358648
/home/ashley/reuse/Git_Scripts/Repos/elasticsearch_buggy/6068/b/LocalGatewayIndexStateTests.java -2.2629067650076014 -1.5694578715940763 -2.2629067650076014 -2.560347758292972 0.29744099328537077
/home/ashley/reuse/Git_Scripts/Repos/elasticsearch_buggy/6208/b/HasChildQueryParser.java -2.3980924507252506 -1.5444190588534876 -2.3980924507252506 -2.167094468877833 -0.2309979818474175
/home/ashley/reuse/Git_Scripts/Repos/elasticsearch_buggy/6208/b/ChildrenQueryTests.java -3.711793848213101 -2.474928349760155 -3.711793848213101 -3.711793848213101 0.0
/home/ashley/reuse/Git_Scripts/Repos/elasticsearch_buggy/6208/b/ChildrenConstantScoreQuery.java -3.50305836611595 -2.3516517717609817 -3.50305836611595 -3.5773520204101823 0.07429365429423251
/home/ashley/reuse/Git_Scripts/Repos/elasticsearch_buggy/6632/b/Lucene.java -3.690692679265737 -2.7470305838392837 -3.690692679265737 -5.3694737423554875 1.6787810630897506
/home/ashley/reuse/Git_Scripts/Repos/elasticsearch_buggy/6632/b/RobinEngine.java -2.8780054612422976 -1.9087774601684682 -2.8780054612422976 -2.833942038702304 -0.044063422539993624
/home/ashley/reuse/Git_Scripts/Repos/elasticsearch_buggy/5092/b/HistogramAggregator.java -3.427988943696004 -2.1987164753515134 -3.427988943696004 -3.062985684384983 -0.36500325931102084
/home/ashley/reuse/Git_Scripts/Repos/elasticsearch_buggy/5092/b/SignificantTermsAggregatorFactory.java -3.7311445287029485 -2.5172192628774384 -3.7311445287029485 -3.8684872720907872 0.1373427433878387
/home/ashley/reuse/Git_Scripts/Repos/elasticsearch_buggy/5092/b/TermsAggregatorFactory.java -3.033224474778238 -1.8769288683084229 -3.033224474778238 -2.4618041221103377 -0.5714203526679005
/home/ashley/reuse/Git_Scripts/Repos/elasticsearch_buggy/5092/b/Aggregator.java -3.472141039309971 -2.0386883166590657 -3.472141039309971 -2.4656535535737936 -1.0064874857361774
/home/ashley/reuse/Git_Scripts/Repos/elasticsearch_buggy/5077/b/HighlightPhase.java -4.096209178505459 -2.7923302094317846 -4.096209178505459 -4.386131268540407 0.2899220900349473
/home/ashley/reuse/Git_Scripts/Repos/elasticsearch_buggy/5077/b/AbstractFragmentsBuilder.java -4.682910730040833 -3.1219404866938887 -4.682910730040833 -4.682910730040833 0.0
/home/ashley/reuse/Git_Scripts/Repos/elasticsearch_buggy/5077/b/HighlighterSearchTests.java -1.378174279875726 -1.059612684035599 -1.378174279875726 -2.292069990289771 0.9138957104140453
/home/ashley/reuse/Git_Scripts/Repos/elasticsearch_buggy/771/b/InternalCountHistogramFacet.java -3.5881059100678256 -2.5244450649575194 -3.5881059100678256 -4.257925023213711 0.6698191131458855
/home/ashley/reuse/Git_Scripts/Repos/elasticsearch_buggy/771/b/ValueDateHistogramFacetCollector.java -1.2346816165612347 -0.8235171898719303 -1.2346816165612347 -1.2346816165612347 0.0
/home/ashley/reuse/Git_Scripts/Repos/elasticsearch_buggy/771/b/InternalCountDateHistogramFacet.java -3.500910806393125 -2.3282200951013103 -3.500910806393125 -3.475294385858541 -0.025616420534583906
/home/ashley/reuse/Git_Scripts/Repos/elasticsearch_buggy/771/b/ValueScriptDateHistogramFacetCollector.java -3.9040937541391085 -2.6037736032821823 -3.9040937541391085 -3.9040937541391085 0.0
/home/ashley/reuse/Git_Scripts/Repos/elasticsearch_buggy/771/b/InternalCountAndTotalDateHistogramFacet.java -3.687017166571735 -2.451439221267838 -3.687017166571735 -3.6575994764129183 -0.02941769015881679
/home/ashley/reuse/Git_Scripts/Repos/elasticsearch_buggy/5514/b/SearchScript.java -3.250217011916406 -2.166811341277604 -3.250217011916406 -3.250217011916406 0.0
/home/ashley/reuse/Git_Scripts/Repos/elasticsearch_buggy/1963/b/CompletionSuggester.java -3.914430845361123 -2.6106455520122496 -3.914430845361123 -3.914430845361123 0.0
/home/ashley/reuse/Git_Scripts/Repos/elasticsearch_buggy/966/b/SearchStatsTests.java -2.072114417899931 -1.2696728961845771 -2.072114417899931 -1.6382613027840818 -0.43385311511584934
/home/ashley/reuse/Git_Scripts/Repos/elasticsearch_buggy/6648/b/ElasticsearchExceptionTests.java -4.083940419913214 -2.683794490825399 -4.083940419913214 -3.9125196793960635 -0.17142074051715017
/home/ashley/reuse/Git_Scripts/Repos/elasticsearch_buggy/6648/b/StreamOutput.java -4.5383117237844 -3.3192640152341473 -4.5383117237844 -6.176409802152781 1.6380980783683814
/home/ashley/reuse/Git_Scripts/Repos/elasticsearch_buggy/6648/b/StreamInput.java -4.28081184461515 -3.164822808949392 -4.28081184461515 -6.069957021834224 1.7891451772190736
/home/ashley/reuse/Git_Scripts/Repos/elasticsearch_buggy/5050/b/BlobStoreIndexShardRepository.java -3.44671989421091 -2.257778156178567 -3.44671989421091 -3.272628354562736 -0.17409153964817392
/home/ashley/reuse/Git_Scripts/Repos/elasticsearch_buggy/716/b/FuzzinessTests.java -4.3526005592527 -2.9052189731456766 -4.3526005592527 -4.366069153041002 0.013468593788301675
/home/ashley/reuse/Git_Scripts/Repos/elasticsearch_buggy/4663/b/PutIndexTemplateRequest.java -2.762223188989405 -1.8414821259929368 -2.762223188989405 -2.762223188989405 0.0
/home/ashley/reuse/Git_Scripts/Repos/elasticsearch_buggy/2909/b/ActionModule.java -4.164854018969247 -2.7904608749149804 -4.164854018969247 -4.226662714545993 0.06180869557674651
/home/ashley/reuse/Git_Scripts/Repos/elasticsearch_buggy/1884/b/ZenDiscovery.java -3.148483342145479 -2.0869199114588173 -3.148483342145479 -3.094790376006856 -0.05369296613862318
/home/ashley/reuse/Git_Scripts/Repos/elasticsearch_buggy/6087/b/DiskThresholdDeciderTests.java -1.8348685698221248 -1.2376641988077755 -1.8348685698221248 -1.901318249336711 0.06644967951458614
/home/ashley/reuse/Git_Scripts/Repos/elasticsearch_buggy/5740/b/RecoverySource.java -1.0043929362043886 -0.6983950882568151 -1.0043929362043886 -1.1461895860214788 0.14179664981709017
/home/ashley/reuse/Git_Scripts/Repos/elasticsearch_buggy/5740/b/Store.java -3.970186767669791 -3.1020043835093514 -3.970186767669791 -7.090871095308445 3.1206843276386538
/home/ashley/reuse/Git_Scripts/Repos/elasticsearch_buggy/5725/b/AbstractFieldMapper.java -2.810112782758056 -1.9116613660019024 -2.810112782758056 -2.9890357359989723 0.17892295324091645
/home/ashley/reuse/Git_Scripts/Repos/elasticsearch_buggy/5725/b/IdFieldMapper.java -2.645202279331862 -1.7783649463145754 -2.645202279331862 -2.7121843006210296 0.06698202128916764
/home/ashley/reuse/Git_Scripts/Repos/elasticsearch_buggy/5725/b/CompletionFieldMapper.java -3.05634130754488 -2.0353195202553906 -3.05634130754488 -3.045505962316815 -0.010835345228064952
/home/ashley/reuse/Git_Scripts/Repos/elasticsearch_buggy/5725/b/AllFieldMapper.java -2.6743214714297956 -1.7828809809531971 -2.6743214714297956 -2.6743214714297956 0.0
/home/ashley/reuse/Git_Scripts/Repos/elasticsearch_buggy/5725/b/ParentFieldMapper.java -2.4676042696136387 -1.5908666457302625 -2.4676042696136387 -2.238770882217844 -0.22883338739579484
/home/ashley/reuse/Git_Scripts/Repos/elasticsearch_buggy/5725/b/GeoShapeFieldMapper.java -3.7135014104354678 -2.421495449255513 -3.7135014104354678 -3.478732372611919 -0.23476903782354874
/home/ashley/reuse/Git_Scripts/Repos/elasticsearch_buggy/5725/b/TypeFieldMapper.java -2.417364090473269 -1.612000829967678 -2.417364090473269 -2.417364090473269 0.0
/home/ashley/reuse/Git_Scripts/Repos/elasticsearch_buggy/5725/b/FieldNamesFieldMapper.java -2.5861791951152053 -1.7088676373876626 -2.5861791951152053 -2.518739148077054 -0.06744004703815154
/home/ashley/reuse/Git_Scripts/Repos/elasticsearch_buggy/5725/b/NumberFieldMapper.java -3.288518522165915 -2.048914933712667 -3.288518522165915 -2.7177618605734524 -0.5707566615924624
/home/ashley/reuse/Git_Scripts/Repos/elasticsearch_buggy/5725/b/GeoPointFieldMapper.java -3.2013311158683733 -2.1156911134884475 -3.2013311158683733 -3.119370960138274 -0.08196015573009907
/home/ashley/reuse/Git_Scripts/Repos/elasticsearch_buggy/5725/b/DateFieldMapper.java -3.137282605275297 -2.1695964178787803 -3.137282605275297 -3.5169651023910005 0.37968249711570357
/home/ashley/reuse/Git_Scripts/Repos/elasticsearch_buggy/5725/b/UidFieldMapper.java -2.469862327839732 -1.6465748852264877 -2.469862327839732 -2.469862327839732 0.0
/home/ashley/reuse/Git_Scripts/Repos/elasticsearch_buggy/5725/b/RoutingFieldMapper.java -2.599445281151723 -1.7246547915586545 -2.599445281151723 -2.5606738939074263 -0.03877138724429674
/home/ashley/reuse/Git_Scripts/Repos/elasticsearch_buggy/5725/b/IndexFieldMapper.java -2.6974989091806103 -1.827129997279601 -2.6974989091806103 -2.8292790187334753 0.131780109552865
/home/ashley/reuse/Git_Scripts/Repos/elasticsearch_buggy/4669/b/AckTests.java -2.7615995782263245 -1.8262718239361702 -2.7615995782263245 -2.6960771107109647 -0.06552246751535984
/home/ashley/reuse/Git_Scripts/Repos/elasticsearch_buggy/5294/b/XFuzzySuggester.java -4.57874303077829 -3.0524953538521937 -4.57874303077829 -4.57874303077829 0.0
/home/ashley/reuse/Git_Scripts/Repos/elasticsearch_buggy/5294/b/CompletionPostingsFormatTest.java -3.6304239349059575 -2.3977369071712378 -3.6304239349059575 -3.5308238269524335 -0.09960010795352403
/home/ashley/reuse/Git_Scripts/Repos/elasticsearch_buggy/5294/b/AnalyzingCompletionLookupProvider.java -4.416537348846662 -2.665010468576244 -4.416537348846662 -3.358387080896502 -1.0581502679501598
/home/ashley/reuse/Git_Scripts/Repos/elasticsearch_buggy/5294/b/AnalyzingCompletionLookupProviderV1.java -4.132584862339484 -2.7615425827657902 -4.132584862339484 -4.159639427723048 0.027054565383564544
/home/ashley/reuse/Git_Scripts/Repos/elasticsearch_buggy/5294/b/XAnalyzingSuggester.java -3.9901953856959373 -2.637950862260904 -3.9901953856959373 -3.8920251388955918 -0.09817024680034558
/home/ashley/reuse/Git_Scripts/Repos/elasticsearch_buggy/4199/b/XContentBuilder.java -3.6437019760154743 -2.3546160630151713 -3.6437019760154743 -3.327200376039375 -0.31650159997609917
/home/ashley/reuse/Git_Scripts/Repos/elasticsearch_buggy/5481/b/TopChildrenQuery.java -3.208990126715425 -2.0488387541005872 -3.208990126715425 -2.8323913674866144 -0.3765987592288105
/home/ashley/reuse/Git_Scripts/Repos/elasticsearch_buggy/5481/b/ChildrenConstantScoreQuery.java -3.50305836611595 -2.2238752472066494 -3.50305836611595 -3.0433896904091 -0.45966867570684977
/home/ashley/reuse/Git_Scripts/Repos/elasticsearch_buggy/5481/b/ParentQuery.java -3.673155903239005 -2.1829439835599103 -3.673155903239005 -2.6903199047622137 -0.9828359984767912
/home/ashley/reuse/Git_Scripts/Repos/elasticsearch_buggy/5481/b/ParentConstantScoreQuery.java -3.750717575708429 -2.338920309081027 -3.750717575708429 -3.1069012948325994 -0.6438162808758294
/home/ashley/reuse/Git_Scripts/Repos/elasticsearch_buggy/5481/b/ChildrenQuery.java -3.7535544623290127 -2.4750439637991217 -3.7535544623290127 -3.6320408831017867 -0.12151357922722594
/home/ashley/reuse/Git_Scripts/Repos/elasticsearch_buggy/1966/b/MockRobinEngine.java -3.433617673279814 -2.197515310899081 -3.433617673279814 -3.0521045984709456 -0.3815130748088684
/home/ashley/reuse/Git_Scripts/Repos/elasticsearch_buggy/5528/b/AbstractFieldMapper.java -2.5752217250210045 -1.9186968427854898 -2.5752217250210045 -3.762224778838959 1.1870030538179543
/home/ashley/reuse/Git_Scripts/Repos/elasticsearch_buggy/5528/b/TimestampFieldMapper.java -2.426063780619191 -1.6278044202122515 -2.426063780619191 -2.472137395444007 0.046073614824815756
/home/ashley/reuse/Git_Scripts/Repos/elasticsearch_buggy/3244/b/StringFieldMapper.java -2.914933834889051 -1.9917816530449521 -2.914933834889051 -3.1446124736303087 0.22967863874125793
/home/ashley/reuse/Git_Scripts/Repos/elasticsearch_buggy/1167/b/GeoPointFieldMapper.java -2.57043178405634 -1.883846749183287 -2.57043178405634 -3.526365500587451 0.9559337165311108
/home/ashley/reuse/Git_Scripts/Repos/elasticsearch_buggy/6493/b/RestUpgradeAction.java -3.572159029172423 -2.3636142079254654 -3.572159029172423 -3.4931289621553336 -0.07903006701708915
/home/ashley/reuse/Git_Scripts/Repos/elasticsearch_buggy/5066/b/NettyTransport.java -2.8738507151470105 -1.9379815799442828 -2.8738507151470105 -2.9750962742465 0.1012455590994894
/home/ashley/reuse/Git_Scripts/Repos/elasticsearch_buggy/1426/b/HierarchyCircuitBreakerService.java -4.571441878311094 -3.0560818104659466 -4.571441878311094 -4.609696622062652 0.03825474375155746
/home/ashley/reuse/Git_Scripts/Repos/elasticsearch_buggy/1426/b/ClusterDynamicSettingsModule.java -3.8014569281000923 -2.455377896392295 -3.8014569281000923 -3.4629397046591692 -0.33851722344092305
/home/ashley/reuse/Git_Scripts/Repos/elasticsearch_buggy/1426/b/CircuitBreakerServiceTests.java -3.0304365823559176 -2.0928837298365472 -3.0304365823559176 -3.3807329900556917 0.3502964076997741
/home/ashley/reuse/Git_Scripts/Repos/elasticsearch_buggy/5997/b/ZenDiscovery.java -3.148483342145479 -2.3188496986766713 -3.148483342145479 -4.399154052510866 1.250670710365387
/home/ashley/reuse/Git_Scripts/Repos/elasticsearch_buggy/98/b/ChildrenQuery.java -3.7535544623290127 -2.862085277525872 -3.7535544623290127 -6.022208420773708 2.2686539584446956
/home/ashley/reuse/Git_Scripts/Repos/elasticsearch_buggy/2575/b/IndexFieldData.java -2.787086206465004 -0.8621614298712571 -2.787086206465004 -0.6241589952393912 -2.162927211225613
/home/ashley/reuse/Git_Scripts/Repos/elasticsearch_buggy/2575/b/DoubleValuesComparatorSource.java -3.460602393734337 -2.4448931197291937 -3.460602393734337 -4.164972792459024 0.7043703987246874
/home/ashley/reuse/Git_Scripts/Repos/elasticsearch_buggy/2575/b/FloatValuesComparatorSource.java -3.632646311835845 -2.5719511355116835 -3.632646311835845 -4.4041818116947855 0.7715354998589405
/home/ashley/reuse/Git_Scripts/Repos/elasticsearch_buggy/2575/b/GeoDistanceSortParser.java -3.2363197082295723 -1.9365754600621552 -3.2363197082295723 -2.408989858005471 -0.8273298502241011
/home/ashley/reuse/Git_Scripts/Repos/elasticsearch_buggy/2575/b/BytesRefFieldComparatorSource.java -3.8421776600724455 -2.089605394074488 -3.8421776600724455 -2.283211005666054 -1.5589666544063916
/home/ashley/reuse/Git_Scripts/Repos/elasticsearch_buggy/2575/b/MultiValueMode.java -3.861826687674182 -2.574551125116121 -3.861826687674182 -3.861826687674182 0.0
/home/ashley/reuse/Git_Scripts/Repos/elasticsearch_buggy/2575/b/LongValuesComparatorSource.java -3.5076437682011488 -2.4834480426023635 -3.5076437682011488 -4.2526300552527205 0.7449862870515718
/home/ashley/reuse/Git_Scripts/Repos/elasticsearch_buggy/3672/b/Translog.java -3.2716279078621566 -2.2852452705090096 -3.2716279078621566 -3.789843778763987 0.5182158709018303
/home/ashley/reuse/Git_Scripts/Repos/elasticsearch_buggy/3672/b/BufferingFsTranslogFile.java -3.882839264041291 -2.5885595093608607 -3.882839264041291 -3.882839264041291 0.0
/home/ashley/reuse/Git_Scripts/Repos/elasticsearch_buggy/1220/b/MapperService.java -2.9104465833550277 -1.7614924811505863 -2.9104465833550277 -2.2306967157984983 -0.6797498675565294
/home/ashley/reuse/Git_Scripts/Repos/elasticsearch_buggy/1220/b/MetaDataMappingService.java -3.3292184354036922 -2.31654012064055 -3.3292184354036922 -3.806699778919506 0.4774813435158136
/home/ashley/reuse/Git_Scripts/Repos/elasticsearch_buggy/4149/b/InternalEngineTests.java -2.103758521969069 -1.5025014117717386 -2.103758521969069 -2.6283891936995336 0.5246306717304647
/home/ashley/reuse/Git_Scripts/Repos/elasticsearch_buggy/5684/b/DoubleArrayIndexFieldData.java -2.223602087292622 -1.4557159880806216 -2.223602087292622 -2.1076909146571556 -0.11591117263546646
/home/ashley/reuse/Git_Scripts/Repos/elasticsearch_buggy/5684/b/PackedArrayIndexFieldData.java -2.7491596975421317 -1.951055626757874 -2.7491596975421317 -3.3603158366770667 0.6111561391349349
/home/ashley/reuse/Git_Scripts/Repos/elasticsearch_buggy/5684/b/FloatArrayIndexFieldData.java -2.321878081008227 -1.4918774560136703 -2.321878081008227 -2.0844975743236795 -0.23738050668454758
/home/ashley/reuse/Git_Scripts/Repos/elasticsearch_buggy/5687/b/InternalClusterService.java -3.1463137460151303 -2.094517024540532 -3.1463137460151303 -3.131943371128484 -0.014370374886646164
/home/ashley/reuse/Git_Scripts/Repos/elasticsearch_buggy/5687/b/ZenDiscovery.java -3.148483342145479 -2.2355535449043313 -3.148483342145479 -3.854265080095635 0.7057817379501556
/home/ashley/reuse/Git_Scripts/Repos/elasticsearch_buggy/6008/b/IndexedScriptTests.java -2.782640510405028 -1.871881851645011 -2.782640510405028 -2.853006132507224 0.07036562210219621
/home/ashley/reuse/Git_Scripts/Repos/elasticsearch_buggy/4344/b/SimpleRoutingTests.java -1.5117286170005402 -0.8904283870754816 -1.5117286170005402 -1.0830764367493932 -0.42865218025114693
/home/ashley/reuse/Git_Scripts/Repos/elasticsearch_buggy/4344/b/DeleteByQueryTests.java -2.1857356274727633 -1.383498594971771 -2.1857356274727633 -1.8847061697968737 -0.3010294576758896
/home/ashley/reuse/Git_Scripts/Repos/elasticsearch_buggy/4344/b/SimpleNestedTests.java -1.3408236560155296 -0.8963071600748383 -1.3408236560155296 -1.3516849249990495 0.010861268983519912
/home/ashley/reuse/Git_Scripts/Repos/elasticsearch_buggy/4344/b/AliasRoutingTests.java -1.8474975946398036 -1.2411987503577504 -1.8474975946398036 -1.8907333619311042 0.04323576729130063
/home/ashley/reuse/Git_Scripts/Repos/elasticsearch_buggy/6004/b/EsThreadPoolExecutor.java -4.727240344874953 -2.62624463604164 -4.727240344874953 -2.939216794740903 -1.7880235501340498
/home/ashley/reuse/Git_Scripts/Repos/elasticsearch_buggy/6004/b/ThreadPool.java -2.8063704358890704 -2.0464877727095945 -2.8063704358890704 -3.779006326259741 0.9726358903706704
/home/ashley/reuse/Git_Scripts/Repos/elasticsearch_buggy/1337/b/TransportMessage.java -3.757568297208807 -2.725639093199224 -3.757568297208807 -4.962440740335544 1.204872443126737
/home/ashley/reuse/Git_Scripts/Repos/elasticsearch_buggy/458/b/NodeEnvironment.java -3.8206379912940696 -2.547406605361337 -3.8206379912940696 -3.8206379912940696 0.0
/home/ashley/reuse/Git_Scripts/Repos/elasticsearch_buggy/2612/b/PercolatorService.java -2.388114088155647 -1.8945642146578145 -2.388114088155647 -4.5835646353982265 2.1954505472425794
/home/ashley/reuse/Git_Scripts/Repos/elasticsearch_buggy/2612/b/PercolateShardResponse.java -3.2725149039704973 -1.3972535545042573 -3.2725149039704973 -1.2191722191262637 -2.0533426848442335
/home/ashley/reuse/Git_Scripts/Repos/elasticsearch_buggy/3386/b/IndicesTermsFilterCache.java -3.6047101062879703 -2.403140070858647 -3.6047101062879703 -3.6047101062879703 0.0
/home/ashley/reuse/Git_Scripts/Repos/elasticsearch_buggy/3386/b/TermsLookup.java -3.295169347838682 -2.3123995423429347 -3.295169347838682 -3.8577592364940667 0.5625898886553848
/home/ashley/reuse/Git_Scripts/Repos/elasticsearch_buggy/3386/b/TermsFilterParser.java -2.98677625396874 -1.8303490430085265 -2.98677625396874 -2.3636779757166915 -0.6230982782520487
/home/ashley/reuse/Git_Scripts/Repos/elasticsearch_buggy/6388/b/CustomAnalyzerWrapper.java -4.540069835483347 -3.0206109792530333 -4.540069835483347 -4.512720017197303 -0.027349818286044325
/home/ashley/reuse/Git_Scripts/Repos/elasticsearch_buggy/3685/b/TestCluster.java -2.0862224275741643 -1.6020549312893584 -2.0862224275741643 -3.4515358357468195 1.3653134081726552
/home/ashley/reuse/Git_Scripts/Repos/elasticsearch_buggy/1694/b/ThriftRestImpl.java -5.307266545737787 -3.569825082642948 -5.307266545737787 -5.444835528505887 0.1375689827681006
/home/ashley/reuse/Git_Scripts/Repos/elasticsearch_buggy/4540/b/LongTermsAggregator.java -1.9465065690783367 -1.2932370903140051 -1.9465065690783367 -1.9266891945062723 -0.01981737457206445
/home/ashley/reuse/Git_Scripts/Repos/elasticsearch_buggy/4540/b/StringTermsAggregator.java -1.3898353966618924 -0.9265569311079282 -1.3898353966618924 -1.3898353966618924 0.0
/home/ashley/reuse/Git_Scripts/Repos/elasticsearch_buggy/3740/b/Version.java -2.6693054944546253 -1.749089721577223 -2.6693054944546253 -2.536826112804638 -0.13247938164998718
/home/ashley/reuse/Git_Scripts/Repos/elasticsearch_buggy/3491/b/IndexFieldDataService.java -2.867270350898753 -1.6868112365840118 -2.867270350898753 -2.0476932919926174 -0.8195770589061357
/home/ashley/reuse/Git_Scripts/Repos/elasticsearch_buggy/3491/b/BytesBinaryDVIndexFieldData.java -2.5742136545466545 -1.7117867449015824 -2.5742136545466545 -2.548276993039887 -0.025936661506767322
/home/ashley/reuse/Git_Scripts/Repos/elasticsearch_buggy/2234/b/TransportDeleteWarmerAction.java -2.4879100589176053 -1.653894755075908 -2.4879100589176053 -2.464505448767863 -0.02340461014974249
/home/ashley/reuse/Git_Scripts/Repos/elasticsearch_buggy/2234/b/TransportDeleteMappingAction.java -3.0526024401209133 -1.983329269005113 -3.0526024401209133 -2.8277847690418123 -0.224817671079101
/home/ashley/reuse/Git_Scripts/Repos/elasticsearch_buggy/2234/b/IndicesAliasesRequest.java -3.359471284493834 -2.2078041932850474 -3.359471284493834 -3.220138374077039 -0.13933291041679485
/home/ashley/reuse/Git_Scripts/Repos/elasticsearch_buggy/2234/b/MetaData.java -3.2820906748784564 -2.1877040302333675 -3.2820906748784564 -3.2800867118335924 -0.0020039630448640544
/home/ashley/reuse/Git_Scripts/Repos/elasticsearch_buggy/2234/b/TransportIndicesAliasesAction.java -3.149559251443674 -2.2285943810438495 -3.149559251443674 -3.80346774364817 0.6539084922044962
/home/ashley/reuse/Git_Scripts/Repos/elasticsearch_buggy/931/b/SignificantLongTermsAggregator.java -3.631509701987239 -2.4233964052748007 -3.631509701987239 -3.636889716360553 0.005380014373314257
/home/ashley/reuse/Git_Scripts/Repos/elasticsearch_buggy/931/b/SignificantTermsAggregatorFactory.java -3.7311445287029485 -2.802504112670215 -3.7311445287029485 -5.630030583489271 1.8988860547863222
/home/ashley/reuse/Git_Scripts/Repos/elasticsearch_buggy/931/b/LongTermsAggregator.java -1.9465065690783372 -1.2932370903140054 -1.9465065690783372 -1.9266891945062725 -0.019817374572064672
/home/ashley/reuse/Git_Scripts/Repos/elasticsearch_buggy/931/b/SignificantStringTermsAggregator.java -3.049456811347587 -2.0335684376495364 -3.049456811347587 -3.052145926701509 0.0026891153539221335
/home/ashley/reuse/Git_Scripts/Repos/elasticsearch_buggy/931/b/StringTermsAggregator.java -1.3898353966618922 -0.926556931107928 -1.3898353966618922 -1.3898353966618922 0.0
/home/ashley/reuse/Git_Scripts/Repos/elasticsearch_buggy/1274/b/ZenDiscovery.java -3.148483342145479 -2.3663650278080035 -3.148483342145479 -4.763001156545179 1.6145178143996994
/home/ashley/reuse/Git_Scripts/Repos/elasticsearch_buggy/3722/b/TransportShardDeleteByQueryAction.java -2.9162162851453997 -1.5928708435098935 -2.9162162851453997 -1.7550806266563137 -1.161135658489086
/home/ashley/reuse/Git_Scripts/Repos/elasticsearch_buggy/5399/b/LZFCompressor.java -4.235057116386161 -2.594890487496723 -4.235057116386161 -3.3501198084845747 -0.8849373079015859
/home/ashley/reuse/Git_Scripts/Repos/elasticsearch_buggy/2949/b/QueryBuilders.java -4.719201789627591 -3.0114618614386135 -4.719201789627591 -4.160966190258124 -0.5582355993694668
/home/ashley/reuse/Git_Scripts/Repos/elasticsearch_buggy/455/b/Lucene.java -3.6906926792657373 -2.4604617861771585 -3.6906926792657373 -3.6906926792657373 0.0
/home/ashley/reuse/Git_Scripts/Repos/elasticsearch_buggy/455/b/PerFieldMappingPostingFormatCodec.java -3.85584331692911 -1.704306920648917 -3.85584331692911 -1.522896099963598 -2.332947216965512
/home/ashley/reuse/Git_Scripts/Repos/elasticsearch_buggy/1266/b/DedicatedClusterSnapshotRestoreTests.java -2.7121548591515974 -2.177115504337834 -2.7121548591515974 -5.516515779915785 2.804360920764188
/home/ashley/reuse/Git_Scripts/Repos/elasticsearch_buggy/1266/b/SharedClusterSnapshotRestoreTests.java -1.7471006314321817 -1.3094904813440664 -1.7471006314321817 -2.6137620995809363 0.8666614681487546
/home/ashley/reuse/Git_Scripts/Repos/elasticsearch_buggy/5674/b/TrackingConcurrentMergeScheduler.java -3.527633926060746 -2.036709398819978 -3.527633926060746 -2.4059197207457395 -1.1217142053150067
/home/ashley/reuse/Git_Scripts/Repos/elasticsearch_buggy/6659/b/InternalIndexShard.java -2.9796513396762334 -2.0831768973754903 -2.9796513396762334 -3.4619731138777565 0.4823217742015231
/home/ashley/reuse/Git_Scripts/Repos/elasticsearch_buggy/5438/b/BasicBackwardsCompatibilityTest.java -2.538851239763484 -1.637287926582285 -2.538851239763484 -2.305076122682185 -0.23377511708129894
/home/ashley/reuse/Git_Scripts/Repos/elasticsearch_buggy/6512/b/AbstractSharedClusterTest.java -2.583111151822034 -1.6014316218075586 -2.583111151822034 -2.105894480385868 -0.4772166714361661
/home/ashley/reuse/Git_Scripts/Repos/elasticsearch_buggy/3251/b/TermsParametersParser.java -2.741468319699666 -1.3745102870119539 -2.741468319699666 -1.3764061632699014 -1.3650621564297647
/home/ashley/reuse/Git_Scripts/Repos/elasticsearch_buggy/3493/b/HasParentQueryParser.java -2.5666299289650256 -1.7456085423311842 -2.5666299289650256 -2.7285106100423446 0.161880681077319
/home/ashley/reuse/Git_Scripts/Repos/elasticsearch_buggy/3493/b/HasParentFilterParser.java -2.037182201494337 -1.1790053702985068 -2.037182201494337 -1.3981029644110168 -0.63907923708332
/home/ashley/reuse/Git_Scripts/Repos/elasticsearch_buggy/1917/b/MockBigArrays.java -2.711983577766336 -1.7259367106213694 -2.711983577766336 -2.3726199369670966 -0.33936364079923953
/home/ashley/reuse/Git_Scripts/Repos/elasticsearch_buggy/1821/b/CompositeTestCluster.java -3.4677908949907206 -2.3118605966604804 -3.4677908949907206 -3.4677908949907206 0.0
/home/ashley/reuse/Git_Scripts/Repos/elasticsearch_buggy/1821/b/ExternalNode.java -3.5471076647650746 -2.3673004566579476 -3.5471076647650746 -3.5557661863226784 0.008658521557603827
/home/ashley/reuse/Git_Scripts/Repos/elasticsearch_buggy/1821/b/BasicBackwardsCompatibilityTest.java -2.538851239763484 -2.183958055710524 -2.538851239763484 -7.811849968503028 5.272998728739544
/home/ashley/reuse/Git_Scripts/Repos/elasticsearch_buggy/1821/b/ElasticsearchIntegrationTest.java -2.9332385502536495 -2.2007458190818783 -2.9332385502536495 -4.4064003648977685 1.473161814644119
/home/ashley/reuse/Git_Scripts/Repos/elasticsearch_buggy/1821/b/ElasticsearchBackwardsCompatIntegrationTest.java -3.6693604584303334 -2.4615772354360232 -3.6693604584303334 -3.7303712023947333 0.06101074396439987
/home/ashley/reuse/Git_Scripts/Repos/elasticsearch_buggy/3235/b/FileUtilsTests.java -2.5240463572770437 -1.6885976331292425 -2.5240463572770437 -2.548084894013016 0.024038536735972116
/home/ashley/reuse/Git_Scripts/Repos/elasticsearch_buggy/1193/b/MetaDataCreateIndexService.java -3.3403827983779135 -2.287423599506302 -3.3403827983779135 -3.62729798301706 0.28691518463914667
/home/ashley/reuse/Git_Scripts/Repos/elasticsearch_buggy/728/b/SimpleRoutingTests.java -1.5117286170005402 -0.8502069562179858 -1.5117286170005402 -0.9714588820623165 -0.5402697349382237
/home/ashley/reuse/Git_Scripts/Repos/elasticsearch_buggy/728/b/DestructiveOperationsIntegrationTests.java -2.0427232379508298 -1.4788769955747174 -2.0427232379508298 -2.6765500680496612 0.6338268300988315
/home/ashley/reuse/Git_Scripts/Repos/elasticsearch_buggy/728/b/DeleteByQueryTests.java -2.1857356274727633 -1.197891266816662 -2.1857356274727633 -1.325246022551907 -0.8604896049208564
/home/ashley/reuse/Git_Scripts/Repos/elasticsearch_buggy/3369/b/MemcachedRestRequest.java -3.98063724005933 -2.6020423829786488 -3.98063724005933 -3.7506164685631247 -0.23002077149620526
/home/ashley/reuse/Git_Scripts/Repos/elasticsearch_buggy/5763/b/DocumentMapper.java -3.7570402724533327 -2.468329338583009 -3.7570402724533327 -3.5967812446637857 -0.16025902778954704
/home/ashley/reuse/Git_Scripts/Repos/elasticsearch_buggy/5763/b/SimpleMapperTests.java -4.405925345583482 -2.9372835637223207 -4.405925345583482 -4.405925345583482 0.0
/home/ashley/reuse/Git_Scripts/Repos/elasticsearch_buggy/6415/b/StringRestResponse.java -4.5900516339176 -3.0488664137700843 -4.5900516339176 -4.540159768331539 -0.04989186558606118
/home/ashley/reuse/Git_Scripts/Repos/elasticsearch_buggy/6415/b/MemcachedDispatcher.java -4.603024842345778 -2.651342309191168 -4.603024842345778 -3.1265829117820374 -1.4764419305637402
/home/ashley/reuse/Git_Scripts/Repos/elasticsearch_buggy/6415/b/HttpServer.java -3.847967691431906 -2.4886724727908254 -3.847967691431906 -3.5192647874284377 -0.32870290400346835
/home/ashley/reuse/Git_Scripts/Repos/elasticsearch_buggy/6415/b/NettyHttpChannel.java -4.905795988748632 -3.1755862854901578 -4.905795988748632 -4.5019914152439275 -0.4038045735047042
/home/ashley/reuse/Git_Scripts/Repos/elasticsearch_buggy/6415/b/Utf8RestResponse.java -4.963145263321575 -3.30876350888105 -4.963145263321575 -4.963145263321575 0.0
/home/ashley/reuse/Git_Scripts/Repos/elasticsearch_buggy/102/b/SharedClusterSnapshotRestoreTests.java -1.7471006314321817 -1.412329733807926 -1.7471006314321817 -3.68532956006193 1.9382289286297483
/home/ashley/reuse/Git_Scripts/Repos/elasticsearch_buggy/102/b/BlobStoreRepository.java -2.7122221924356507 -1.8262514207690956 -2.7122221924356507 -2.794319726499779 0.08209753406412856
/home/ashley/reuse/Git_Scripts/Repos/elasticsearch_buggy/5848/b/BytesRefOrdValComparator.java -6.125160852375649 -4.10954600929914 -6.125160852375649 -6.24415681985534 0.11899596747969099
/home/ashley/reuse/Git_Scripts/Repos/elasticsearch_buggy/868/b/StringTermsTests.java -1.6257859316731635 -1.283824090612485 -1.6257859316731635 -3.0518363376259114 1.426050405952748
/home/ashley/reuse/Git_Scripts/Repos/elasticsearch_buggy/868/b/HistogramTests.java -2.626086655886112 -1.7350608715969942 -2.626086655886112 -2.5564713346524215 -0.06961532123369052
/home/ashley/reuse/Git_Scripts/Repos/elasticsearch_buggy/868/b/MinTests.java -3.209480290908047 -2.1302033365484725 -3.209480290908047 -3.1673267907104323 -0.04215350019761477
/home/ashley/reuse/Git_Scripts/Repos/elasticsearch_buggy/1375/b/TransportBroadcastOperationAction.java -2.409346058650207 -1.5997560576461711 -2.409346058650207 -2.379301455520756 -0.03004460312945101
/home/ashley/reuse/Git_Scripts/Repos/elasticsearch_buggy/1375/b/PercolateRequest.java -3.3813797859650205 -2.1686679847612944 -3.3813797859650205 -3.02057155573457 -0.3608082302304507
/home/ashley/reuse/Git_Scripts/Repos/elasticsearch_buggy/1375/b/TransportMoreLikeThisAction.java -3.1486992928917164 -2.1024948976705606 -3.1486992928917164 -3.1624912302236994 0.013791937331983029
/home/ashley/reuse/Git_Scripts/Repos/elasticsearch_buggy/1375/b/BroadcastOperationThreading.java -3.9168955364807747 -2.56571839405136 -3.9168955364807747 -3.698074556789111 -0.2188209796916638
/home/ashley/reuse/Git_Scripts/Repos/elasticsearch_buggy/3741/b/NoopClusterService.java -3.5738593551761513 -2.625595339602746 -3.5738593551761513 -4.9353295857194475 1.3614702305432962
/home/ashley/reuse/Git_Scripts/Repos/elasticsearch_buggy/1408/b/RecoveryWhileUnderLoadTests.java -2.7652155149781548 -1.8493711437393865 -2.7652155149781548 -2.7911173350162697 0.02590182003811492
/home/ashley/reuse/Git_Scripts/Repos/elasticsearch_buggy/1408/b/ElasticsearchIntegrationTest.java -2.9332385502536495 -2.358223419638238 -2.9332385502536495 -6.014825937876352 3.0815873876227022
/home/ashley/reuse/Git_Scripts/Repos/elasticsearch_buggy/1099/b/SignificantTermsAggregatorFactory.java -3.731144528702948 -2.8025041126702144 -3.731144528702948 -5.63003058348927 1.8988860547863218
/home/ashley/reuse/Git_Scripts/Repos/elasticsearch_buggy/4575/b/RecoveryWhileUnderLoadTests.java -2.7652155149781548 -1.9832808332517786 -2.7652155149781548 -3.506813969779714 0.7415984548015593
/home/ashley/reuse/Git_Scripts/Repos/elasticsearch_buggy/4898/b/Store.java -3.9701867676697895 -3.0633772254916773 -3.9701867676697895 -6.704381190285493 2.7341944226157033
/home/ashley/reuse/Git_Scripts/Repos/elasticsearch_buggy/4070/b/GeoBoundsTests.java -3.4747008457690947 -2.467768018091264 -3.4747008457690947 -4.256021148162577 0.7813203023934823
/home/ashley/reuse/Git_Scripts/Repos/elasticsearch_buggy/4070/b/GeoBoundsAggregator.java -3.77646101482743 -2.522729389389521 -3.77646101482743 -3.7965638491268914 0.02010283429946158
/home/ashley/reuse/Git_Scripts/Repos/elasticsearch_buggy/1198/b/ClusterRerouteRequestBuilder.java -3.7104567276588716 -2.4736378184392476 -3.7104567276588716 -3.7104567276588716 0.0
/home/ashley/reuse/Git_Scripts/Repos/elasticsearch_buggy/1198/b/ClusterRerouteResponse.java -1.9318650816036205 -1.0252915237561115 -1.9318650816036205 -1.085959661256473 -0.8459054203471474
/home/ashley/reuse/Git_Scripts/Repos/elasticsearch_buggy/1198/b/ClusterRerouteRequest.java -2.0829875097762782 -0.7439241106343851 -2.0829875097762782 -0.5774195355642661 -1.505567974212012
/home/ashley/reuse/Git_Scripts/Repos/elasticsearch_buggy/1198/b/TransportClusterRerouteAction.java -2.3034277909570564 -1.496366432778836 -2.3034277909570564 -2.1315912594824624 -0.171836531474594
/home/ashley/reuse/Git_Scripts/Repos/elasticsearch_buggy/279/b/ElasticsearchTestCase.java -3.873110953561584 -2.116454072984472 -3.873110953561584 -2.333199369615412 -1.539911583946172
/home/ashley/reuse/Git_Scripts/Repos/elasticsearch_buggy/4659/b/AbstractFieldMapper.java -2.5752217250210045 -1.7743192624396371 -2.5752217250210045 -2.852099720344318 0.27687799532331336
/home/ashley/reuse/Git_Scripts/Repos/elasticsearch_buggy/4659/b/FieldMapper.java -3.3336759274492307 -1.872603379296254 -3.3336759274492307 -2.1363254053030043 -1.1973505221462264
/home/ashley/reuse/Git_Scripts/Repos/elasticsearch_buggy/4659/b/TypeFieldMapper.java -2.1646717736898413 -1.374720462912032 -2.1646717736898413 -1.8835455693145373 -0.281126204375304
/home/ashley/reuse/Git_Scripts/Repos/elasticsearch_buggy/647/b/CardinalityAggregator.java -3.7765693383326493 -2.517712892221766 -3.7765693383326493 -3.7765693383326493 0.0
/home/ashley/reuse/Git_Scripts/Repos/elasticsearch_buggy/647/b/CardinalityAggregatorFactory.java -3.066567725370318 -2.0461228338221744 -3.066567725370318 -3.066567725370318 0.0
/home/ashley/reuse/Git_Scripts/Repos/elasticsearch_buggy/530/b/NestedAggregator.java -3.579889375826322 -2.3327599942727915 -3.579889375826322 -3.3440882792150077 -0.23580109661131443
/home/ashley/reuse/Git_Scripts/Repos/elasticsearch_buggy/4008/b/TopChildrenQuery.java -3.2089901267154253 -2.3225228003246565 -3.2089901267154253 -4.203737979637564 0.994747852922139
/home/ashley/reuse/Git_Scripts/Repos/elasticsearch_buggy/4008/b/ParentQuery.java -3.673155903239005 -2.576814486877273 -3.673155903239005 -4.313405467139417 0.6402495639004124
/home/ashley/reuse/Git_Scripts/Repos/elasticsearch_buggy/4008/b/ChildrenQuery.java -3.7535544623290127 -2.8672052869668843 -3.7535544623290127 -6.071089982630638 2.3175355203016252
/home/ashley/reuse/Git_Scripts/Repos/elasticsearch_buggy/4008/b/ContextIndexSearcher.java -3.630023397222987 -2.571266573032949 -3.630023397222987 -4.40788555377077 0.777862156547783
/home/ashley/reuse/Git_Scripts/Repos/elasticsearch_buggy/1279/b/MulticastZenPing.java -3.400565858671813 -2.317848695213092 -3.400565858671813 -3.638707045588425 0.23814118691661212
/home/ashley/reuse/Git_Scripts/Repos/elasticsearch_buggy/1083/b/CardinalityAggregator.java -3.7765693383326493 -2.554690101006017 -3.7765693383326493 -3.9453686349759365 0.1687992966432872
/home/ashley/reuse/Git_Scripts/Repos/elasticsearch_buggy/1083/b/CardinalityAggregatorFactory.java -3.066567725370318 -2.0461228338221744 -3.066567725370318 -3.066567725370318 0.0
/home/ashley/reuse/Git_Scripts/Repos/elasticsearch_buggy/1849/b/MetaDataMappingService.java -3.07890000730998 -1.8323781366689664 -3.07890000730998 -2.2629803741363665 -0.8159196331736136
/home/ashley/reuse/Git_Scripts/Repos/elasticsearch_buggy/6214/b/RestSuggestAction.java -2.6525937719429105 -1.7683958479619404 -2.6525937719429105 -2.6525937719429105 0.0
/home/ashley/reuse/Git_Scripts/Repos/elasticsearch_buggy/423/b/GeoBoundsTests.java -3.4747008457690947 -2.3164672305127296 -3.4747008457690947 -3.4747008457690947 0.0
/home/ashley/reuse/Git_Scripts/Repos/elasticsearch_buggy/1639/b/LatLonAndGeohashMappingGeoPointTests.java -2.286225837870103 -1.5319196300093463 -2.286225837870103 -2.3215467426686582 0.03532090479855521
/home/ashley/reuse/Git_Scripts/Repos/elasticsearch_buggy/963/b/Version.java -2.6693054944546253 -2.4574084795773015 -2.6693054944546253 -15.456442645105053 12.787137150650427
/home/ashley/reuse/Git_Scripts/Repos/elasticsearch_buggy/963/b/UniqueTokenFilter.java -5.49121159836055 -3.660807732240367 -5.49121159836055 -5.49121159836055 0.0
/home/ashley/reuse/Git_Scripts/Repos/elasticsearch_buggy/963/b/TransportMoreLikeThisAction.java -3.1486992928917164 -2.2640224141112277 -3.1486992928917164 -4.026752637256389 0.8780533443646727
/home/ashley/reuse/Git_Scripts/Repos/elasticsearch_buggy/963/b/ExceptionsHelper.java -3.4091867475289077 -2.272791165019272 -3.4091867475289077 -3.4091867475289077 0.0
/home/ashley/reuse/Git_Scripts/Repos/elasticsearch_buggy/963/b/CustomFieldQuery.java -3.742177915602127 -2.4947852770680847 -3.742177915602127 -3.742177915602127 0.0
/home/ashley/reuse/Git_Scripts/Repos/elasticsearch_buggy/955/b/IndexMetaData.java -3.2915635294054013 -2.3552277036229636 -3.2915635294054013 -4.1397442024673134 0.8481806730619121
/home/ashley/reuse/Git_Scripts/Repos/elasticsearch_buggy/955/b/MetaDataUpdateSettingsService.java -3.2108934156299176 -2.1547307857260614 -3.2108934156299176 -3.275353007411698 0.06445959178178029
/home/ashley/reuse/Git_Scripts/Repos/elasticsearch_buggy/4573/b/TestSearchContext.java -2.7792215823683466 -1.8289415874739388 -2.7792215823683466 -2.672989391473997 -0.10623219089434954
/home/ashley/reuse/Git_Scripts/Repos/elasticsearch_buggy/2020/b/DeleteByQueryTests.java -2.1857356274727633 -1.3457869817469927 -2.1857356274727633 -1.7510204748599605 -0.4347151526128028
/home/ashley/reuse/Git_Scripts/Repos/elasticsearch_buggy/3933/b/GeoPointFieldMapper.java -2.57043178405634 -1.7225967379851035 -2.57043178405634 -2.6112493385043725 0.04081755444803248
/home/ashley/reuse/Git_Scripts/Repos/elasticsearch_buggy/823/b/TransportMoreLikeThisAction.java -3.1486992928917164 -2.114192526676634 -3.1486992928917164 -3.2174543131019187 0.0687550202102023
/home/ashley/reuse/Git_Scripts/Repos/elasticsearch_buggy/5968/b/FieldValueFactorFunction.java -3.9341645421475326 -2.6345201361843675 -3.9341645421475326 -3.9874890615441108 0.05332451939657812
/home/ashley/reuse/Git_Scripts/Repos/elasticsearch_buggy/3883/b/InternalClusterService.java -3.1463137460151303 -2.1073909553726065 -3.1463137460151303 -3.190227145416737 0.04391339940160677
/home/ashley/reuse/Git_Scripts/Repos/elasticsearch_buggy/3883/b/ZenDiscovery.java -3.148483342145479 -2.265335911441922 -3.148483342145479 -4.037286828150279 0.8888034860047997
/home/ashley/reuse/Git_Scripts/Repos/elasticsearch_buggy/6031/b/GlobalOrdinalsIndexFieldData.java -3.9757210197148876 -3.3277973434064827 -3.9757210197148876 -10.179722256969093 6.2040012372542055
/home/ashley/reuse/Git_Scripts/Repos/elasticsearch_buggy/3055/b/AbstractRandomizedTest.java -4.055948180581644 -2.704821680907201 -4.055948180581644 -4.055948180581644 0.0
/home/ashley/reuse/Git_Scripts/Repos/elasticsearch_buggy/398/b/ElasticSearchException.java -3.894901101775924 -2.5966007345172826 -3.894901101775924 -3.894901101775924 0.0
/home/ashley/reuse/Git_Scripts/Repos/elasticsearch_buggy/1002/b/SuggestSearchTests.java -2.839474242500304 -1.9275148533943467 -2.839474242500304 -3.0003221308966355 0.16084788839633157
/home/ashley/reuse/Git_Scripts/Repos/elasticsearch_buggy/4010/b/DateFieldMapper.java -2.8305616272306793 -2.0724160109555814 -2.8305616272306793 -3.867269383706113 1.0367077564754337
/home/ashley/reuse/Git_Scripts/Repos/elasticsearch_buggy/4010/b/DateMathParser.java -3.56451932836472 -2.3763462189098132 -3.56451932836472 -3.56451932836472 0.0
/home/ashley/reuse/Git_Scripts/Repos/elasticsearch_buggy/1669/b/ScriptedMetricTests.java -1.7917336411187748 -1.1960775104276928 -1.7917336411187748 -1.79890057568325 0.007166934564475147
/home/ashley/reuse/Git_Scripts/Repos/elasticsearch_buggy/2845/b/OldIndexBackwardsCompatibilityTests.java -2.7881701408104482 -1.8833080256062211 -2.7881701408104482 -2.9015377673087794 0.11336762649833121
/home/ashley/reuse/Git_Scripts/Repos/elasticsearch_buggy/3501/b/AbstractFieldMapper.java -2.5752217250210045 -2.033069782911319 -2.5752217250210045 -4.827184783632464 2.251963058611459
/home/ashley/reuse/Git_Scripts/Repos/elasticsearch_buggy/3501/b/FieldMapper.java -3.3336759274492307 -2.1859112947877937 -3.3336759274492307 -3.174483537655307 -0.1591923897939238
/home/ashley/reuse/Git_Scripts/Repos/elasticsearch_buggy/3501/b/TypeFieldMapper.java -2.164671773689841 -1.4404271517042269 -2.164671773689841 -2.152623507788042 -0.01204826590179886
/home/ashley/reuse/Git_Scripts/Repos/elasticsearch_buggy/3501/b/UidFieldMapper.java -2.7332782831937408 -1.9220244315189465 -2.7332782831937408 -3.237844496881639 0.5045662136878981
/home/ashley/reuse/Git_Scripts/Repos/elasticsearch_buggy/2035/b/ElasticsearchTestCase.java -3.6363047577802794 -2.7339270244679628 -3.6363047577802794 -5.5055234197023095 1.8692186619220301
/home/ashley/reuse/Git_Scripts/Repos/elasticsearch_buggy/6559/b/TransportShardReplicationOperationAction.java -3.0452843333379556 -2.074275320544315 -3.0452843333379556 -3.2526773971487377 0.20739306381078215
/home/ashley/reuse/Git_Scripts/Repos/elasticsearch_buggy/6559/b/IndexMetaData.java -3.2915635294054013 -2.1943756862702677 -3.2915635294054013 -3.2915635294054013 0.0
/home/ashley/reuse/Git_Scripts/Repos/elasticsearch_buggy/6559/b/TransportGetAction.java -2.761663078582087 -1.7624683968840453 -2.761663078582087 -2.432255277253294 -0.3294078013287929
/home/ashley/reuse/Git_Scripts/Repos/elasticsearch_buggy/1743/b/IndicesTermsFilterCache.java -3.6047101062879703 -2.553060735829645 -3.6047101062879703 -4.370946914221434 0.7662368079334634
/home/ashley/reuse/Git_Scripts/Repos/elasticsearch_buggy/6549/b/TypesExistsAction.java -5.119623944626139 -3.4130826297507593 -5.119623944626139 -5.119623944626139 0.0
/home/ashley/reuse/Git_Scripts/Repos/elasticsearch_buggy/6549/b/TransportIndicesExistsAction.java -2.8450140715847034 -1.8984893135431384 -2.8450140715847034 -2.8450140715847034 0.0
/home/ashley/reuse/Git_Scripts/Repos/elasticsearch_buggy/6549/b/ActionModule.java -4.164854018969247 -3.040163710417252 -4.164854018969247 -5.629033144225047 1.4641791252558
/home/ashley/reuse/Git_Scripts/Repos/elasticsearch_buggy/6549/b/IndicesExistsAction.java -5.027413957553265 -3.35160930503551 -5.027413957553265 -5.027413957553265 0.0
/home/ashley/reuse/Git_Scripts/Repos/elasticsearch_buggy/6549/b/TypesExistsRequestBuilder.java -3.81754198415968 -2.6331840794354417 -3.81754198415968 -4.223271083925443 0.4057290997657632
/home/ashley/reuse/Git_Scripts/Repos/elasticsearch_buggy/6549/b/TransportTypesExistsAction.java -3.045436011336167 -2.0317923685097803 -3.045436011336167 -3.045436011336167 0.0
/home/ashley/reuse/Git_Scripts/Repos/elasticsearch_buggy/6549/b/IndicesExistsResponse.java -2.9217932265544575 -1.947862151036305 -2.9217932265544575 -2.9045045092375674 -0.01728871731689008
/home/ashley/reuse/Git_Scripts/Repos/elasticsearch_buggy/6549/b/IndicesExistsRequestBuilder.java -3.700793321163995 -2.5782778114270486 -3.700793321163995 -4.250129829774275 0.5493365086102804
/home/ashley/reuse/Git_Scripts/Repos/elasticsearch_buggy/6549/b/TypesExistsRequest.java -2.881472395048394 -1.925907190536619 -2.881472395048394 -2.9037518207833046 0.022279425734910596
/home/ashley/reuse/Git_Scripts/Repos/elasticsearch_buggy/6549/b/IndicesExistsRequest.java -2.3915905837681595 -1.5257742458470283 -2.3915905837681595 -2.0999331955037497 -0.2916573882644098
/home/ashley/reuse/Git_Scripts/Repos/elasticsearch_buggy/6549/b/TypesExistsResponse.java -3.103614125997249 -2.069076083998166 -3.103614125997249 -3.0848043434154473 -0.01880978258180166
/home/ashley/reuse/Git_Scripts/Repos/elasticsearch_buggy/848/b/IndicesRequestTests.java -3.363994791374139 -2.2278133722494933 -3.363994791374139 -3.2980439805884445 -0.06595081078569454
/home/ashley/reuse/Git_Scripts/Repos/elasticsearch_buggy/2510/b/RecoverySource.java -1.0043929362043886 -0.6161010633125571 -1.0043929362043886 -0.7968330000967205 -0.2075599361076681
/home/ashley/reuse/Git_Scripts/Repos/elasticsearch_buggy/3536/b/MockPageCacheRecycler.java -3.4262927201340423 -2.125314637556264 -3.4262927201340423 -2.7961699210289312 -0.630122799105111
/home/ashley/reuse/Git_Scripts/Repos/elasticsearch_buggy/3536/b/MockBigArrays.java -2.711983577766336 -1.7818676869310008 -2.711983577766336 -2.5967162710371885 -0.11526730672914764
/home/ashley/reuse/Git_Scripts/Repos/elasticsearch_buggy/3536/b/DefaultSearchContext.java -3.2798233066616893 -2.1865488711077927 -3.2798233066616893 -3.2798233066616893 0.0
/home/ashley/reuse/Git_Scripts/Repos/elasticsearch_buggy/3536/b/AggregationPhase.java -3.2368084930146686 -2.1307202927527022 -3.2368084930146686 -3.114605655427474 -0.12220283758719441
/home/ashley/reuse/Git_Scripts/Repos/elasticsearch_buggy/6047/b/AbstractFieldMapper.java -2.5752217250210045 -1.7857474563178064 -2.5752217250210045 -2.912011691430663 0.3367899664096585
/home/ashley/reuse/Git_Scripts/Repos/elasticsearch_buggy/6047/b/CompletionPostingsFormatTest.java -3.6304239349059575 -2.4044563940666266 -3.6304239349059575 -3.5588946696831303 -0.07152926522282721
/home/ashley/reuse/Git_Scripts/Repos/elasticsearch_buggy/6047/b/TokenCountFieldMapper.java -1.2164205062021238 -0.8044881341903131 -1.2164205062021238 -1.1867775347716107 -0.029642971430513088
/home/ashley/reuse/Git_Scripts/Repos/elasticsearch_buggy/6047/b/CompletionFieldMapper.java -2.8893165640574154 -1.9309420873712364 -2.8893165640574154 -2.910711362310309 0.021394798252893477
/home/ashley/reuse/Git_Scripts/Repos/elasticsearch_buggy/6047/b/AllFieldMapper.java -2.0764195189956514 -1.361862194644921 -2.0764195189956514 -1.9777361807582294 -0.09868333823742192
/home/ashley/reuse/Git_Scripts/Repos/elasticsearch_buggy/6047/b/GeoPointFieldMapper.java -2.57043178405634 -1.730467922193565 -2.57043178405634 -2.6472017229574085 0.07676993890106854
/home/ashley/reuse/Git_Scripts/Repos/elasticsearch_buggy/1581/b/SimpleQueryParser.java -3.2545217715061314 -0.9960312222619521 -3.2545217715061314 -0.7169979968050679 -2.5375237747010635
/home/ashley/reuse/Git_Scripts/Repos/elasticsearch_buggy/47/b/RecoverySource.java -1.004392936204388 -0.6164909184464815 -1.004392936204388 -0.7981385702771079 -0.20625436592728008
/home/ashley/reuse/Git_Scripts/Repos/elasticsearch_buggy/3901/b/SearchPhaseController.java -4.5256830836122495 -2.7636419156970677 -4.5256830836122495 -3.548182989012906 -0.9775000945993435
/home/ashley/reuse/Git_Scripts/Repos/elasticsearch_buggy/3901/b/SimpleNestedTests.java -1.3408236560155296 -0.8939063801957071 -1.3408236560155296 -1.3408236560155296 0.0
/home/ashley/reuse/Git_Scripts/Repos/elasticsearch_buggy/969/b/DoubleArrayIndexFieldData.java -2.223602087292622 -1.5514717774296993 -2.223602087292622 -2.563039404628365 0.3394373173357428
/home/ashley/reuse/Git_Scripts/Repos/elasticsearch_buggy/969/b/PagedBytesIndexFieldData.java -3.0919495420582948 -1.9788477069173087 -3.0919495420582948 -2.7452222523708327 -0.346727289687462
/home/ashley/reuse/Git_Scripts/Repos/elasticsearch_buggy/969/b/GeoPointDoubleArrayIndexFieldData.java -3.155451305739201 -2.0814987205492987 -3.155451305739201 -3.05463816498076 -0.10081314075844094
/home/ashley/reuse/Git_Scripts/Repos/elasticsearch_buggy/969/b/FloatArrayIndexFieldData.java -2.321878081008227 -1.5926307748494184 -2.321878081008227 -2.5354186817227142 0.2135406007144871
/home/ashley/reuse/Git_Scripts/Repos/elasticsearch_buggy/969/b/OrdinalsBuilder.java -4.5916242994489345 -3.053801508387065 -4.5916242994489345 -4.559013331413076 -0.03261096803585861
/home/ashley/reuse/Git_Scripts/Repos/elasticsearch_buggy/6696/b/RestShardsAction.java -3.660906765951609 -2.6070473816475133 -3.660906765951609 -4.528193011694907 0.8672862457432982
