before_file_path change CE-Avg CE-Left CE-Right CE-Diff
/home/ashley/reuse/Git_Scripts/Repos/netty_buggy/1/b/NioServerSocketPipelineSink.java -8.36536242537711 -5.697882432903281 -8.36536242537711 -8.934434699212288 0.569072273835177
/home/ashley/reuse/Git_Scripts/Repos/netty_buggy/1/b/OioClientSocketPipelineSink.java -8.211135769724237 -5.4766154626481764 -8.211135769724237 -8.211135769724237 0.0
/home/ashley/reuse/Git_Scripts/Repos/netty_buggy/1/b/ThreadRenamingRunnable.java -7.357206087169488 -4.9127923383379315 -7.357206087169488 -7.357206087169488 0.0
/home/ashley/reuse/Git_Scripts/Repos/netty_buggy/1/b/NioClientSocketPipelineSink.java -8.274816705748826 -5.903432560963339 -8.274816705748826 -10.293064682760734 2.0182479770119084
/home/ashley/reuse/Git_Scripts/Repos/netty_buggy/1/b/NioWorker.java -8.26641710953218 -6.135804945715136 -8.26641710953218 -11.90294598082638 3.6365288712941997
/home/ashley/reuse/Git_Scripts/Repos/netty_buggy/1/b/OioServerSocketPipelineSink.java -8.376951879502947 -5.565721107132807 -8.376951879502947 -8.29241383301255 -0.08453804649039753
/home/ashley/reuse/Git_Scripts/Repos/netty_buggy/2/b/NioSocketChannel.java -8.663624248226306 -5.828256312443151 -8.663624248226306 -8.904280477343702 0.2406562291173966
/home/ashley/reuse/Git_Scripts/Repos/netty_buggy/3/b/VoidChannelPromise.java -6.210597834513355 -3.665270853155423 -6.210597834513355 -4.471630440849616 -1.7389673936637395
/home/ashley/reuse/Git_Scripts/Repos/netty_buggy/3/b/NioEventLoop.java -7.721607451906718 -5.255142677154597 -7.721607451906718 -8.222776688000158 0.5011692360934399
/home/ashley/reuse/Git_Scripts/Repos/netty_buggy/3/b/ThreadPerChannelEventLoop.java -8.34368767834829 -5.5823243752758795 -8.34368767834829 -8.403499059555088 0.05981138120679752
/home/ashley/reuse/Git_Scripts/Repos/netty_buggy/5/b/AbstractEmbeddedChannel.java -8.87436450385359 -5.916243002569059 -8.87436450385359 -8.87436450385359 0.0
/home/ashley/reuse/Git_Scripts/Repos/netty_buggy/5/b/EmbeddedByteChannel.java -9.412320664838449 -6.281244419334381 -9.412320664838449 -9.412320664838449 0.0
/home/ashley/reuse/Git_Scripts/Repos/netty_buggy/5/b/DefaultChannelPipeline.java -8.341082562284742 -5.0743950099096455 -8.341082562284742 -6.477512498292002 -1.8635700639927393
/home/ashley/reuse/Git_Scripts/Repos/netty_buggy/5/b/DefaultChannelHandlerContext.java -7.755890376091837 -5.237181739907834 -7.755890376091837 -8.061223459930218 0.30533308383838165
/home/ashley/reuse/Git_Scripts/Repos/netty_buggy/5/b/AbstractChannel.java -8.110463006984936 -5.477797449468456 -8.110463006984936 -8.437735937788638 0.32727293080370146
/home/ashley/reuse/Git_Scripts/Repos/netty_buggy/6/b/DefaultChannelPipeline.java -8.341082562284742 -4.999779622154461 -8.341082562284742 -6.239773542748159 -2.1013090195365827
/home/ashley/reuse/Git_Scripts/Repos/netty_buggy/6/b/EmbeddedEventLoop.java -6.00289101737585 -3.7616945174771064 -6.00289101737585 -5.037720304778164 -0.9651707125976863
/home/ashley/reuse/Git_Scripts/Repos/netty_buggy/6/b/DefaultChannelHandlerContext.java -7.755890376091837 -4.398915736757685 -7.755890376091837 -5.08069771447987 -2.675192661611967
/home/ashley/reuse/Git_Scripts/Repos/netty_buggy/6/b/AbstractChannel.java -8.110463006984936 -5.25425612147201 -8.110463006984936 -7.459972545856049 -0.6504904611288875
/home/ashley/reuse/Git_Scripts/Repos/netty_buggy/7/b/DefaultPromise.java -7.412912071917773 -4.937140837725525 -7.412912071917773 -7.391351513273908 -0.021560558643864525
/home/ashley/reuse/Git_Scripts/Repos/netty_buggy/7/b/DefaultPromiseTest.java -8.28608457289796 -3.9573870896505596 -8.28608457289796 -3.7876571693269465 -4.498427403571014
/home/ashley/reuse/Git_Scripts/Repos/netty_buggy/10/b/DefaultHttp2ConnectionTest.java -7.743314660532677 -5.887179341244864 -7.743314660532677 -12.276366223216034 4.533051562683356
/home/ashley/reuse/Git_Scripts/Repos/netty_buggy/10/b/Http2Connection.java -11.352208716044396 -8.213801122839898 -11.352208716044396 -14.855429374511221 3.503220658466825
/home/ashley/reuse/Git_Scripts/Repos/netty_buggy/10/b/Http2ConnectionAdapter.java -9.403710107130738 -6.687082742848525 -9.403710107130738 -11.463570416311757 2.059860309181019
/home/ashley/reuse/Git_Scripts/Repos/netty_buggy/10/b/DefaultHttp2Connection.java -8.27063414439604 -6.3774198973980285 -8.27063414439604 -13.925252622681409 5.65461847828537
/home/ashley/reuse/Git_Scripts/Repos/netty_buggy/11/b/NioWorker.java -8.26641710953218 -5.871297706604514 -8.26641710953218 -10.131978338471667 1.8655612289394874
/home/ashley/reuse/Git_Scripts/Repos/netty_buggy/12/b/Http2Client.java -9.292454486908467 -6.531849394812302 -9.292454486908467 -10.979918614592458 1.6874641276839917
/home/ashley/reuse/Git_Scripts/Repos/netty_buggy/12/b/Http2Server.java -10.345842219969983 -7.538286665025619 -10.345842219969983 -13.854656538962297 3.5088143189923144
/home/ashley/reuse/Git_Scripts/Repos/netty_buggy/16/b/ReplayingDecoderTest.java -9.016282827517607 -6.080748883674665 -9.016282827517607 -9.310582860463285 0.29430003294567797
/home/ashley/reuse/Git_Scripts/Repos/netty_buggy/17/b/ChannelBuffers.java -8.368444605536855 -5.862983008485214 -8.368444605536855 -9.791418991903445 1.4229743863665902
/home/ashley/reuse/Git_Scripts/Repos/netty_buggy/18/b/Http2ConnectionRoundtripTest.java -8.223685954881379 -6.700354265504847 -8.223685954881379 -18.085886891945936 9.862200937064557
/home/ashley/reuse/Git_Scripts/Repos/netty_buggy/19/b/AioSocketChannel.java -7.909119629759334 -6.153177025391124 -7.909119629759334 -13.847877756233627 5.938758126474293
/home/ashley/reuse/Git_Scripts/Repos/netty_buggy/20/b/SocketSslEchoTest.java -2.4236464568786382 -1.624821901076401 -2.4236464568786382 -2.464867795437143 0.04122133855850496
/home/ashley/reuse/Git_Scripts/Repos/netty_buggy/20/b/SslHandler.java -8.181043593776133 -6.691285655403319 -8.181043593776133 -18.36527131882379 10.184227725047657
/home/ashley/reuse/Git_Scripts/Repos/netty_buggy/22/b/SocksCmdResponseDecoderTest.java -8.817862654044978 -4.944232040016389 -8.817862654044978 -5.62748018624981 -3.1903824677951684
/home/ashley/reuse/Git_Scripts/Repos/netty_buggy/23/b/AdvancedLeakAwareByteBuf.java -7.501173520507278 -5.03520575490038 -7.501173520507278 -7.655812365681072 0.15463884517379434
/home/ashley/reuse/Git_Scripts/Repos/netty_buggy/23/b/SimpleLeakAwareByteBuf.java -9.150600138371285 -7.501843356682765 -9.150600138371285 -20.817615314794676 11.66701517642339
/home/ashley/reuse/Git_Scripts/Repos/netty_buggy/24/b/SslHandler.java -8.181043593776133 -5.781270806268467 -8.181043593776133 -9.85230634048132 1.671262746705187
/home/ashley/reuse/Git_Scripts/Repos/netty_buggy/25/b/DefaultAioSocketChannelConfig.java -7.248859083442451 -4.710548244123496 -7.248859083442451 -6.726146360500534 -0.5227127229419164
/home/ashley/reuse/Git_Scripts/Repos/netty_buggy/25/b/AioSocketChannelConfig.java -6.208660449210589 -5.642312053587799 -6.208660449210589 -30.927252518030315 24.718592068819724
/home/ashley/reuse/Git_Scripts/Repos/netty_buggy/25/b/AioServerSocketChannelConfig.java -7.154182863143315 -3.807235181764687 -7.154182863143315 -4.0690293494695275 -3.085153513673787
/home/ashley/reuse/Git_Scripts/Repos/netty_buggy/27/b/ReplayingDecoderBuffer.java -7.751438446303593 -5.2611712708947405 -7.751438446303593 -8.185672540633815 0.43423409433022275
/home/ashley/reuse/Git_Scripts/Repos/netty_buggy/27/b/ByteBuf.java -11.519697476306948 -7.931495955108036 -11.519697476306948 -12.731786857231501 1.212089380924553
/home/ashley/reuse/Git_Scripts/Repos/netty_buggy/27/b/AbstractCompositeChannelBufferTest.java -5.819503662875916 -3.831905112409956 -5.819503662875916 -5.609730856423412 -0.20977280645250396
/home/ashley/reuse/Git_Scripts/Repos/netty_buggy/27/b/ChannelBuffersTest.java -5.905197216373774 -3.778697514219448 -5.905197216373774 -5.246639352895569 -0.6585578634782054
/home/ashley/reuse/Git_Scripts/Repos/netty_buggy/27/b/SlicedByteBuf.java -7.559971620747183 -5.080096704148976 -7.559971620747183 -7.737722606686868 0.1777509859396842
/home/ashley/reuse/Git_Scripts/Repos/netty_buggy/27/b/SwappedByteBuf.java -6.802507700241558 -4.7890608575550955 -6.802507700241558 -8.090013272209594 1.287505571968036
/home/ashley/reuse/Git_Scripts/Repos/netty_buggy/27/b/AbstractChannelBufferTest.java -6.973072032425239 -4.669203278126392 -6.973072032425239 -7.06609062075678 0.09301858833154153
/home/ashley/reuse/Git_Scripts/Repos/netty_buggy/27/b/ReadOnlyByteBuf.java -7.02061378440238 -4.630043525762677 -7.02061378440238 -6.7910784972009495 -0.2295352872014309
/home/ashley/reuse/Git_Scripts/Repos/netty_buggy/27/b/DefaultCompositeByteBuf.java -8.99642678438461 -6.696795567545658 -8.99642678438461 -13.097144534830516 4.100717750445906
/home/ashley/reuse/Git_Scripts/Repos/netty_buggy/27/b/AbstractByteBuf.java -7.8757183100190735 -5.7973404178411965 -7.8757183100190735 -10.98409972749506 3.1083814174759867
/home/ashley/reuse/Git_Scripts/Repos/netty_buggy/27/b/DuplicatedByteBuf.java -6.825351707733419 -4.877144521254171 -6.825351707733419 -8.533622067200108 1.708270359466689
/home/ashley/reuse/Git_Scripts/Repos/netty_buggy/28/b/NioEventLoop.java -7.721607451906718 -5.091986622918028 -7.721607451906718 -7.476043964036893 -0.24556348786982518
/home/ashley/reuse/Git_Scripts/Repos/netty_buggy/29/b/ChannelPipeline.java -12.763473615441754 -8.481102389290916 -12.763473615441754 -12.614193222278692 -0.14928039316306219
/home/ashley/reuse/Git_Scripts/Repos/netty_buggy/30/b/Channel.java -13.32906835041411 -9.0907931606511 -13.32906835041411 -14.2433365766158 0.9142682262016901
/home/ashley/reuse/Git_Scripts/Repos/netty_buggy/30/b/AbstractChannel.java -8.110463006984936 -5.59798261895156 -8.110463006984936 -9.035340367430589 0.9248773604456524
/home/ashley/reuse/Git_Scripts/Repos/netty_buggy/32/b/UtilThreadFactory.java -4.92979012906049 -3.2865267527069935 -4.92979012906049 -4.92979012906049 0.0
/home/ashley/reuse/Git_Scripts/Repos/netty_buggy/33/b/MessageToByteEncoder.java -8.2814829140957 -4.6981489608812135 -8.2814829140957 -5.428972132573847 -2.8525107815218522
/home/ashley/reuse/Git_Scripts/Repos/netty_buggy/33/b/MessageToMessageDecoder.java -7.769615017142257 -5.631072773010268 -7.769615017142257 -10.19905216114544 2.429437144003183
/home/ashley/reuse/Git_Scripts/Repos/netty_buggy/33/b/MessageToMessageCodec.java -9.220093906839255 -6.445694702706041 -9.220093906839255 -10.710410809884392 1.4903169030451373
/home/ashley/reuse/Git_Scripts/Repos/netty_buggy/33/b/SimpleChannelInboundHandler.java -7.648863993081997 -5.169709583263963 -7.648863993081997 -7.944186927177827 0.29532293409583055
/home/ashley/reuse/Git_Scripts/Repos/netty_buggy/33/b/ByteToMessageCodec.java -9.880284853883577 -6.2173499812243 -9.880284853883577 -8.385241750993298 -1.4950431028902784
/home/ashley/reuse/Git_Scripts/Repos/netty_buggy/33/b/MessageToMessageEncoder.java -8.285290697718713 -5.440103431093527 -8.285290697718713 -7.920891338328307 -0.364399359390406
/home/ashley/reuse/Git_Scripts/Repos/netty_buggy/34/b/WebSocketServerProtocolHandler.java -9.34476125891359 -6.047757808482699 -9.34476125891359 -8.570639024447376 -0.7741222344662138
/home/ashley/reuse/Git_Scripts/Repos/netty_buggy/34/b/WebSocketServerProtocolHandshakeHandler.java -9.39891071771845 -6.276014337769126 -9.39891071771845 -9.429180961575838 0.030270243857387413
/home/ashley/reuse/Git_Scripts/Repos/netty_buggy/35/b/StreamBufferingEncoderTest.java -7.5366399599798575 -4.927803050756061 -7.5366399599798575 -7.1179377399809765 -0.418702219998881
/home/ashley/reuse/Git_Scripts/Repos/netty_buggy/36/b/HttpMessageDecoder.java -8.920639276853029 -6.224519653099813 -8.920639276853029 -10.293045319445802 1.3724060425927735
/home/ashley/reuse/Git_Scripts/Repos/netty_buggy/37/b/WebSocketSslClient.java -7.572412290895613 -5.0482748605970755 -7.572412290895613 -7.572412290895613 0.0
/home/ashley/reuse/Git_Scripts/Repos/netty_buggy/37/b/WebSocketClientRunner.java -8.846448697298339 -5.900118819193073 -8.846448697298339 -8.857646733624032 0.01119803632569294
/home/ashley/reuse/Git_Scripts/Repos/netty_buggy/37/b/WebSocketClient.java -8.531992928856951 -7.983848131751617 -8.531992928856951 -62.13516589493649 53.60317296607954
/home/ashley/reuse/Git_Scripts/Repos/netty_buggy/37/b/WebSocketSslClientTrustManagerFactory.java -9.715089149177643 -6.476726099451763 -9.715089149177643 -9.715089149177643 0.0
/home/ashley/reuse/Git_Scripts/Repos/netty_buggy/37/b/WebSocketSslClientContextFactory.java -8.81524330268517 -5.87682886845678 -8.81524330268517 -8.81524330268517 0.0
/home/ashley/reuse/Git_Scripts/Repos/netty_buggy/38/b/ReplayingDecoder.java -8.70783213204162 -6.186135876794963 -8.70783213204162 -10.667369577684362 1.9595374456427415
/home/ashley/reuse/Git_Scripts/Repos/netty_buggy/38/b/MessageToMessageDecoder.java -7.769615017142257 -5.900134270696765 -7.769615017142257 -12.260562704355689 4.490947687213431
/home/ashley/reuse/Git_Scripts/Repos/netty_buggy/38/b/MessageToMessageEncoder.java -8.285290697718713 -4.812693471389351 -8.285290697718713 -5.741317211674209 -2.5439734860445036
/home/ashley/reuse/Git_Scripts/Repos/netty_buggy/39/b/SpdyFrameCodec.java -10.199696395286898 -5.999821408992292 -10.199696395286898 -7.285497425204927 -2.914198970081971
/home/ashley/reuse/Git_Scripts/Repos/netty_buggy/39/b/SpdyFrameEncoder.java -8.538881340016031 -6.161955244662732 -8.538881340016031 -11.061118902183955 2.5222375621679234
/home/ashley/reuse/Git_Scripts/Repos/netty_buggy/39/b/SpdyFrameDecoder.java -8.964830896600457 -6.947317859746694 -8.964830896600457 -15.427078392514032 6.462247495913575
/home/ashley/reuse/Git_Scripts/Repos/netty_buggy/39/b/SpdyCodecUtil.java -7.8868134358503985 -5.2214258795404715 -7.8868134358503985 -7.725032647422697 -0.16178078842770116
/home/ashley/reuse/Git_Scripts/Repos/netty_buggy/39/b/SpdyHttpDecoder.java -8.364185038765168 -5.563227606727248 -8.364185038765168 -8.306421329933917 -0.05776370883125104
/home/ashley/reuse/Git_Scripts/Repos/netty_buggy/39/b/SpdyHttpCodec.java -10.805554131570885 -7.221533701792422 -10.805554131570885 -10.805554131570885 0.0
/home/ashley/reuse/Git_Scripts/Repos/netty_buggy/39/b/SpdyHttpHeaders.java -7.922497480135369 -5.286414685486011 -7.922497480135369 -7.922497480135369 0.0
/home/ashley/reuse/Git_Scripts/Repos/netty_buggy/39/b/SpdySessionHandler.java -8.718287750750372 -6.6510014527601635 -8.718287750750372 -14.017554375648714 5.299266624898342
/home/ashley/reuse/Git_Scripts/Repos/netty_buggy/39/b/SpdyHttpEncoder.java -8.663330884970165 -5.270596275828217 -8.663330884970165 -6.724424329103713 -1.9389065558664518
/home/ashley/reuse/Git_Scripts/Repos/netty_buggy/40/b/HttpContentEncoderTest.java -9.8974016759999 -5.931681254882126 -9.8974016759999 -7.40196304320163 -2.49543863279827
/home/ashley/reuse/Git_Scripts/Repos/netty_buggy/40/b/HttpContentEncoder.java -9.394944904402452 -6.374663896728264 -9.394944904402452 -9.914576812831791 0.5196319084293393
/home/ashley/reuse/Git_Scripts/Repos/netty_buggy/40/b/HttpContentCompressorTest.java -7.484198920990328 -3.4453691067995122 -7.484198920990328 -3.192239947932609 -4.291958973057719
/home/ashley/reuse/Git_Scripts/Repos/netty_buggy/41/b/Signal.java -6.623104470590622 -4.424563567490001 -6.623104470590622 -6.623104470590622 0.0
/home/ashley/reuse/Git_Scripts/Repos/netty_buggy/41/b/UniqueName.java -5.926273966576097 -3.9549056245117686 -5.926273966576097 -5.926273966576097 0.0
/home/ashley/reuse/Git_Scripts/Repos/netty_buggy/42/b/TypeParameterMatcher.java -7.266332375493907 -3.4466420307867307 -7.266332375493907 -3.2748581755937547 -3.9914741999001526
/home/ashley/reuse/Git_Scripts/Repos/netty_buggy/43/b/NioServerSocketChannelFactory.java -9.813593692411335 -6.032719068706117 -9.813593692411335 -7.800548832429522 -2.0130448599818127
/home/ashley/reuse/Git_Scripts/Repos/netty_buggy/43/b/OioServerSocketChannelFactory.java -10.584652667253213 -6.5600699040390635 -10.584652667253213 -8.58357405354365 -2.001078613709563
/home/ashley/reuse/Git_Scripts/Repos/netty_buggy/43/b/NioClientSocketChannelFactory.java -9.429226765476223 -5.779203501420911 -9.429226765476223 -7.436635448998229 -1.992591316477994
/home/ashley/reuse/Git_Scripts/Repos/netty_buggy/43/b/OioClientSocketChannelFactory.java -10.605506077962001 -6.425996293543479 -10.605506077962001 -8.102343152728734 -2.5031629252332674
/home/ashley/reuse/Git_Scripts/Repos/netty_buggy/44/b/DefaultChannelPipeline.java -8.341082562284742 -5.161620909175868 -8.341082562284742 -6.770565406340644 -1.5705171559440974
/home/ashley/reuse/Git_Scripts/Repos/netty_buggy/44/b/LocalTransportThreadModelTest.java -8.017254611816089 -5.384430812304161 -8.017254611816089 -8.198108960036127 0.18085434822003776
/home/ashley/reuse/Git_Scripts/Repos/netty_buggy/44/b/DefaultChannelHandlerContext.java -7.755890376091837 -5.71029713667877 -7.755890376091837 -10.82129997021522 3.065409594123383
/home/ashley/reuse/Git_Scripts/Repos/netty_buggy/45/b/DefaultHttp2LocalFlowController.java -9.758518569954731 -6.403332522646995 -9.758518569954731 -9.312008104883859 -0.44651046507087244
/home/ashley/reuse/Git_Scripts/Repos/netty_buggy/45/b/DefaultHttp2Connection.java -8.27063414439604 -5.615776814613739 -8.27063414439604 -8.745459898592975 0.4748257541969352
/home/ashley/reuse/Git_Scripts/Repos/netty_buggy/46/b/AioSocketChannel.java -7.909119629759334 -6.0775851700423384 -7.909119629759334 -13.122425274308922 5.213305644549588
/home/ashley/reuse/Git_Scripts/Repos/netty_buggy/46/b/AioCompletionHandler.java -6.852650567565442 -3.903624328289767 -6.852650567565442 -4.535424797608342 -2.3172257699571004
/home/ashley/reuse/Git_Scripts/Repos/netty_buggy/47/b/DatagramChannelConfig.java -10.478565992857064 -6.335877111960086 -10.478565992857064 -8.013021053361284 -2.4655449394957802
/home/ashley/reuse/Git_Scripts/Repos/netty_buggy/47/b/DefaultChannelConfig.java -7.389704970731072 -4.599632975309415 -7.389704970731072 -6.091228240159754 -1.2984767305713172
/home/ashley/reuse/Git_Scripts/Repos/netty_buggy/47/b/DefaultServerSocketChannelConfig.java -6.916674997041198 -3.888292971309646 -6.916674997041198 -4.440334566001757 -2.476340431039441
/home/ashley/reuse/Git_Scripts/Repos/netty_buggy/47/b/ChannelConfig.java -8.840581114003168 -4.535103298741885 -8.840581114003168 -4.6560393867083345 -4.1845417272948335
/home/ashley/reuse/Git_Scripts/Repos/netty_buggy/47/b/DefaultSocketChannelConfig.java -6.33930451604999 -3.990102283845245 -6.33930451604999 -5.37912533830518 -0.9601791777448101
/home/ashley/reuse/Git_Scripts/Repos/netty_buggy/47/b/DefaultDatagramChannelConfig.java -6.622843284143041 -4.231657298743701 -6.622843284143041 -5.856694448648855 -0.7661488354941861
/home/ashley/reuse/Git_Scripts/Repos/netty_buggy/48/b/Channel.java -13.32906835041411 -8.866076925219273 -13.32906835041411 -13.239611515847573 -0.08945683456653697
/home/ashley/reuse/Git_Scripts/Repos/netty_buggy/50/b/JdkZlibDecoder.java -7.898645268037174 -5.118115210521018 -7.898645268037174 -7.265284985068476 -0.633360282968698
/home/ashley/reuse/Git_Scripts/Repos/netty_buggy/51/b/SpdySessionHandlerTest.java -8.36460697448936 -5.586430875737745 -8.36460697448936 -8.405751130782964 0.04114415629360302
/home/ashley/reuse/Git_Scripts/Repos/netty_buggy/53/b/NioWorker.java -8.26641710953218 -5.10800783165647 -8.26641710953218 -6.682946788008205 -1.5834703215239747
/home/ashley/reuse/Git_Scripts/Repos/netty_buggy/54/b/SslHandler.java -8.181043593776133 -5.823421284134584 -8.181043593776133 -10.103752241314732 1.9227086475385988
/home/ashley/reuse/Git_Scripts/Repos/netty_buggy/55/b/HeapChannelBuffer.java -7.180747918559399 -4.457390835139067 -7.180747918559399 -5.870601488752451 -1.3101464298069487
/home/ashley/reuse/Git_Scripts/Repos/netty_buggy/55/b/ReplayingDecoderBuffer.java -7.9636828973242535 -4.806293254909045 -7.9636828973242535 -6.0593789209237565 -1.904303976400497
/home/ashley/reuse/Git_Scripts/Repos/netty_buggy/55/b/ReadOnlyChannelBuffer.java -7.839258779037933 -4.910161253592567 -7.839258779037933 -6.563303615448704 -1.275955163589229
/home/ashley/reuse/Git_Scripts/Repos/netty_buggy/55/b/DynamicChannelBuffer.java -7.580385932441659 -4.71066840087446 -7.580385932441659 -6.221637510588909 -1.3587484218527495
/home/ashley/reuse/Git_Scripts/Repos/netty_buggy/55/b/ReadOnlyChannelBufferTest.java -7.564018079032431 -5.0237781244548225 -7.564018079032431 -7.479598234400372 -0.08441984463205898
/home/ashley/reuse/Git_Scripts/Repos/netty_buggy/55/b/DuplicatedChannelBuffer.java -7.221259317551788 -4.653432548539216 -7.221259317551788 -6.543206799471808 -0.6780525180799799
/home/ashley/reuse/Git_Scripts/Repos/netty_buggy/55/b/CompositeChannelBuffer.java -9.192593382360018 -5.769681318970674 -9.192593382360018 -7.747545558996606 -1.4450478233634119
/home/ashley/reuse/Git_Scripts/Repos/netty_buggy/55/b/ByteBufferBackedChannelBuffer.java -7.657546543192469 -4.846729421475442 -7.657546543192469 -6.598648393854211 -1.0588981493382574
/home/ashley/reuse/Git_Scripts/Repos/netty_buggy/55/b/ChannelBuffer.java -10.135484816515964 -6.154350584982815 -10.135484816515964 -7.834115013698964 -2.3013698028169998
/home/ashley/reuse/Git_Scripts/Repos/netty_buggy/55/b/SlicedChannelBuffer.java -7.682491041959533 -4.940041521070905 -7.682491041959533 -6.919329680175474 -0.7631613617840598
/home/ashley/reuse/Git_Scripts/Repos/netty_buggy/55/b/ChannelBuffers.java -8.368444605536855 -5.061347382630243 -8.368444605536855 -6.403743577228997 -1.964701028307858
/home/ashley/reuse/Git_Scripts/Repos/netty_buggy/55/b/TruncatedChannelBuffer.java -7.055030879816761 -4.524571460935116 -7.055030879816761 -6.301642966858953 -0.753387912957808
/home/ashley/reuse/Git_Scripts/Repos/netty_buggy/55/b/AbstractChannelBuffer.java -8.008640484517697 -4.779318833373298 -8.008640484517697 -5.926298218668803 -2.0823422658488937
/home/ashley/reuse/Git_Scripts/Repos/netty_buggy/57/b/UniqueNameTest.java -8.234124050130754 -5.687789480125865 -8.234124050130754 -9.19634927437975 0.9622252242489964
/home/ashley/reuse/Git_Scripts/Repos/netty_buggy/58/b/EventExecutor.java -7.070247438408775 -4.713498292272517 -7.070247438408775 -7.070247438408775 0.0
/home/ashley/reuse/Git_Scripts/Repos/netty_buggy/58/b/ChannelPropertyAccess.java -13.353035480971176 -7.9028169173094724 -13.353035480971176 -9.680950723704104 -3.672084757267072
/home/ashley/reuse/Git_Scripts/Repos/netty_buggy/58/b/DefaultChannelPipelineTest.java -7.944413306767553 -4.028134906853162 -7.944413306767553 -4.085660579717555 -3.858752727049998
/home/ashley/reuse/Git_Scripts/Repos/netty_buggy/58/b/EmbeddedEventLoop.java -6.00289101737585 -4.137258221315401 -6.00289101737585 -6.638856215599131 0.635965198223281
/home/ashley/reuse/Git_Scripts/Repos/netty_buggy/58/b/ImmediateEventExecutor.java -4.922674711749467 -3.2817831411663114 -4.922674711749467 -4.922674711749467 0.0
/home/ashley/reuse/Git_Scripts/Repos/netty_buggy/58/b/AbstractEventExecutor.java -5.368062309967923 -3.584065554260021 -5.368062309967923 -5.368062309967923 0.0
/home/ashley/reuse/Git_Scripts/Repos/netty_buggy/65/b/DefaultChannelPipeline.java -8.341082562284742 -5.238808397565039 -8.341082562284742 -7.0417179420293285 -1.299364620255413
/home/ashley/reuse/Git_Scripts/Repos/netty_buggy/65/b/ChannelBufferHolder.java -8.639279285659734 -3.495049938681959 -8.639279285659734 -2.9348139926285275 -5.704465293031207
/home/ashley/reuse/Git_Scripts/Repos/netty_buggy/66/b/HttpTunnelingChannelHandler.java -6.8941447131034135 -4.516134131276518 -6.8941447131034135 -6.539243506623829 -0.35490120647958445
/home/ashley/reuse/Git_Scripts/Repos/netty_buggy/67/b/DelegatingDecompressorFrameListener.java -9.315779524396769 -7.228347837555524 -9.315779524396769 -16.114693864505018 6.798914340108249
/home/ashley/reuse/Git_Scripts/Repos/netty_buggy/67/b/DataCompressionHttp2Test.java -8.379834061571398 -5.351179145954989 -8.379834061571398 -7.40041034863421 -0.9794237129371872
/home/ashley/reuse/Git_Scripts/Repos/netty_buggy/68/b/HttpMessageDecoder.java -8.920639276853029 -7.566868140589389 -8.920639276853029 -24.90462384862754 15.983984571774512
/home/ashley/reuse/Git_Scripts/Repos/netty_buggy/70/b/BinaryMemcacheDecoder.java -10.294009711367247 -6.866004535640096 -10.294009711367247 -10.294009711367247 0.0
/home/ashley/reuse/Git_Scripts/Repos/netty_buggy/71/b/SslHandler.java -8.452781247086726 -5.8424887918283375 -8.452781247086726 -9.456635202695068 1.0038539556083421
/home/ashley/reuse/Git_Scripts/Repos/netty_buggy/73/b/ChannelHandlerAdapter.java -9.088190871750983 -4.727639070372299 -9.088190871750983 -4.92663408226297 -4.161556789488014
/home/ashley/reuse/Git_Scripts/Repos/netty_buggy/74/b/ChannelOption.java -10.11510979979582 -7.007278962757105 -10.11510979979582 -11.403354915807551 1.2882451160117316
/home/ashley/reuse/Git_Scripts/Repos/netty_buggy/75/b/WebSocketServerProtocolHandlerTest.java -9.871127106149402 -6.578411165335697 -9.871127106149402 -9.850102341280074 -0.021024764869327583
/home/ashley/reuse/Git_Scripts/Repos/netty_buggy/76/b/NioProviderMetadata.java -6.599478838062747 -5.004034613780848 -6.599478838062747 -10.339397712213204 3.739918874150457
/home/ashley/reuse/Git_Scripts/Repos/netty_buggy/78/b/AbstractEpollChannel.java -8.704676938906 -6.786781054581452 -8.704676938906 -15.381623471194256 6.676946532288257
/home/ashley/reuse/Git_Scripts/Repos/netty_buggy/81/b/NioDatagramPipelineSink.java -8.260919508495165 -5.252313020833346 -8.260919508495165 -7.20208339253327 -1.0588361159618955
/home/ashley/reuse/Git_Scripts/Repos/netty_buggy/82/b/DefaultHttp2ConnectionEncoder.java -8.79988103117843 -6.41945482943927 -8.79988103117843 -11.859004019175833 3.0591229879974033
/home/ashley/reuse/Git_Scripts/Repos/netty_buggy/82/b/DefaultHttp2ConnectionEncoderTest.java -8.110732136529018 -6.113043344391592 -8.110732136529018 -12.409654922352106 4.298922785823088
/home/ashley/reuse/Git_Scripts/Repos/netty_buggy/84/b/WebSocketClientHandshaker07.java -8.447828218703581 -5.7040428843776905 -8.447828218703581 -8.772424573904999 0.32459635520141816
/home/ashley/reuse/Git_Scripts/Repos/netty_buggy/84/b/WebSocketServerHandshaker08.java -9.203262772433058 -5.977653198793899 -9.203262772433058 -8.51588215042561 -0.6873806220074492
/home/ashley/reuse/Git_Scripts/Repos/netty_buggy/84/b/WebSocketClientHandshaker13.java -8.447828218703581 -5.685830742345833 -8.447828218703581 -8.695323186048412 0.24749496734483145
/home/ashley/reuse/Git_Scripts/Repos/netty_buggy/84/b/WebSocketClientHandshaker.java -9.897328594755978 -6.626537599922457 -9.897328594755978 -10.02586532975281 0.12853673499683183
/home/ashley/reuse/Git_Scripts/Repos/netty_buggy/84/b/WebSocketClientHandshaker00.java -8.26564992974199 -5.529836220602036 -8.26564992974199 -8.347662048109381 0.0820121183673912
/home/ashley/reuse/Git_Scripts/Repos/netty_buggy/84/b/WebSocketClientHandshaker08.java -8.568803805154603 -5.738334419193857 -8.568803805154603 -8.685955419678201 0.11715161452359801
/home/ashley/reuse/Git_Scripts/Repos/netty_buggy/84/b/WebSocketServerHandshaker13.java -9.230848442494937 -5.9892761781557615 -9.230848442494937 -8.515872629521608 -0.7149758129733286
/home/ashley/reuse/Git_Scripts/Repos/netty_buggy/84/b/WebSocketServerHandshaker00.java -8.761915576860845 -5.493785022279902 -8.761915576860845 -7.357268309407103 -1.4046472674537425
/home/ashley/reuse/Git_Scripts/Repos/netty_buggy/84/b/WebSocketServerHandshaker07.java -9.256948118516426 -6.130887996173648 -9.256948118516426 -9.06489525298704 -0.19205286552938716
/home/ashley/reuse/Git_Scripts/Repos/netty_buggy/84/b/WebSocketServerHandshaker.java -8.7417336684267 -5.793939756980487 -8.7417336684267 -8.591014122419343 -0.15071954600735715
/home/ashley/reuse/Git_Scripts/Repos/netty_buggy/100/b/SocketTestPermutation.java -10.978988051752063 -6.762847142194324 -10.978988051752063 -8.805352994922268 -2.173635056829795
/home/ashley/reuse/Git_Scripts/Repos/netty_buggy/102/b/NioSctpChannel.java -8.60288509217371 -5.736653527124115 -8.60288509217371 -8.60288509217371 0.0
/home/ashley/reuse/Git_Scripts/Repos/netty_buggy/103/b/MessageToMessageEncoder.java -8.285290697718713 -6.926771372789127 -8.285290697718713 -21.122376902208817 12.837086204490104
/home/ashley/reuse/Git_Scripts/Repos/netty_buggy/104/b/HttpContentDecoder.java -9.336849523620486 -5.978536058602841 -9.336849523620486 -8.301699356896371 -1.0351501667241152
/home/ashley/reuse/Git_Scripts/Repos/netty_buggy/106/b/SslHandler.java -8.181043593776133 -5.892765674264067 -8.181043593776133 -10.53146139240439 2.350417798628257
/home/ashley/reuse/Git_Scripts/Repos/netty_buggy/110/b/HttpContentEncoderTest.java -9.8974016759999 -7.167788146374068 -9.8974016759999 -12.99496753719189 3.09756586119199
/home/ashley/reuse/Git_Scripts/Repos/netty_buggy/110/b/HttpContentEncoder.java -9.39494490440245 -6.2647558985088105 -9.39494490440245 -9.39494490440245 0.0
/home/ashley/reuse/Git_Scripts/Repos/netty_buggy/111/b/CompatibleMarshallingDecoder.java -9.920377040273046 -6.619437423332633 -9.920377040273046 -9.920377040273046 0.0
/home/ashley/reuse/Git_Scripts/Repos/netty_buggy/112/b/ChannelHandler.java -6.113895240421411 -3.6882737591672643 -6.113895240421411 -4.616614773379433 -1.4972804670419784
/home/ashley/reuse/Git_Scripts/Repos/netty_buggy/113/b/DefaultChannelPipeline.java -8.341082562284742 -5.287326975223714 -8.341082562284742 -7.219822283420235 -1.121260278864507
/home/ashley/reuse/Git_Scripts/Repos/netty_buggy/114/b/SocketSendBufferPool.java -10.082475221731693 -5.423729083617428 -10.082475221731693 -5.864212413624094 -4.218262808107599
/home/ashley/reuse/Git_Scripts/Repos/netty_buggy/114/b/DefaultFileRegion.java -8.082954360573828 -5.833978078430697 -8.082954360573828 -10.48383189341754 2.4008775328437117
/home/ashley/reuse/Git_Scripts/Repos/netty_buggy/114/b/FileRegion.java -8.780598872966483 -4.87811048498138 -8.780598872966483 -5.487874295604052 -3.2927245773624305
/home/ashley/reuse/Git_Scripts/Repos/netty_buggy/115/b/DecoderEmbedder.java -8.66992433274661 -4.59271667356307 -8.66992433274661 -4.855157626338102 -3.8147667064085082
/home/ashley/reuse/Git_Scripts/Repos/netty_buggy/115/b/EncoderEmbedder.java -8.786596550212828 -5.051231833214137 -8.786596550212828 -5.9073728218945 -2.879223728318328
/home/ashley/reuse/Git_Scripts/Repos/netty_buggy/115/b/AbstractCodecEmbedder.java -7.989510807657389 -2.963245792511426 -7.989510807657389 -2.3521913806395047 -5.637319427017884
/home/ashley/reuse/Git_Scripts/Repos/netty_buggy/116/b/DefaultChildChannelStateEvent.java -8.680370195987393 -5.797709944334863 -8.680370195987393 -8.680370195987393 0.0
/home/ashley/reuse/Git_Scripts/Repos/netty_buggy/116/b/Channel.java -11.607346474667791 -7.738230983111861 -11.607346474667791 -11.607346474667791 0.0
/home/ashley/reuse/Git_Scripts/Repos/netty_buggy/116/b/DefaultExceptionEvent.java -8.201601686554373 -5.759551746175824 -8.201601686554373 -9.581310381488754 1.379708694934381
/home/ashley/reuse/Git_Scripts/Repos/netty_buggy/116/b/AbstractChannel.java -8.14841653776887 -5.432277691845913 -8.14841653776887 -8.14841653776887 0.0
/home/ashley/reuse/Git_Scripts/Repos/netty_buggy/118/b/DecoderEmbedder.java -8.66992433274661 -5.859672997304606 -8.66992433274661 -8.943711416938608 0.2737870841919978
/home/ashley/reuse/Git_Scripts/Repos/netty_buggy/118/b/EncoderEmbedder.java -8.786596550212828 -5.874185334131047 -8.786596550212828 -8.861059232841749 0.07446268262892097
/home/ashley/reuse/Git_Scripts/Repos/netty_buggy/118/b/EmbeddedChannel.java -10.003298468321395 -6.818574874325196 -10.003298468321395 -10.708659257754315 0.7053607894329197
/home/ashley/reuse/Git_Scripts/Repos/netty_buggy/118/b/AbstractCodecEmbedder.java -7.989510807657389 -5.333842426520567 -7.989510807657389 -8.02336466701187 0.033853859354481486
/home/ashley/reuse/Git_Scripts/Repos/netty_buggy/118/b/EmbeddedChannelHandlerContext.java -9.542033808690558 -6.365978950856055 -9.542033808690558 -9.542033808690558 0.0
/home/ashley/reuse/Git_Scripts/Repos/netty_buggy/122/b/ChunkedWriteHandler.java -8.00585740322107 -5.50613821402968 -8.00585740322107 -8.810647269711408 0.8047898664903386
/home/ashley/reuse/Git_Scripts/Repos/netty_buggy/124/b/NioDatagramChannel.java -8.88057866244331 -6.953317059349837 -8.88057866244331 -16.020004500517814 7.139425838074503
/home/ashley/reuse/Git_Scripts/Repos/netty_buggy/125/b/NioSocketChannel.java -8.663624248226306 -6.187639409457072 -8.663624248226306 -10.815320992162547 2.1516967439362418
/home/ashley/reuse/Git_Scripts/Repos/netty_buggy/125/b/NioUdtByteConnectorChannel.java -8.866942240237682 -5.95758013307543 -8.866942240237682 -9.068234913114814 0.20129267287713226
/home/ashley/reuse/Git_Scripts/Repos/netty_buggy/126/b/ReadOnlyChannelBufferTest.java -7.564018079032431 -5.0237781244548225 -7.564018079032431 -7.479598234400372 -0.08441984463205898
/home/ashley/reuse/Git_Scripts/Repos/netty_buggy/127/b/EmbeddedEventLoop.java -6.00289101737585 -4.014433367870099 -6.00289101737585 -6.059522064709585 0.056631047333734585
/home/ashley/reuse/Git_Scripts/Repos/netty_buggy/127/b/MultithreadEventLoopGroup.java -8.438942320425898 -5.625961546950599 -8.438942320425898 -8.438942320425898 0.0
/home/ashley/reuse/Git_Scripts/Repos/netty_buggy/128/b/HttpClientCodec.java -8.298104492973435 -5.689899502435362 -8.298104492973435 -9.037413341809778 0.7393088488363428
/home/ashley/reuse/Git_Scripts/Repos/netty_buggy/128/b/SpdyHttpResponseStreamIdHandler.java -8.901677346106103 -5.657140743319767 -8.901677346106103 -7.760436660707885 -1.141240685398218
/home/ashley/reuse/Git_Scripts/Repos/netty_buggy/128/b/HttpObjectDecoder.java -8.854304817001466 -5.959377468880222 -8.854304817001466 -9.110621135280699 0.2563163182792323
/home/ashley/reuse/Git_Scripts/Repos/netty_buggy/128/b/SpdyHttpDecoder.java -8.364185038765168 -5.576123359176778 -8.364185038765168 -8.364185038765168 0.0
/home/ashley/reuse/Git_Scripts/Repos/netty_buggy/128/b/HttpContentEncoder.java -9.39494490440245 -6.718723717241333 -9.39494490440245 -11.793128208947287 2.398183304544837
/home/ashley/reuse/Git_Scripts/Repos/netty_buggy/128/b/HttpContentDecoder.java -9.336849523620486 -6.27622250135485 -9.336849523620486 -9.5611227738718 0.22427325025131317
/home/ashley/reuse/Git_Scripts/Repos/netty_buggy/128/b/SpdyHttpEncoder.java -8.663330884970165 -5.700524068720549 -8.663330884970165 -8.32689085060239 -0.33644003436777403
/home/ashley/reuse/Git_Scripts/Repos/netty_buggy/128/b/HttpObjectAggregator.java -9.213331856341258 -6.420209698743548 -9.213331856341258 -10.576250770001206 1.3629189136599482
/home/ashley/reuse/Git_Scripts/Repos/netty_buggy/129/b/SpdySessionHandler.java -8.718287750750372 -5.813984613547904 -8.718287750750372 -8.726360239408475 0.008072488658102728
/home/ashley/reuse/Git_Scripts/Repos/netty_buggy/130/b/Http2ClientInitializer.java -10.90065172608003 -8.245488550994105 -10.90065172608003 -16.895021005575945 5.994369279495915
/home/ashley/reuse/Git_Scripts/Repos/netty_buggy/132/b/Http2ConnectionRoundtripTest.java -8.223685954881379 -6.742881196668137 -8.223685954881379 -18.711165434198467 10.487479479317088
/home/ashley/reuse/Git_Scripts/Repos/netty_buggy/133/b/DefaultChannelHandlerContext.java -7.755890376091837 -3.7649660779448784 -7.755890376091837 -3.6579233891015597 -4.0979669869902775
/home/ashley/reuse/Git_Scripts/Repos/netty_buggy/134/b/ChannelHandlerContext.java -10.746325723442181 -7.116582726428466 -10.746325723442181 -10.534783878492533 -0.21154184494964845
/home/ashley/reuse/Git_Scripts/Repos/netty_buggy/134/b/DefaultChannelPipeline.java -8.341082562284742 -5.085556111877994 -8.341082562284742 -6.514010667038541 -1.8270718952462008
/home/ashley/reuse/Git_Scripts/Repos/netty_buggy/134/b/DefaultChannelHandlerContext.java -7.755890376091837 -4.741045657911021 -7.755890376091837 -6.09705032920283 -1.658840046889007
/home/ashley/reuse/Git_Scripts/Repos/netty_buggy/135/b/AioSocketChannel.java -7.909119629759334 -6.128404247029376 -7.909119629759334 -13.609778069915993 5.700658440156659
/home/ashley/reuse/Git_Scripts/Repos/netty_buggy/135/b/AioServerSocketChannel.java -8.40269710918163 -5.838704950598371 -8.40269710918163 -9.550526136355304 1.1478290271736729
/home/ashley/reuse/Git_Scripts/Repos/netty_buggy/136/b/DnsNameResolver.java -8.564000250279836 -6.143145769329319 -8.564000250279836 -10.862574698914292 2.298574448634456
/home/ashley/reuse/Git_Scripts/Repos/netty_buggy/138/b/DefaultChannelConfig.java -7.389704970731072 -3.4002071516043286 -7.389704970731072 -3.146759976466294 -4.242944994264778
/home/ashley/reuse/Git_Scripts/Repos/netty_buggy/140/b/LinkedTransferQueue.java -7.979938289292809 -5.280947428360967 -7.979938289292809 -7.806924283687728 -0.17301400560508107
/home/ashley/reuse/Git_Scripts/Repos/netty_buggy/141/b/SctpEchoClientHandler.java -8.586112539222007 -5.724075026148005 -8.586112539222007 -8.586112539222007 0.0
/home/ashley/reuse/Git_Scripts/Repos/netty_buggy/141/b/SctpEchoServerHandler.java -9.016327388870144 -6.010884925913429 -9.016327388870144 -9.016327388870144 0.0
/home/ashley/reuse/Git_Scripts/Repos/netty_buggy/141/b/OioSctpEchoClient.java -9.388877880879388 -6.2543465507425395 -9.388877880879388 -9.366838261440705 -0.022039619438682934
/home/ashley/reuse/Git_Scripts/Repos/netty_buggy/141/b/OioSctpEchoServer.java -9.193410764148608 -6.123223214181069 -9.193410764148608 -9.167730845812997 -0.025679918335610452
/home/ashley/reuse/Git_Scripts/Repos/netty_buggy/142/b/SslHandler.java -8.181043593776133 -5.892765674264067 -8.181043593776133 -10.533898102583105 2.3528545088069723
/home/ashley/reuse/Git_Scripts/Repos/netty_buggy/145/b/NioSctpChannel.java -8.60288509217371 -5.370428495752762 -8.60288509217371 -7.142116246928931 -1.460768845244778
/home/ashley/reuse/Git_Scripts/Repos/netty_buggy/145/b/OioSctpChannel.java -8.028244476909268 -5.352162984606179 -8.028244476909268 -8.028244476909268 0.0
/home/ashley/reuse/Git_Scripts/Repos/netty_buggy/148/b/ChannelDownstreamHandler.java -9.695210777220252 -6.059506735762658 -9.695210777220252 -7.860981711259664 -1.8342290659605878
/home/ashley/reuse/Git_Scripts/Repos/netty_buggy/148/b/Channel.java -11.607346474667791 -7.738230983111861 -11.607346474667791 -11.607346474667791 0.0
/home/ashley/reuse/Git_Scripts/Repos/netty_buggy/150/b/HttpServerCodecTest.java -9.007913828827515 -6.029490708005514 -9.007913828827515 -9.117766436496144 0.10985260766862837
/home/ashley/reuse/Git_Scripts/Repos/netty_buggy/151/b/DelegatingDecompressorFrameListener.java -9.315779524396769 -7.293601695752579 -9.315779524396769 -16.78423733007463 7.468457805677863
/home/ashley/reuse/Git_Scripts/Repos/netty_buggy/151/b/CompressorHttp2ConnectionEncoder.java -9.352884503210669 -6.292108105905649 -9.352884503210669 -9.613469387712774 0.26058488450210504
/home/ashley/reuse/Git_Scripts/Repos/netty_buggy/151/b/DataCompressionHttp2Test.java -8.379834061571398 -5.279007774442599 -8.379834061571398 -7.13076969333452 -1.2490643682368772
/home/ashley/reuse/Git_Scripts/Repos/netty_buggy/151/b/DefaultHttp2Connection.java -8.27063414439604 -6.07751089130073 -8.27063414439604 -11.45637740790804 3.185743263512
/home/ashley/reuse/Git_Scripts/Repos/netty_buggy/153/b/WebSocketServerHandshaker08.java -9.203262772433058 -6.060022435785154 -9.203262772433058 -8.871733133656651 -0.3315296387764075
/home/ashley/reuse/Git_Scripts/Repos/netty_buggy/153/b/WebSocketServerHandshaker13.java -9.230848442494937 -6.071968354185525 -9.230848442494937 -8.871723214905076 -0.35912522758986043
/home/ashley/reuse/Git_Scripts/Repos/netty_buggy/153/b/WebSocketServerHandshaker00.java -8.761915576860845 -5.763005727812762 -8.761915576860845 -8.409480983825102 -0.35243459303574376
/home/ashley/reuse/Git_Scripts/Repos/netty_buggy/154/b/TaskScheduler.java -7.011410986335059 -4.674273990890039 -7.011410986335059 -7.011410986335059 0.0
/home/ashley/reuse/Git_Scripts/Repos/netty_buggy/155/b/AbstractEmbeddedChannel.java -8.87436450385359 -5.928857593192874 -8.87436450385359 -8.93137326940297 0.05700876554938006
/home/ashley/reuse/Git_Scripts/Repos/netty_buggy/155/b/EmbeddedMessageChannel.java -8.325361416170026 -5.55024094411335 -8.325361416170026 -8.325361416170026 0.0
/home/ashley/reuse/Git_Scripts/Repos/netty_buggy/156/b/SharedResourceMisuseDetector.java -6.036383853427017 -4.018140011855674 -6.036383853427017 -6.0089457450023485 -0.027438108424668428
/home/ashley/reuse/Git_Scripts/Repos/netty_buggy/157/b/AioSocketChannel.java -7.909119629759334 -5.272746419839557 -7.909119629759334 -7.909119629759334 0.0
/home/ashley/reuse/Git_Scripts/Repos/netty_buggy/158/b/DnsQueryContext.java -9.205992487851399 -6.320532155838274 -9.205992487851399 -10.08275367717058 0.8767611893191809
/home/ashley/reuse/Git_Scripts/Repos/netty_buggy/158/b/DnsNameResolver.java -8.564000250279836 -6.135538831352084 -8.564000250279836 -10.815154665928699 2.2511544156488625
/home/ashley/reuse/Git_Scripts/Repos/netty_buggy/159/b/LinkedTransferQueue.java -7.979938289292809 -5.267872834232683 -7.979938289292809 -7.75005264983305 -0.22988563945975926
/home/ashley/reuse/Git_Scripts/Repos/netty_buggy/161/b/DefaultHttp2ConnectionEncoder.java -8.79988103117843 -5.753219517410979 -8.79988103117843 -8.30546711448327 -0.49441391669516044
/home/ashley/reuse/Git_Scripts/Repos/netty_buggy/161/b/DefaultHttp2ConnectionEncoderTest.java -8.110732136529018 -5.320348410947917 -8.110732136529018 -7.7322556820065875 -0.3784764545224304
/home/ashley/reuse/Git_Scripts/Repos/netty_buggy/161/b/DefaultHttp2RemoteFlowController.java -9.462947777990884 -6.493292058187947 -9.462947777990884 -10.34559044069138 0.882642662700496
/home/ashley/reuse/Git_Scripts/Repos/netty_buggy/162/b/ChannelDownstreamHandler.java -9.695210777220252 -6.059506735762658 -9.695210777220252 -7.860981711259664 -1.8342290659605878
/home/ashley/reuse/Git_Scripts/Repos/netty_buggy/162/b/ChannelConfig.java -8.095748356988477 -5.397165571325651 -8.095748356988477 -8.095748356988477 0.0
/home/ashley/reuse/Git_Scripts/Repos/netty_buggy/162/b/Channel.java -11.607346474667791 -7.738230983111861 -11.607346474667791 -11.607346474667791 0.0
/home/ashley/reuse/Git_Scripts/Repos/netty_buggy/162/b/ChannelUpstreamHandler.java -9.306514587568087 -6.2363242081641825 -9.306514587568087 -9.306514587568087 0.0
/home/ashley/reuse/Git_Scripts/Repos/netty_buggy/163/b/SelectorUtil.java -8.101767022746737 -3.7634014557275166 -8.101767022746737 -3.5140194315528017 -4.587747591193935
/home/ashley/reuse/Git_Scripts/Repos/netty_buggy/163/b/NioEventLoop.java -9.68653471542254 -2.4464709473567186 -9.68653471542254 -1.6351733838373954 -8.051361331585145
/home/ashley/reuse/Git_Scripts/Repos/netty_buggy/164/b/WorldClockClientHandler.java -7.741445494213054 -5.163790039403889 -7.741445494213054 -7.741445494213054 0.0
/home/ashley/reuse/Git_Scripts/Repos/netty_buggy/164/b/WebSocketSslServerHandler.java -9.078105919651993 -5.896333291135529 -9.078105919651993 -8.41159070807903 -0.6665152115729622
/home/ashley/reuse/Git_Scripts/Repos/netty_buggy/164/b/SctpEchoClientHandler.java -8.586112539222007 -5.906619560011495 -8.586112539222007 -9.463525499434475 0.8774129602124674
/home/ashley/reuse/Git_Scripts/Repos/netty_buggy/164/b/ObjectEchoClientHandler.java -7.512631794223942 -5.731434198652682 -7.512631794223942 -12.038313597973303 4.525681803749362
/home/ashley/reuse/Git_Scripts/Repos/netty_buggy/164/b/RelayHandler.java -8.872329082257965 -5.914886054838643 -8.872329082257965 -8.872329082257965 0.0
/home/ashley/reuse/Git_Scripts/Repos/netty_buggy/164/b/FileServer.java -8.760211427783286 -5.577125392099492 -8.760211427783286 -7.6636448777513415 -1.0965665500319446
/home/ashley/reuse/Git_Scripts/Repos/netty_buggy/164/b/SocksServerConnectHandler.java -9.726009885520355 -6.564720365330475 -9.726009885520355 -10.077054828309837 0.35104494278948195
/home/ashley/reuse/Git_Scripts/Repos/netty_buggy/164/b/TelnetServerHandler.java -7.858918569133409 -5.426070733819066 -7.858918569133409 -8.739469669316424 0.8805511001830153
/home/ashley/reuse/Git_Scripts/Repos/netty_buggy/164/b/HttpUploadServerHandler.java -7.741407542541173 -5.125079718121778 -7.741407542541173 -7.58225525404052 -0.15915228850065244
/home/ashley/reuse/Git_Scripts/Repos/netty_buggy/164/b/MsgEchoClientHandler.java -9.08094542794315 -6.033750050619989 -9.08094542794315 -8.990587761993465 -0.09035766594968386
/home/ashley/reuse/Git_Scripts/Repos/netty_buggy/164/b/SocksServerHandler.java -9.632310822344355 -6.405324536744142 -9.632310822344355 -9.559705464386985 -0.07260535795736978
/home/ashley/reuse/Git_Scripts/Repos/netty_buggy/164/b/RxtxClientHandler.java -8.003787294711117 -4.661999815991527 -8.003787294711117 -5.582888668533062 -2.4208986261780545
/home/ashley/reuse/Git_Scripts/Repos/netty_buggy/164/b/MsgEchoPeerHandler.java -9.034441191038006 -6.062390979256272 -9.034441191038006 -9.214231065486523 0.17978987444851668
/home/ashley/reuse/Git_Scripts/Repos/netty_buggy/164/b/WebSocketServerHandler.java -8.889759481894687 -5.8042502969541605 -8.889759481894687 -8.353525168189446 -0.5362343137052417
/home/ashley/reuse/Git_Scripts/Repos/netty_buggy/164/b/ByteEchoClientHandler.java -8.595536962160555 -5.785170094532408 -8.595536962160555 -8.823535290069323 0.22799832790876806
/home/ashley/reuse/Git_Scripts/Repos/netty_buggy/164/b/QuoteOfTheMomentServerHandler.java -8.445488285097598 -4.9776481233396455 -8.445488285097598 -6.040671281883367 -2.404817003214231
/home/ashley/reuse/Git_Scripts/Repos/netty_buggy/164/b/ByteEchoPeerHandler.java -8.279288609409459 -5.519525739606307 -8.279288609409459 -8.279288609409459 0.0
/home/ashley/reuse/Git_Scripts/Repos/netty_buggy/165/b/EpollSocketChannelConfig.java -7.746337797386754 -5.213722564375324 -7.746337797386754 -7.973429133466497 0.2270913360797424
/home/ashley/reuse/Git_Scripts/Repos/netty_buggy/166/b/HttpContentEncoder.java -9.394944904402452 -6.472877302936884 -9.394944904402452 -10.405701360835844 1.0107564564333913
/home/ashley/reuse/Git_Scripts/Repos/netty_buggy/168/b/SslHandler.java -8.181043593776133 -5.817468387345283 -8.181043593776133 -10.068002565096014 1.8869589713198813
/home/ashley/reuse/Git_Scripts/Repos/netty_buggy/169/b/DefaultHttp2ConnectionEncoder.java -8.79988103117843 -6.41945482943927 -8.79988103117843 -11.859004019175833 3.0591229879974033
/home/ashley/reuse/Git_Scripts/Repos/netty_buggy/169/b/Http2CodecUtil.java -8.559557081421755 -6.325117091654979 -8.559557081421755 -12.114937308821649 3.555380227399894
/home/ashley/reuse/Git_Scripts/Repos/netty_buggy/169/b/Http2OutboundFrameLogger.java -8.731351003467577 -5.891295214182877 -8.731351003467577 -9.055978156160602 0.3246271526930258
/home/ashley/reuse/Git_Scripts/Repos/netty_buggy/169/b/Http2ConnectionHandler.java -8.723688819984208 -7.577092260950139 -8.723688819984208 -28.800521374885417 20.07683255490121
/home/ashley/reuse/Git_Scripts/Repos/netty_buggy/170/b/SslHandler.java -8.181043593776133 -5.827893957931923 -8.181043593776133 -10.128477775164445 1.9474341813883118
/home/ashley/reuse/Git_Scripts/Repos/netty_buggy/171/b/WebSocketServerHandshaker08.java -9.20326277243306 -6.138567093477285 -9.20326277243306 -9.20326277243306 0.0
/home/ashley/reuse/Git_Scripts/Repos/netty_buggy/171/b/WebSocketClientHandshaker13.java -8.447828218703581 -5.885003927636203 -8.447828218703581 -9.688804072376033 1.2409758536724524
/home/ashley/reuse/Git_Scripts/Repos/netty_buggy/171/b/WebSocketClientHandshaker.java -9.897328594755978 -6.954879553071768 -9.897328594755978 -11.69684288471161 1.7995142899556331
/home/ashley/reuse/Git_Scripts/Repos/netty_buggy/171/b/WebSocketClientHandshaker00.java -8.26564992974199 -5.665488768582172 -8.26564992974199 -9.005008524374874 0.7393585946328844
/home/ashley/reuse/Git_Scripts/Repos/netty_buggy/171/b/WebSocketClientHandshaker08.java -8.568803805154603 -5.945466811330534 -8.568803805154603 -9.699474754362571 1.1306709492079676
/home/ashley/reuse/Git_Scripts/Repos/netty_buggy/171/b/WebSocketServerHandshaker13.java -9.230848442494937 -6.150825086058065 -9.230848442494937 -9.203252483025594 -0.0275959594693429
/home/ashley/reuse/Git_Scripts/Repos/netty_buggy/171/b/WebSocketServerHandshaker00.java -8.761915576860845 -5.839011233920455 -8.761915576860845 -8.741562695149206 -0.020352881711639625
/home/ashley/reuse/Git_Scripts/Repos/netty_buggy/171/b/WebSocketServerHandshaker.java -8.7417336684267 -6.280825450844394 -8.7417336684267 -11.155495950007207 2.4137622815805067
/home/ashley/reuse/Git_Scripts/Repos/netty_buggy/173/b/DefaultSpdyHeadersFrame.java -8.232497668989353 -4.240356839554818 -8.232497668989353 -4.3721814045150715 -3.8603162644742817
/home/ashley/reuse/Git_Scripts/Repos/netty_buggy/173/b/HttpStaticFileServerHandler.java -7.953811243578319 -4.978768174743726 -7.953811243578319 -6.65539647178268 -1.2984147717956391
/home/ashley/reuse/Git_Scripts/Repos/netty_buggy/173/b/HttpObjectDecoder.java -8.854304817001468 -5.863158995981721 -8.854304817001468 -8.675320401098835 -0.17898441590263303
/home/ashley/reuse/Git_Scripts/Repos/netty_buggy/173/b/HttpUtil.java -9.226886585071219 -6.346535746345283 -9.226886585071219 -10.158591745127271 0.9317051600560529
/home/ashley/reuse/Git_Scripts/Repos/netty_buggy/173/b/HttpPostRequestEncoder.java -8.504353944490944 -5.586922513582 -8.504353944490944 -8.142979130985664 -0.36137481350528056
/home/ashley/reuse/Git_Scripts/Repos/netty_buggy/173/b/DefaultTextHeaders.java -7.977406958230348 -6.613394369517386 -7.977406958230348 -19.327454774634397 11.35004781640405
/home/ashley/reuse/Git_Scripts/Repos/netty_buggy/173/b/DefaultHeaders.java -7.312339236964156 -4.896467043248939 -7.312339236964156 -7.40927745016431 0.09693821320015328
/home/ashley/reuse/Git_Scripts/Repos/netty_buggy/173/b/DefaultHttpMessage.java -6.726008004226232 -4.967339956162809 -6.726008004226232 -9.479424722860596 2.753416718634364
/home/ashley/reuse/Git_Scripts/Repos/netty_buggy/175/b/DefaultChannelHandlerContext.java -7.755890376091837 -3.7860459661417054 -7.755890376091837 -3.697931199283772 -4.057959176808065
/home/ashley/reuse/Git_Scripts/Repos/netty_buggy/176/b/Http2Connection.java -11.352208716044396 -7.621222284318382 -11.352208716044396 -11.594481463033148 0.24227274698875156
/home/ashley/reuse/Git_Scripts/Repos/netty_buggy/176/b/Http2ConnectionHandler.java -8.723688819984208 -8.029114710129383 -8.723688819984208 -50.348509710680325 41.624820890696114
/home/ashley/reuse/Git_Scripts/Repos/netty_buggy/176/b/Http2ConnectionHandlerTest.java -8.536583154637526 -4.008938372232814 -8.536583154637526 -3.77872210927291 -4.757861045364616
/home/ashley/reuse/Git_Scripts/Repos/netty_buggy/176/b/DefaultHttp2Connection.java -8.27063414439604 -6.090445697089452 -8.27063414439604 -11.548847447522173 3.278213303126133
/home/ashley/reuse/Git_Scripts/Repos/netty_buggy/177/b/SpdyOrHttpChooser.java -9.72692517050024 -6.43128933970575 -9.72692517050024 -9.490834753740526 -0.23609041675971376
/home/ashley/reuse/Git_Scripts/Repos/netty_buggy/178/b/DefaultChannelHandlerContext.java -7.755890376091837 -3.807363234250137 -7.755890376091837 -3.738823842094419 -4.017066533997418
/home/ashley/reuse/Git_Scripts/Repos/netty_buggy/180/b/MultithreadEventExecutorGroup.java -6.693748465729719 -4.319668127538383 -6.693748465729719 -6.089678482237037 -0.6040699834926819
/home/ashley/reuse/Git_Scripts/Repos/netty_buggy/181/b/MemoryAwareThreadPoolExecutor.java -8.495011476283379 -5.409962971595219 -8.495011476283379 -7.4484562333672235 -1.0465552429161553
/home/ashley/reuse/Git_Scripts/Repos/netty_buggy/182/b/Http2ConnectionRoundtripTest.java -8.223685954881379 -6.70662067117752 -8.223685954881379 -18.166064984563807 9.942379029682428
/home/ashley/reuse/Git_Scripts/Repos/netty_buggy/182/b/Http2OrHttpChooser.java -8.23280979930813 -5.650161532938633 -8.23280979930813 -8.988402285669107 0.7555924863609764
/home/ashley/reuse/Git_Scripts/Repos/netty_buggy/182/b/HelloWorldHttp2Handler.java -10.8928710785432 -7.586106643985443 -10.8928710785432 -12.476416213309392 1.583545134766192
/home/ashley/reuse/Git_Scripts/Repos/netty_buggy/182/b/Http2InboundFrameLogger.java -7.361062535313344 -4.729976007662758 -7.361062535313344 -6.616591437991881 -0.7444710973214637
/home/ashley/reuse/Git_Scripts/Repos/netty_buggy/182/b/InboundHttp2ToHttpAdapter.java -9.139519739252163 -4.700728975107232 -9.139519739252163 -4.837497893075677 -4.302021846176486
/home/ashley/reuse/Git_Scripts/Repos/netty_buggy/182/b/Http2CodecUtil.java -8.559557081421755 -6.370412047810054 -8.559557081421755 -12.454155553468654 3.8945984720468996
/home/ashley/reuse/Git_Scripts/Repos/netty_buggy/182/b/Http2OutboundFrameLogger.java -8.731351003467577 -5.669071397917552 -8.731351003467577 -8.081994235475136 -0.6493567679924404
/home/ashley/reuse/Git_Scripts/Repos/netty_buggy/183/b/HttpResponseEncoderTest.java -8.368004756547741 -5.578669837698493 -8.368004756547741 -8.368004756547741 0.0
/home/ashley/reuse/Git_Scripts/Repos/netty_buggy/184/b/ChannelHandlerAdapter.java -9.088190871750983 -4.8584668182316575 -9.088190871750983 -5.219569081748876 -3.8686217900021074
/home/ashley/reuse/Git_Scripts/Repos/netty_buggy/184/b/BootstrapTest.java -7.130110460562033 -4.753406973708022 -7.130110460562033 -7.130110460562033 0.0
/home/ashley/reuse/Git_Scripts/Repos/netty_buggy/184/b/ChannelOutboundHandlerAdapter.java -9.464015973652963 -6.314319805765305 -9.464015973652963 -9.464015973652963 0.0
/home/ashley/reuse/Git_Scripts/Repos/netty_buggy/184/b/ObjectEchoClientHandler.java -7.512631794223942 -5.0126088392898875 -7.512631794223942 -7.512631794223942 0.0
/home/ashley/reuse/Git_Scripts/Repos/netty_buggy/184/b/ChunkedWriteHandler.java -8.00585740322107 -5.819917150904513 -8.00585740322107 -10.65752523641135 2.651667833190281
/home/ashley/reuse/Git_Scripts/Repos/netty_buggy/184/b/ChannelInboundHandlerAdapter.java -8.616173188509002 -5.748823750365842 -8.616173188509002 -8.616173188509002 0.0
/home/ashley/reuse/Git_Scripts/Repos/netty_buggy/184/b/ChannelInboundHandler.java -10.528857639180856 -7.019238426120571 -10.528857639180856 -10.528857639180856 0.0
/home/ashley/reuse/Git_Scripts/Repos/netty_buggy/184/b/ChannelHandlerContext.java -10.746325723442181 -9.356066801178683 -10.746325723442181 -36.159933853204095 25.41360812976191
/home/ashley/reuse/Git_Scripts/Repos/netty_buggy/184/b/ChannelPipeline.java -12.763473615441754 -10.06388977142919 -12.763473615441754 -23.703593857248972 10.940120241807218
/home/ashley/reuse/Git_Scripts/Repos/netty_buggy/184/b/EchoServerHandler.java -7.298988333071408 -4.873211795077349 -7.298988333071408 -7.298988333071408 0.0
/home/ashley/reuse/Git_Scripts/Repos/netty_buggy/184/b/ServerBootstrap.java -8.222016206326936 -6.384420110649461 -8.222016206326936 -14.268360431902742 6.046344225575806
/home/ashley/reuse/Git_Scripts/Repos/netty_buggy/184/b/ChannelHandlerInvoker.java -11.066228281353377 -7.394252533449756 -11.066228281353377 -11.066228281353377 0.0
/home/ashley/reuse/Git_Scripts/Repos/netty_buggy/184/b/DefaultChannelPipeline.java -8.341082562284742 -5.5781618486497715 -8.341082562284742 -8.42005858071861 0.07897601843386859
/home/ashley/reuse/Git_Scripts/Repos/netty_buggy/184/b/Channel.java -13.32906835041411 -8.558360589419905 -13.32906835041411 -11.919650246896001 -1.4094181035181084
/home/ashley/reuse/Git_Scripts/Repos/netty_buggy/184/b/ChannelGroup.java -10.751898137488869 -6.669626652132133 -10.751898137488869 -8.78324073203316 -1.9686574054557084
/home/ashley/reuse/Git_Scripts/Repos/netty_buggy/184/b/ChannelOutboundHandler.java -12.010889224843215 -8.00725948322881 -12.010889224843215 -12.010889224843215 0.0
/home/ashley/reuse/Git_Scripts/Repos/netty_buggy/184/b/ReadTimeoutHandler.java -9.003143052059514 -6.002095368039675 -9.003143052059514 -9.003143052059514 0.0
/home/ashley/reuse/Git_Scripts/Repos/netty_buggy/184/b/AbstractTrafficShapingHandler.java -8.05372184994396 -5.320366075549146 -8.05372184994396 -7.831358520178467 -0.22236332976549278
/home/ashley/reuse/Git_Scripts/Repos/netty_buggy/184/b/EchoClientHandler.java -7.698967388770757 -5.137726752506426 -7.698967388770757 -7.698967388770757 0.0
/home/ashley/reuse/Git_Scripts/Repos/netty_buggy/184/b/SslHandler.java -8.181043593776133 -5.902697731020897 -8.181043593776133 -10.597650744730954 2.416607150954821
/home/ashley/reuse/Git_Scripts/Repos/netty_buggy/184/b/WriteTimeoutHandler.java -8.828242087925826 -5.888793769412406 -8.828242087925826 -8.828242087925826 0.0
/home/ashley/reuse/Git_Scripts/Repos/netty_buggy/184/b/ObjectEchoServerHandler.java -7.791510036348454 -5.194340024232303 -7.791510036348454 -7.791510036348454 0.0
/home/ashley/reuse/Git_Scripts/Repos/netty_buggy/184/b/LoggingHandler.java -7.733443031896336 -5.791712746831455 -7.733443031896336 -11.516949594129693 3.7835065622333577
/home/ashley/reuse/Git_Scripts/Repos/netty_buggy/184/b/SpdySessionHandler.java -8.718287750750372 -6.6510014527601635 -8.718287750750372 -14.017554375648714 5.299266624898342
/home/ashley/reuse/Git_Scripts/Repos/netty_buggy/184/b/SpdySessionHandlerTest.java -8.36460697448936 -5.590085720929593 -8.36460697448936 -8.426475369271087 0.06186839478172601
/home/ashley/reuse/Git_Scripts/Repos/netty_buggy/184/b/IdleStateHandler.java -8.375402227482803 -5.582398641066737 -8.375402227482803 -8.364588280126465 -0.010813947356338005
/home/ashley/reuse/Git_Scripts/Repos/netty_buggy/185/b/MemoryAwareThreadPoolExecutor.java -8.495011476283379 -6.120436904937409 -8.495011476283379 -10.93897158315219 2.4439601068688113
/home/ashley/reuse/Git_Scripts/Repos/netty_buggy/186/b/NioWorker.java -8.26641710953218 -5.661273268258749 -8.26641710953218 -8.979084448293749 0.7126673387615696
/home/ashley/reuse/Git_Scripts/Repos/netty_buggy/187/b/HttpServerCodecTest.java -9.007913828827515 -6.00527588588501 -9.007913828827515 -8.980863036548753 -0.027050792278762614
/home/ashley/reuse/Git_Scripts/Repos/netty_buggy/187/b/AbstractCompatibleMarshallingDecoderTest.java -9.058296958039001 -6.09997550440161 -9.058296958039001 -9.32584159393045 0.26754463589144883
/home/ashley/reuse/Git_Scripts/Repos/netty_buggy/187/b/AbstractCompatibleMarshallingEncoderTest.java -9.782045121887162 -6.547190596431407 -9.782045121887162 -9.869645525963763 0.08760040407660163
/home/ashley/reuse/Git_Scripts/Repos/netty_buggy/188/b/HttpRequestEncoder.java -8.016828560260672 -5.356535674793005 -8.016828560260672 -8.016828560260672 0.0
/home/ashley/reuse/Git_Scripts/Repos/netty_buggy/188/b/HttpResponseEncoder.java -7.864538750939205 -5.2539034809178915 -7.864538750939205 -7.864538750939205 0.0
/home/ashley/reuse/Git_Scripts/Repos/netty_buggy/189/b/DefaultBenchmark.java -7.780776864391254 -5.635529851451872 -7.780776864391254 -10.219988659180576 2.4392117947893217
/home/ashley/reuse/Git_Scripts/Repos/netty_buggy/190/b/OioNioDatagramTest.java -12.066623881208255 -8.348420010835943 -12.066623881208255 -13.54649284777153 1.4798689665632754
/home/ashley/reuse/Git_Scripts/Repos/netty_buggy/192/b/OioWorker.java -8.035618596871666 -6.206570357826522 -8.035618596871666 -13.633766219358929 5.598147622487263
/home/ashley/reuse/Git_Scripts/Repos/netty_buggy/192/b/Channels.java -9.177752545260786 -5.864911220303705 -9.177752545260786 -8.123948387502113 -1.0538041577586732
/home/ashley/reuse/Git_Scripts/Repos/netty_buggy/192/b/AbstractNioWorker.java -8.286560714920737 -5.3222786288635335 -8.286560714920737 -7.439134286046431 -0.8474264288743063
/home/ashley/reuse/Git_Scripts/Repos/netty_buggy/192/b/OioDatagramWorker.java -8.188333949964631 -6.318664364722707 -8.188333949964631 -13.836491309611768 5.648157359647136
/home/ashley/reuse/Git_Scripts/Repos/netty_buggy/192/b/AbstractOioWorker.java -8.481558251934144 -5.496346046231559 -8.481558251934144 -7.808084643840117 -0.6734736080940271
/home/ashley/reuse/Git_Scripts/Repos/netty_buggy/193/b/LocalChannel.java -8.686376594085122 -6.351621525639166 -8.686376594085122 -11.8154956167464 3.1291190226612784
/home/ashley/reuse/Git_Scripts/Repos/netty_buggy/195/b/Http2ConnectionRoundtripTest.java -8.223685954881379 -6.742881196668137 -8.223685954881379 -18.711165434198467 10.487479479317088
/home/ashley/reuse/Git_Scripts/Repos/netty_buggy/196/b/SocketFileRegionTest.java -8.417897321441675 -4.642127708752014 -8.417897321441675 -5.170273975017213 -3.2476233464244624
/home/ashley/reuse/Git_Scripts/Repos/netty_buggy/197/b/SocketTestPermutation.java -10.978988051752061 -7.741498059699576 -10.978988051752061 -13.12649844613412 2.147510394382058
/home/ashley/reuse/Git_Scripts/Repos/netty_buggy/197/b/AbstractSocketTest.java -9.024257940473492 -6.016171960315662 -9.024257940473492 -9.024257940473492 0.0
/home/ashley/reuse/Git_Scripts/Repos/netty_buggy/198/b/ThreadNameDeterminer.java -7.751521076189406 -5.1676807174596044 -7.751521076189406 -7.751521076189406 0.0
/home/ashley/reuse/Git_Scripts/Repos/netty_buggy/198/b/ThreadRenamingRunnable.java -7.357206087169489 -3.9482388687689665 -7.357206087169489 -4.248527458788015 -3.1086786283814742
/home/ashley/reuse/Git_Scripts/Repos/netty_buggy/199/b/NioSocketChannel.java -8.658975937251903 -5.624547635042926 -8.658975937251903 -8.018370069907414 -0.6406058673444885
/home/ashley/reuse/Git_Scripts/Repos/netty_buggy/200/b/SnappyIntegrationTest.java -4.794352606285635 -4.448273255495045 -4.794352606285635 -30.607655049399682 25.813302443114047
/home/ashley/reuse/Git_Scripts/Repos/netty_buggy/200/b/SnappyFramedDecoderTest.java -6.35367075614669 -4.237739699520596 -6.35367075614669 -6.35367075614669 0.0
/home/ashley/reuse/Git_Scripts/Repos/netty_buggy/200/b/SnappyFramedEncoderTest.java -4.468592203796855 -2.9577607232485823 -4.468592203796855 -4.3707890536760186 -0.09780315012083651
/home/ashley/reuse/Git_Scripts/Repos/netty_buggy/201/b/SecureChatServerHandler.java -8.418000215482714 -6.270551180920798 -8.418000215482714 -12.25963123651348 3.841631021030766
/home/ashley/reuse/Git_Scripts/Repos/netty_buggy/202/b/NioSctpChannel.java -8.60288509217371 -5.736653527124115 -8.60288509217371 -8.60288509217371 0.0
/home/ashley/reuse/Git_Scripts/Repos/netty_buggy/202/b/NioSctpServerChannel.java -8.087864253018747 -5.386517592510485 -8.087864253018747 -8.063649090584558 -0.024215162434188642
/home/ashley/reuse/Git_Scripts/Repos/netty_buggy/203/b/MapUtil.java -5.5365458640583425 -3.5410417010408484 -5.5365458640583425 -4.91232745781647 -0.6242184062418721
/home/ashley/reuse/Git_Scripts/Repos/netty_buggy/204/b/LocalTransportThreadModelTest3.java -8.666062813770235 -5.777375209180157 -8.666062813770235 -8.666062813770235 0.0
/home/ashley/reuse/Git_Scripts/Repos/netty_buggy/205/b/AbstractChannel.java -8.110463006984936 -5.467029221732131 -8.110463006984936 -8.38431644587017 0.27385343888523295
/home/ashley/reuse/Git_Scripts/Repos/netty_buggy/206/b/EpollDatagramChannel.java -9.226640772849164 -6.351813753098267 -9.226640772849164 -10.1880273656786 0.9613865928294363
/home/ashley/reuse/Git_Scripts/Repos/netty_buggy/206/b/EpollServerSocketChannel.java -8.812262259398608 -5.61346084602934 -8.812262259398608 -7.732160075853643 -1.0801021835449651
/home/ashley/reuse/Git_Scripts/Repos/netty_buggy/206/b/EpollDatagramChannelConfig.java -8.33096096120425 -5.602220043405617 -8.33096096120425 -8.551906883732288 0.22094592252803835
/home/ashley/reuse/Git_Scripts/Repos/netty_buggy/206/b/AbstractEpollChannel.java -8.704676938906 -6.989193822875987 -8.704676938906 -17.732227651510293 9.027550712604294
/home/ashley/reuse/Git_Scripts/Repos/netty_buggy/206/b/EpollSocketChannel.java -8.382083056407037 -5.748711962852493 -8.382083056407037 -9.146111177226372 0.7640281208193347
/home/ashley/reuse/Git_Scripts/Repos/netty_buggy/207/b/HttpPostRequestEncoder.java -8.504353944490944 -5.7629389754161755 -8.504353944490944 -8.936842741579204 0.4324887970882596
/home/ashley/reuse/Git_Scripts/Repos/netty_buggy/208/b/ReplayingDecoderBuffer.java -7.751438446303593 -5.315094047184055 -7.751438446303593 -8.45251133869858 0.7010728923949872
/home/ashley/reuse/Git_Scripts/Repos/netty_buggy/208/b/MessageToMessageCodec.java -9.220093906839255 -6.7430537527630365 -9.220093906839255 -12.517961248832137 3.297867341992882
/home/ashley/reuse/Git_Scripts/Repos/netty_buggy/208/b/SpdySessionHandler.java -8.718287750750372 -5.777157167078761 -8.718287750750372 -8.559917401054634 -0.1583703496957387
/home/ashley/reuse/Git_Scripts/Repos/netty_buggy/209/b/NioProviderMetadata.java -6.599478838062747 -6.177173618640465 -6.599478838062747 -48.04778936852018 41.448310530457434
/home/ashley/reuse/Git_Scripts/Repos/netty_buggy/210/b/AbstractChannel.java -8.110463006984936 -5.432853614172954 -8.110463006984936 -8.228040725133535 0.11757771814859908
/home/ashley/reuse/Git_Scripts/Repos/netty_buggy/213/b/HexDumpProxyInboundHandler.java -8.63395372867035 -5.759040640788654 -8.63395372867035 -8.63395372867035 0.0
/home/ashley/reuse/Git_Scripts/Repos/netty_buggy/218/b/AioSocketChannelConfig.java -6.208660449210589 -4.146887242392536 -6.208660449210589 -6.237918981016482 0.029258531805893107
/home/ashley/reuse/Git_Scripts/Repos/netty_buggy/220/b/HttpClientCodecTest.java -10.06891860544463 -7.153256285340418 -10.06891860544463 -12.351491255407714 2.2825726499630843
/home/ashley/reuse/Git_Scripts/Repos/netty_buggy/220/b/DelimiterBasedFrameDecoderTest.java -8.591013438719452 -5.6687159540526775 -8.591013438719452 -8.33248757135058 -0.2585258673688724
/home/ashley/reuse/Git_Scripts/Repos/netty_buggy/220/b/WebSocketServerHandshaker00Test.java -9.789904703992509 -7.012463979061456 -9.789904703992509 -12.33326138997819 2.5433566859856818
/home/ashley/reuse/Git_Scripts/Repos/netty_buggy/220/b/ChunkedWriteHandlerTest.java -8.500700170755493 -4.469284636844806 -8.500700170755493 -4.711998596523644 -3.7887015742318493
/home/ashley/reuse/Git_Scripts/Repos/netty_buggy/220/b/LengthFieldBasedFrameDecoderTest.java -7.920224184563533 -5.260447406165332 -7.920224184563533 -7.8322216936239375 -0.08800249093959511
/home/ashley/reuse/Git_Scripts/Repos/netty_buggy/220/b/ReplayingDecoderTest.java -9.016282827517607 -6.080748883674665 -9.016282827517607 -9.310582860463285 0.29430003294567797
/home/ashley/reuse/Git_Scripts/Repos/netty_buggy/220/b/ProtobufVarint32FrameDecoderTest.java -8.444992272318656 -5.6388609818316695 -8.444992272318656 -8.485015932377038 0.04002366005838276
/home/ashley/reuse/Git_Scripts/Repos/netty_buggy/220/b/ProtobufVarint32LengthFieldPrependerTest.java -8.993301710296308 -6.130772093234576 -8.993301710296308 -9.592855157649396 0.5995534473530881
/home/ashley/reuse/Git_Scripts/Repos/netty_buggy/221/b/Native.java -7.914345088911074 -7.006813641230431 -7.914345088911074 -30.520961573646808 22.606616484735735
/home/ashley/reuse/Git_Scripts/Repos/netty_buggy/221/b/EpollEventLoop.java -8.06497253794443 -5.329484776536377 -8.06497253794443 -7.856395661963108 -0.20857687598132113
/home/ashley/reuse/Git_Scripts/Repos/netty_buggy/224/b/SctpNotificationHandler.java -10.422047038165031 -7.317145524711699 -10.422047038165031 -12.280523957558096 1.8584769193930644
/home/ashley/reuse/Git_Scripts/Repos/netty_buggy/224/b/SctpMultiHomingEchoTest.java -8.36594730237644 -5.578588645406964 -8.36594730237644 -8.36594730237644 0.0
/home/ashley/reuse/Git_Scripts/Repos/netty_buggy/224/b/AbstractSocketObjectStreamEchoTest.java -7.971206914655295 -5.315601086810332 -7.971206914655295 -7.971206914655295 0.0
/home/ashley/reuse/Git_Scripts/Repos/netty_buggy/224/b/SctpWorker.java -8.28023803881379 -5.46473327218875 -8.28023803881379 -8.03573356520884 -0.24450447360494998
/home/ashley/reuse/Git_Scripts/Repos/netty_buggy/226/b/SpdyFrameEncoder.java -8.538881340016031 -6.07842509014697 -8.538881340016031 -10.541066295571328 2.002184955555297
/home/ashley/reuse/Git_Scripts/Repos/netty_buggy/226/b/WebSocket08FrameEncoder.java -8.888068177300244 -5.933495742106373 -8.888068177300244 -8.924694831877032 0.03662665457678749
/home/ashley/reuse/Git_Scripts/Repos/netty_buggy/227/b/CustomTextFrameHandler.java -10.315190337155013 -6.8767935581033415 -10.315190337155013 -10.315190337155013 0.0
/home/ashley/reuse/Git_Scripts/Repos/netty_buggy/227/b/WebSocketServer.java -9.296697937417473 -6.203197404235004 -9.296697937417473 -9.296697937417473 0.0
/home/ashley/reuse/Git_Scripts/Repos/netty_buggy/228/b/SnappyFramedEncoderTest.java -4.468592203796855 -2.947224171053804 -4.468592203796855 -4.325089989634596 -0.14350221416225928
/home/ashley/reuse/Git_Scripts/Repos/netty_buggy/228/b/SnappyFramedEncoder.java -8.124426783141942 -4.97291609882582 -8.124426783141942 -6.409956492402864 -1.7144702907390785
/home/ashley/reuse/Git_Scripts/Repos/netty_buggy/231/b/DefaultChannelPipeline.java -8.341082562284742 -5.5781618486497715 -8.341082562284742 -8.42005858071861 0.07897601843386859
/home/ashley/reuse/Git_Scripts/Repos/netty_buggy/231/b/AbstractChannel.java -8.110463006984936 -6.419847103174365 -8.110463006984936 -15.399101689341833 7.288638682356897
/home/ashley/reuse/Git_Scripts/Repos/netty_buggy/232/b/WebSocketServerHandshaker08.java -9.203262772433058 -6.23807780623882 -9.203262772433058 -9.665593084392018 0.4623303119589597
/home/ashley/reuse/Git_Scripts/Repos/netty_buggy/232/b/WebSocketServerHandshaker13.java -9.230848442494937 -6.250736965628551 -9.230848442494937 -9.665582278091245 0.4347338355963082
/home/ashley/reuse/Git_Scripts/Repos/netty_buggy/232/b/WebSocketServerHandshaker00.java -8.761915576860845 -5.921703761230107 -8.761915576860845 -9.123012703664807 0.361097126803962
/home/ashley/reuse/Git_Scripts/Repos/netty_buggy/233/b/RtspResponseDecoder.java -9.546674958298336 -5.991361525552749 -9.546674958298336 -8.043957603751377 -1.5027173545469594
/home/ashley/reuse/Git_Scripts/Repos/netty_buggy/233/b/DefaultHttpResponse.java -7.760379862163366 -5.0666942901727765 -7.760379862163366 -7.269604851117462 -0.49077501104590393
/home/ashley/reuse/Git_Scripts/Repos/netty_buggy/233/b/DefaultHttpRequest.java -7.553770614710215 -4.955658428758931 -7.553770614710215 -7.181892676755251 -0.37187793795496393
/home/ashley/reuse/Git_Scripts/Repos/netty_buggy/233/b/HttpInvalidMessageTest.java -8.733927434259597 -5.822618289506398 -8.733927434259597 -8.733927434259597 0.0
/home/ashley/reuse/Git_Scripts/Repos/netty_buggy/233/b/HttpResponseDecoder.java -9.06981469813202 -5.597137899297689 -9.06981469813202 -7.266459728912789 -1.8033549692192317
/home/ashley/reuse/Git_Scripts/Repos/netty_buggy/233/b/HttpRequestDecoder.java -9.121678080795562 -5.785508782726815 -9.121678080795562 -7.8595591010628425 -1.262118979732719
/home/ashley/reuse/Git_Scripts/Repos/netty_buggy/233/b/RtspRequestDecoder.java -9.625643987684082 -6.1321670191809785 -9.625643987684082 -8.403339989248009 -1.2223039984360735
/home/ashley/reuse/Git_Scripts/Repos/netty_buggy/235/b/SingleThreadEventLoopTest.java -5.736877992428549 -3.824585328285699 -5.736877992428549 -5.736877992428549 0.0
/home/ashley/reuse/Git_Scripts/Repos/netty_buggy/235/b/SingleThreadEventLoop.java -7.2515834229079985 -2.0150197504478484 -7.2515834229079985 -1.3951977607020138 -5.856385662205985
/home/ashley/reuse/Git_Scripts/Repos/netty_buggy/237/b/DefaultChannelPipeline.java -8.341082562284742 -4.955842002497761 -8.341082562284742 -6.10468141588206 -2.236401146402682
/home/ashley/reuse/Git_Scripts/Repos/netty_buggy/239/b/AioSocketChannel.java -7.909119629759334 -6.180080360292896 -7.909119629759334 -14.134726652612754 6.22560702285342
/home/ashley/reuse/Git_Scripts/Repos/netty_buggy/240/b/AbstractDatagramTest.java -8.214675041056077 -5.476450027370718 -8.214675041056077 -8.214675041056077 0.0
/home/ashley/reuse/Git_Scripts/Repos/netty_buggy/240/b/AbstractDatagramMulticastTest.java -8.092013102805641 -5.375460173368663 -8.092013102805641 -8.0061561998581 -0.08585690294754045
/home/ashley/reuse/Git_Scripts/Repos/netty_buggy/241/b/EmbeddedChannelFactory.java -9.314406864853071 -6.082877952557108 -9.314406864853071 -8.766500578685244 -0.5479062861678266
/home/ashley/reuse/Git_Scripts/Repos/netty_buggy/244/b/Channel.java -13.32906835041411 -8.866076925219273 -13.32906835041411 -13.195331878670824 -0.13373647174328518
/home/ashley/reuse/Git_Scripts/Repos/netty_buggy/245/b/DefaultChannelPipeline.java -8.341082562284742 -5.166234133092012 -8.341082562284742 -6.78646341727423 -1.5546191450105118
/home/ashley/reuse/Git_Scripts/Repos/netty_buggy/245/b/AbstractChannel.java -8.110463006984936 -5.515822620180751 -8.110463006984936 -8.618152355423412 0.5076893484384755
/home/ashley/reuse/Git_Scripts/Repos/netty_buggy/246/b/SingleThreadEventExecutor.java -7.1364266993908165 -4.871658401242911 -7.1364266993908165 -7.6732466233759995 0.536819923985183
/home/ashley/reuse/Git_Scripts/Repos/netty_buggy/247/b/ChannelInboundMessageHandlerAdapter.java -7.203478218940595 -5.46809482983218 -7.203478218940595 -11.348876061915844 4.145397842975249
/home/ashley/reuse/Git_Scripts/Repos/netty_buggy/248/b/SocksServerInitializer.java -10.725789999668386 -7.045811840786346 -10.725789999668386 -10.205751696654161 -0.5200383030142248
/home/ashley/reuse/Git_Scripts/Repos/netty_buggy/248/b/SocksServerConnectHandler.java -9.726009885520355 -6.440017400453098 -9.726009885520355 -9.530708482196653 -0.19530140332370216
/home/ashley/reuse/Git_Scripts/Repos/netty_buggy/248/b/SocksServerHandler.java -9.632310822344355 -6.362479556565251 -9.632310822344355 -9.371336883807931 -0.2609739385364236
/home/ashley/reuse/Git_Scripts/Repos/netty_buggy/249/b/CompatibleObjectEncoder.java -9.539280472112724 -6.695072894162866 -9.539280472112724 -11.195962234776557 1.6566817626638333
/home/ashley/reuse/Git_Scripts/Repos/netty_buggy/249/b/FixedLengthFrameDecoder.java -9.512570184287945 -6.351122526601744 -9.512570184287945 -9.512570184287945 0.0
/home/ashley/reuse/Git_Scripts/Repos/netty_buggy/249/b/ReplayingDecoderBuffer.java -7.751438446303593 -5.315094047184055 -7.751438446303593 -8.45251133869858 0.7010728923949872
/home/ashley/reuse/Git_Scripts/Repos/netty_buggy/249/b/ReadOnlyChannelBufferTest.java -7.649169619938774 -5.254718018825461 -7.649169619938774 -8.386046147690761 0.7368765277519875
/home/ashley/reuse/Git_Scripts/Repos/netty_buggy/249/b/ReplayingDecoder.java -8.70783213204162 -6.190674494459523 -8.70783213204162 -10.707981390797373 2.0001492587557532
/home/ashley/reuse/Git_Scripts/Repos/netty_buggy/249/b/MessageToMessageDecoder.java -7.769615017142257 -5.714840797732735 -7.769615017142257 -10.80462088321345 3.0350058660711934
/home/ashley/reuse/Git_Scripts/Repos/netty_buggy/249/b/MessageToMessageCodec.java -9.220093906839255 -6.7430537527630365 -9.220093906839255 -12.517961248832137 3.297867341992882
/home/ashley/reuse/Git_Scripts/Repos/netty_buggy/249/b/DuplicateChannelBufferTest.java -9.24668774345125 -6.182071234193121 -9.24668774345125 -9.24668774345125 0.0
/home/ashley/reuse/Git_Scripts/Repos/netty_buggy/249/b/LengthFieldBasedFrameDecoder.java -8.919289048250134 -5.948313309638998 -8.919289048250134 -8.919289048250134 0.0
/home/ashley/reuse/Git_Scripts/Repos/netty_buggy/249/b/BigEndianHeapChannelBufferTest.java -9.173050507505861 -6.1334598067938595 -9.173050507505861 -9.173050507505861 0.0
/home/ashley/reuse/Git_Scripts/Repos/netty_buggy/249/b/SpdySessionHandler.java -8.718287750750372 -5.777157167078761 -8.718287750750372 -8.559917401054634 -0.1583703496957387
/home/ashley/reuse/Git_Scripts/Repos/netty_buggy/249/b/Base64.java -9.615025501207851 -6.411029321872955 -9.615025501207851 -9.615025501207851 0.0
/home/ashley/reuse/Git_Scripts/Repos/netty_buggy/250/b/CompressorHttp2ConnectionEncoder.java -9.352884503210669 -6.236779358516152 -9.352884503210669 -9.352884503210669 0.0
/home/ashley/reuse/Git_Scripts/Repos/netty_buggy/250/b/DataCompressionHttp2Test.java -8.379834061571398 -5.587281002900835 -8.379834061571398 -8.379834061571398 0.0
/home/ashley/reuse/Git_Scripts/Repos/netty_buggy/251/b/AioSocketChannel.java -7.909119629759334 -6.149352801012385 -7.909119629759334 -13.809223526627951 5.900103896868617
/home/ashley/reuse/Git_Scripts/Repos/netty_buggy/252/b/ChannelBuffer.java -10.135484816515964 -6.844206458978851 -10.135484816515964 -10.527347865848347 0.3918630493323825
/home/ashley/reuse/Git_Scripts/Repos/netty_buggy/253/b/AioEventLoop.java -9.3779926128239 -6.270169479504353 -9.3779926128239 -9.3779926128239 0.0
/home/ashley/reuse/Git_Scripts/Repos/netty_buggy/253/b/AioSocketChannel.java -7.909119629759334 -6.180080360292896 -7.909119629759334 -14.134726652612754 6.22560702285342
/home/ashley/reuse/Git_Scripts/Repos/netty_buggy/254/b/SslHandler.java -8.452781247086726 -5.8366063021064 -8.452781247086726 -9.425881917483052 0.9731006703963256
/home/ashley/reuse/Git_Scripts/Repos/netty_buggy/257/b/ByteToMessageDecoder.java -7.980798519022485 -6.127896890175079 -7.980798519022485 -13.197006701390123 5.216208182367638
/home/ashley/reuse/Git_Scripts/Repos/netty_buggy/257/b/ReplayingDecoder.java -8.70783213204162 -6.363415788799646 -8.70783213204162 -11.80124382650116 3.0934116944595402
/home/ashley/reuse/Git_Scripts/Repos/netty_buggy/258/b/DefaultChannelPipeline.java -8.341082562284742 -5.010614554697866 -8.341082562284742 -6.273634747701344 -2.0674478145833977
/home/ashley/reuse/Git_Scripts/Repos/netty_buggy/259/b/NioWorker.java -8.26641710953218 -5.51469952002468 -8.26641710953218 -8.280915356435774 0.014498246903594136
/home/ashley/reuse/Git_Scripts/Repos/netty_buggy/264/b/DefaultChannelPipeline.java -8.341082562284742 -5.322624507977279 -8.341082562284742 -7.352991210893084 -0.9880913513916578
/home/ashley/reuse/Git_Scripts/Repos/netty_buggy/268/b/DefaultChannelHandlerContext.java -7.755890376091837 -5.182112461231206 -7.755890376091837 -7.805861213414308 0.049970837322470985
/home/ashley/reuse/Git_Scripts/Repos/netty_buggy/269/b/AbstractNioChannelSink.java -8.572128516849016 -6.014315975531165 -8.572128516849016 -10.078042986025196 1.5059144691761794
/home/ashley/reuse/Git_Scripts/Repos/netty_buggy/269/b/AbstractNioWorker.java -8.286560714920737 -5.45621332194268 -8.286560714920737 -7.987225009553429 -0.2993357053673087
/home/ashley/reuse/Git_Scripts/Repos/netty_buggy/269/b/Worker.java -9.935616390710827 -6.7132543180478566 -9.935616390710827 -9.935616390710827 0.0
/home/ashley/reuse/Git_Scripts/Repos/netty_buggy/269/b/AbstractOioWorker.java -8.481558251934144 -5.654372167956096 -8.481558251934144 -8.481558251934144 0.0
/home/ashley/reuse/Git_Scripts/Repos/netty_buggy/269/b/AbstractOioChannelSink.java -9.347431631908815 -6.357628131996805 -9.347431631908815 -9.881570582303604 0.5341389503947891
/home/ashley/reuse/Git_Scripts/Repos/netty_buggy/269/b/ChannelSink.java -12.432737637838107 -8.340950567157211 -12.432737637838107 -12.432737637838107 0.0
/home/ashley/reuse/Git_Scripts/Repos/netty_buggy/269/b/ChannelPipeline.java -12.763473615441754 -9.76030335298487 -12.763473615441754 -20.74064462509285 7.977171009651094
/home/ashley/reuse/Git_Scripts/Repos/netty_buggy/269/b/DefaultChannelPipeline.java -8.341082562284742 -6.20960947029765 -8.341082562284742 -12.150016217894535 3.8089336556097937
/home/ashley/reuse/Git_Scripts/Repos/netty_buggy/269/b/AbstractCodecEmbedder.java -8.197128317791915 -5.4664793775413845 -8.197128317791915 -8.197128317791915 0.0
/home/ashley/reuse/Git_Scripts/Repos/netty_buggy/269/b/SctpWorker.java -8.28023803881379 -5.451050388417861 -8.28023803881379 -7.976847129838087 -0.303390908975703
/home/ashley/reuse/Git_Scripts/Repos/netty_buggy/270/b/AioSocketChannel.java -7.909119629759334 -6.0831900749025065 -7.909119629759334 -13.166079383671228 5.256959753911894
/home/ashley/reuse/Git_Scripts/Repos/netty_buggy/270/b/AioCompletionHandler.java -6.852650567565442 -4.575093236071389 -6.852650567565442 -6.852650567565442 0.0
/home/ashley/reuse/Git_Scripts/Repos/netty_buggy/270/b/AioServerSocketChannel.java -8.40269710918163 -5.604676694613441 -8.40269710918163 -8.415664234350121 0.012967125168490412
/home/ashley/reuse/Git_Scripts/Repos/netty_buggy/272/b/DefaultHttp2ConnectionEncoder.java -8.79988103117843 -6.2867431229830535 -8.79988103117843 -11.00098822450678 2.201107193328351
/home/ashley/reuse/Git_Scripts/Repos/netty_buggy/272/b/DefaultHttp2ConnectionEncoderTest.java -8.110732136529018 -6.103253773199506 -8.110732136529018 -12.32936240308455 4.218630266555532
/home/ashley/reuse/Git_Scripts/Repos/netty_buggy/273/b/Bzip2DecoderTest.java -7.093323900093648 -4.741296871831579 -7.093323900093648 -7.145131500094332 0.05180760000068396
/home/ashley/reuse/Git_Scripts/Repos/netty_buggy/273/b/Bzip2Decoder.java -9.781315013491039 -6.565898318632961 -9.781315013491039 -9.979987627170614 0.1986726136795749
/home/ashley/reuse/Git_Scripts/Repos/netty_buggy/274/b/Http2ServerInitializer.java -10.029431112626915 -8.588075743147598 -10.029431112626915 -29.673282395289288 19.643851282662375
/home/ashley/reuse/Git_Scripts/Repos/netty_buggy/275/b/LocalTransportThreadModelTest.java -8.017254611816089 -5.857738206739007 -8.017254611816089 -10.870141390118823 2.852886778302734
/home/ashley/reuse/Git_Scripts/Repos/netty_buggy/276/b/AbstractNioByteChannel.java -8.537092946453933 -4.080043439571213 -8.537092946453933 -3.9074852113938587 -4.629607735060075
/home/ashley/reuse/Git_Scripts/Repos/netty_buggy/276/b/AbstractOioByteChannel.java -8.712273832540982 -5.103639700719273 -8.712273832540982 -6.149840352381869 -2.562433480159113
/home/ashley/reuse/Git_Scripts/Repos/netty_buggy/276/b/AioSocketChannel.java -7.909119629759334 -5.126584796284418 -7.909119629759334 -7.2832599608604545 -0.6258596688988796
/home/ashley/reuse/Git_Scripts/Repos/netty_buggy/276/b/SocketShutdownOutputByPeerTest.java -8.49353902382376 -5.657609047748377 -8.49353902382376 -8.472198473512645 -0.02134055031111437
/home/ashley/reuse/Git_Scripts/Repos/netty_buggy/276/b/SocketChannelConfig.java -9.973821198922822 -5.6075990431712 -9.973821198922822 -6.404757730680832 -3.56906346824199
/home/ashley/reuse/Git_Scripts/Repos/netty_buggy/277/b/ReplayingDecoderBuffer.java -7.751438446303593 -4.9658107357844266 -7.751438446303593 -6.9072624650790955 -0.8441759812244971
/home/ashley/reuse/Git_Scripts/Repos/netty_buggy/277/b/ByteBuf.java -11.519697476306948 -7.627515273016149 -11.519697476306948 -11.279166880231935 -0.24053059607501304
/home/ashley/reuse/Git_Scripts/Repos/netty_buggy/277/b/SwappedByteBuf.java -6.802507700241558 -4.45324521126522 -6.802507700241558 -6.447392529111425 -0.3551151711301337
/home/ashley/reuse/Git_Scripts/Repos/netty_buggy/277/b/EmptyByteBuf.java -7.411768834719197 -4.827504986058135 -7.411768834719197 -6.920641035988939 -0.49112779873025847
/home/ashley/reuse/Git_Scripts/Repos/netty_buggy/277/b/UnreleasableByteBuf.java -6.710776292051236 -4.441166386927343 -6.710776292051236 -6.563923715547955 -0.14685257650328065
/home/ashley/reuse/Git_Scripts/Repos/netty_buggy/277/b/AbstractByteBuf.java -7.8757183100190735 -5.158833905248871 -7.8757183100190735 -7.475831175368114 -0.3998871346509594
/home/ashley/reuse/Git_Scripts/Repos/netty_buggy/278/b/CompositeByteBuf.java -8.984560357787613 -7.002941871794974 -8.984560357787613 -15.871997193667118 6.887436835879505
/home/ashley/reuse/Git_Scripts/Repos/netty_buggy/279/b/BootstrapTest.java -7.130110460562033 -4.753406973708022 -7.130110460562033 -7.130110460562033 0.0
/home/ashley/reuse/Git_Scripts/Repos/netty_buggy/279/b/ChannelHandlerContext.java -10.746325723442181 -9.356066801178683 -10.746325723442181 -36.159933853204095 25.41360812976191
/home/ashley/reuse/Git_Scripts/Repos/netty_buggy/279/b/ChannelPipeline.java -12.763473615441754 -10.06388977142919 -12.763473615441754 -23.703593857248972 10.940120241807218
/home/ashley/reuse/Git_Scripts/Repos/netty_buggy/279/b/ServerBootstrap.java -8.222016206326936 -6.384420110649461 -8.222016206326936 -14.268360431902742 6.046344225575806
/home/ashley/reuse/Git_Scripts/Repos/netty_buggy/279/b/ChannelHandlerInvoker.java -11.066228281353375 -7.394252533449755 -11.066228281353375 -11.066228281353375 0.0
/home/ashley/reuse/Git_Scripts/Repos/netty_buggy/279/b/DefaultChannelPipeline.java -8.341082562284742 -5.5781618486497715 -8.341082562284742 -8.42005858071861 0.07897601843386859
/home/ashley/reuse/Git_Scripts/Repos/netty_buggy/279/b/Channel.java -13.32906835041411 -8.558360589419905 -13.32906835041411 -11.919650246896001 -1.4094181035181084
/home/ashley/reuse/Git_Scripts/Repos/netty_buggy/279/b/AbstractServerChannel.java -7.147386795132931 -5.414279846689044 -7.147386795132931 -11.121223468874792 3.973836673741861
/home/ashley/reuse/Git_Scripts/Repos/netty_buggy/279/b/AbstractChannel.java -8.110463006984936 -6.419847103174365 -8.110463006984936 -15.399101689341833 7.288638682356897
/home/ashley/reuse/Git_Scripts/Repos/netty_buggy/280/b/HttpPostRequestDecoder.java -8.460049324429015 -7.8887890818713355 -8.460049324429015 -58.41430907552601 49.954259751097
/home/ashley/reuse/Git_Scripts/Repos/netty_buggy/281/b/DomainNameMapping.java -6.979908067598514 -4.653272045065676 -6.979908067598514 -6.979908067598514 0.0
/home/ashley/reuse/Git_Scripts/Repos/netty_buggy/283/b/LinkedTransferQueue.java -7.979938289292809 -5.280947428360967 -7.979938289292809 -7.806924283687728 -0.17301400560508107
/home/ashley/reuse/Git_Scripts/Repos/netty_buggy/284/b/HttpCodecUtil.java -7.496516553917532 -5.347379335335196 -7.496516553917532 -9.326235049304987 1.8297184953874552
/home/ashley/reuse/Git_Scripts/Repos/netty_buggy/285/b/QueryStringDecoder.java -5.661257432820322 -3.249981118841296 -5.661257432820322 -3.8151952264658693 -1.8460622063544525
/home/ashley/reuse/Git_Scripts/Repos/netty_buggy/286/b/MultithreadEventLoop.java -6.272551689738535 -3.9597227132297297 -6.272551689738535 -5.369520541302038 -0.9030311484364963
/home/ashley/reuse/Git_Scripts/Repos/netty_buggy/287/b/SpdySession.java -8.676101434213368 -4.02369921586707 -8.676101434213368 -3.7488476411533536 -4.927253793060014
/home/ashley/reuse/Git_Scripts/Repos/netty_buggy/287/b/SpdySessionHandler.java -8.718287750750372 -5.844027940405841 -8.718287750750372 -8.863137045668795 0.1448492949184228
/home/ashley/reuse/Git_Scripts/Repos/netty_buggy/290/b/HttpMessage.java -6.66262697454008 -4.441751316360054 -6.66262697454008 -6.66262697454008 0.0
/home/ashley/reuse/Git_Scripts/Repos/netty_buggy/291/b/SingleThreadEventLoopTest.java -5.736877992428549 -2.8169101519709043 -5.736877992428549 -2.7671999728184766 -2.9696780196100723
/home/ashley/reuse/Git_Scripts/Repos/netty_buggy/291/b/SingleThreadEventLoop.java -7.2515834229079985 -0.8734249178521157 -7.2515834229079985 -0.49651585566825684 -6.755067567239742
/home/ashley/reuse/Git_Scripts/Repos/netty_buggy/293/b/PlatformDependent0.java -7.863594016022175 -6.952959831605438 -7.863594016022175 -30.020426567049363 22.156832551027186
/home/ashley/reuse/Git_Scripts/Repos/netty_buggy/293/b/PlatformDependent.java -7.4280621360007775 -6.830647208361814 -7.4280621360007775 -42.4289394565278 35.000877320527024
/home/ashley/reuse/Git_Scripts/Repos/netty_buggy/296/b/ChannelOutboundBuffer.java -8.920184175632569 -7.114978808513783 -8.920184175632569 -17.564561192051112 8.644377016418543
/home/ashley/reuse/Git_Scripts/Repos/netty_buggy/297/b/AbstractNioMessageChannel.java -8.731284437632446 -5.824640983752205 -8.731284437632446 -8.731284437632446 0.0
/home/ashley/reuse/Git_Scripts/Repos/netty_buggy/297/b/AbstractOioChannel.java -8.450770682369509 -5.810777857629282 -8.450770682369509 -9.275779957429329 0.8250092750598199
/home/ashley/reuse/Git_Scripts/Repos/netty_buggy/297/b/AbstractNioChannel.java -8.327452730322161 -6.444185151477782 -8.327452730322161 -14.247483426466825 5.920030696144664
/home/ashley/reuse/Git_Scripts/Repos/netty_buggy/297/b/OioSocketChannel.java -7.71285230583846 -5.44575911079922 -7.71285230583846 -9.251400418997893 1.5385481131594325
/home/ashley/reuse/Git_Scripts/Repos/netty_buggy/299/b/NioDatagramChannel.java -8.354180500174744 -5.860823026709212 -8.354180500174744 -9.818562714285834 1.4643822141110903
/home/ashley/reuse/Git_Scripts/Repos/netty_buggy/300/b/LineBasedFrameDecoder.java -9.088212032572486 -5.538490538934123 -9.088212032572486 -7.08998951726746 -1.9982225153050255
/home/ashley/reuse/Git_Scripts/Repos/netty_buggy/300/b/LineBasedFrameDecoderTest.java -8.69989428267311 -3.958380704718698 -8.69989428267311 -3.6314874032779647 -5.068406879395146
/home/ashley/reuse/Git_Scripts/Repos/netty_buggy/303/b/ThreadRenamingRunnable.java -7.357206087169488 -4.0543743222304975 -7.357206087169488 -4.502170889163418 -2.85503519800607
/home/ashley/reuse/Git_Scripts/Repos/netty_buggy/304/b/SslHandler.java -8.181043593776133 -6.014996379886931 -8.181043593776133 -11.359158582675693 3.1781149888995603
/home/ashley/reuse/Git_Scripts/Repos/netty_buggy/305/b/DefaultHttp2Connection.java -8.27063414439604 -5.876918262498814 -8.27063414439604 -10.15280075911161 1.8821666147155707
/home/ashley/reuse/Git_Scripts/Repos/netty_buggy/306/b/SocketSslEchoTest.java -2.4236464568786382 -1.6177888412471604 -2.4236464568786382 -2.4327797597308702 0.009133302852232017
/home/ashley/reuse/Git_Scripts/Repos/netty_buggy/306/b/SslHandler.java -8.181043593776133 -6.116822195265912 -8.181043593776133 -12.118048336269412 3.9370047424932793
/home/ashley/reuse/Git_Scripts/Repos/netty_buggy/307/b/QueryStringEncoder.java -5.848196980746348 -3.902800859840992 -5.848196980746348 -5.866246971427664 0.018049990681316075
/home/ashley/reuse/Git_Scripts/Repos/netty_buggy/307/b/QueryStringDecoder.java -5.661257432820322 -3.774171621880215 -5.661257432820322 -5.661257432820322 0.0
/home/ashley/reuse/Git_Scripts/Repos/netty_buggy/308/b/ByteBuf.java -11.519697476306948 -7.756596300713346 -11.519697476306948 -11.872341276602059 0.35264380029511067
/home/ashley/reuse/Git_Scripts/Repos/netty_buggy/308/b/CompositeByteBuf.java -8.984560357787613 -8.513980996413776 -8.984560357787613 -81.18517617549911 72.2006158177115
/home/ashley/reuse/Git_Scripts/Repos/netty_buggy/308/b/DefaultCompositeByteBuf.java -8.99642678438461 -6.19252038002963 -8.99642678438461 -9.934453611436073 0.9380268270514627
/home/ashley/reuse/Git_Scripts/Repos/netty_buggy/308/b/AbstractByteBuf.java -7.8757183100190735 -5.310705159321971 -7.8757183100190735 -8.151440587512107 0.2757222774930339
/home/ashley/reuse/Git_Scripts/Repos/netty_buggy/310/b/HttpObjectAggregator.java -9.213331856341258 -4.92936122484888 -9.213331856341258 -5.3006713526992995 -3.912660503641958
/home/ashley/reuse/Git_Scripts/Repos/netty_buggy/311/b/SpdyHeaderBlockZlibDecoder.java -8.49451464958692 -5.653395148791295 -8.49451464958692 -8.451395285883434 -0.0431193637034859
/home/ashley/reuse/Git_Scripts/Repos/netty_buggy/311/b/SpdyFrameEncoder.java -8.538881340016031 -6.188120659714378 -8.538881340016031 -11.238836108195908 2.699954768179877
/home/ashley/reuse/Git_Scripts/Repos/netty_buggy/311/b/SpdyHeaderBlockRawEncoder.java -8.076522445936792 -5.358137978736926 -8.076522445936792 -7.959713237007954 -0.11680920892883773
/home/ashley/reuse/Git_Scripts/Repos/netty_buggy/311/b/SpdyHeaderBlockJZlibEncoder.java -9.355442410014145 -6.23345769566111 -9.355442410014145 -9.3239955447704 -0.03144686524374585
/home/ashley/reuse/Git_Scripts/Repos/netty_buggy/311/b/SpdyHeaderBlockZlibEncoder.java -9.106013977330386 -6.059816099404122 -9.106013977330386 -9.057318715419528 -0.04869526191085782
/home/ashley/reuse/Git_Scripts/Repos/netty_buggy/311/b/SpdyHeaderBlockEncoder.java -10.436006386339864 -7.21575298712642 -10.436006386339864 -11.584924520615811 1.148918134275947
/home/ashley/reuse/Git_Scripts/Repos/netty_buggy/312/b/ChannelHandlerContext.java -10.746325723442181 -8.716075261032909 -10.746325723442181 -22.870385513992336 12.124059790550154
/home/ashley/reuse/Git_Scripts/Repos/netty_buggy/312/b/ChannelPipeline.java -12.763473615441754 -9.075850102424921 -12.763473615441754 -15.668477295469659 2.905003680027905
/home/ashley/reuse/Git_Scripts/Repos/netty_buggy/312/b/EventLoop.java -9.155905617303445 -6.422799462884506 -9.155905617303445 -10.758189100331547 1.6022834830281028
/home/ashley/reuse/Git_Scripts/Repos/netty_buggy/312/b/DefaultChannelPipeline.java -8.341082562284742 -5.3189511991380956 -8.341082562284742 -7.340152654810572 -1.0009299074741698
/home/ashley/reuse/Git_Scripts/Repos/netty_buggy/312/b/LocalTransportThreadModelTest.java -8.017254611816089 -6.9502895363082295 -8.017254611816089 -26.112495206040993 18.095240594224904
/home/ashley/reuse/Git_Scripts/Repos/netty_buggy/312/b/Channel.java -13.32906835041411 -9.132880166024483 -13.32906835041411 -14.452030152829952 1.1229618024158423
/home/ashley/reuse/Git_Scripts/Repos/netty_buggy/312/b/AbstractServerChannel.java -7.147386795132931 -4.949135529963181 -7.147386795132931 -8.04580133642059 0.898414541287659
/home/ashley/reuse/Git_Scripts/Repos/netty_buggy/312/b/DefaultChannelHandlerContext.java -7.755890376091837 -6.303237160192563 -7.755890376091837 -16.817138820108905 9.061248444017068
/home/ashley/reuse/Git_Scripts/Repos/netty_buggy/312/b/SingleThreadEventLoopTest.java -5.736877992428549 -2.8064071312700434 -5.736877992428549 -2.7470014328708965 -2.9898765595576524
/home/ashley/reuse/Git_Scripts/Repos/netty_buggy/312/b/AbstractChannel.java -8.110463006984936 -5.4972875372507115 -8.110463006984936 -8.528297347731172 0.4178343407462357
/home/ashley/reuse/Git_Scripts/Repos/netty_buggy/312/b/SingleThreadEventLoop.java -7.2515834229079985 -4.553319823686418 -7.2515834229079985 -6.08682131871034 -1.1647621041976581
/home/ashley/reuse/Git_Scripts/Repos/netty_buggy/314/b/ChannelConfig.java -8.840581114003168 -4.535103298741885 -8.840581114003168 -4.6560393867083345 -4.1845417272948335
/home/ashley/reuse/Git_Scripts/Repos/netty_buggy/315/b/CookieDecoder.java -6.860689598020309 -4.572484772135961 -6.860689598020309 -6.848931775230214 -0.011757822790094963
/home/ashley/reuse/Git_Scripts/Repos/netty_buggy/315/b/HttpHeaders.java -6.841299324391237 -4.53788041835394 -6.841299324391237 -6.7388954216889525 -0.10240390270228428
/home/ashley/reuse/Git_Scripts/Repos/netty_buggy/315/b/HttpUploadClient.java -5.045807625811174 -3.3642299140576637 -5.045807625811174 -5.045807625811174 0.0
/home/ashley/reuse/Git_Scripts/Repos/netty_buggy/315/b/DefaultHttpDataFactory.java -8.814096005581034 -5.878579442078446 -8.814096005581034 -8.814096005581034 0.0
/home/ashley/reuse/Git_Scripts/Repos/netty_buggy/315/b/HttpDataFactory.java -11.001624307793696 -7.334416205195798 -11.001624307793696 -11.001624307793696 0.0
/home/ashley/reuse/Git_Scripts/Repos/netty_buggy/315/b/QueryStringEncoder.java -6.0401397680738755 -4.029611658304242 -6.0401397680738755 -6.0401397680738755 0.0
/home/ashley/reuse/Git_Scripts/Repos/netty_buggy/315/b/QueryStringDecoder.java -6.950246002035952 -4.59538275012337 -6.950246002035952 -6.781506433745053 -0.1687395682908992
/home/ashley/reuse/Git_Scripts/Repos/netty_buggy/315/b/HttpUploadServerHandler.java -7.741407542541173 -5.129114155055487 -7.741407542541173 -7.596989523869593 -0.14441801867157977
/home/ashley/reuse/Git_Scripts/Repos/netty_buggy/315/b/HttpPostRequestEncoder.java -8.504353944490944 -6.122410294436506 -8.504353944490944 -10.926582369082583 2.422228424591639
/home/ashley/reuse/Git_Scripts/Repos/netty_buggy/315/b/HttpPostRequestDecoder.java -8.460049324429015 -5.805319080203305 -8.460049324429015 -9.250146200239158 0.7900968758101428
/home/ashley/reuse/Git_Scripts/Repos/netty_buggy/315/b/HttpRequestEncoder.java -8.37870678714285 -5.5975394082172825 -8.37870678714285 -8.37870678714285 0.0
/home/ashley/reuse/Git_Scripts/Repos/netty_buggy/315/b/HttpResponseEncoder.java -8.182588741968377 -5.465590163554167 -8.182588741968377 -8.182588741968377 0.0
/home/ashley/reuse/Git_Scripts/Repos/netty_buggy/316/b/ChunkedWriteHandler.java -8.00585740322107 -5.534680872066592 -8.00585740322107 -8.958499474084903 0.952642070863833
/home/ashley/reuse/Git_Scripts/Repos/netty_buggy/318/b/SocketSuspendTest.java -8.431119496806781 -5.646672282916719 -8.431119496806781 -8.536949448649544 0.10582995184276278
/home/ashley/reuse/Git_Scripts/Repos/netty_buggy/319/b/LocalTransportThreadModelTest.java -8.017254611816089 -5.384430812304161 -8.017254611816089 -8.198108960036127 0.18085434822003776
/home/ashley/reuse/Git_Scripts/Repos/netty_buggy/319/b/DefaultChannelHandlerContext.java -7.755890376091837 -5.71029713667877 -7.755890376091837 -10.82129997021522 3.065409594123383
