/home/ashley/reuse/Git_Scripts/Repos/openjpa_buggy/3249/b/OpenJPAConfigurationImpl.java -3.333552271833151 -2.41172850339002 -3.333552271833151 -4.360715847617323 1.0271635757841717
/home/ashley/reuse/Git_Scripts/Repos/openjpa_buggy/3353/b/AbstractUpdateManager.java -2.9375894527011717 -1.9586920510832797 -2.9375894527011717 -2.9375894527011717 0.0
/home/ashley/reuse/Git_Scripts/Repos/openjpa_buggy/2204/b/JDBCExpressionFactory.java -2.678125162043311 -1.6786491130405716 -2.678125162043311 -2.248259371077876 -0.42986579096543487
/home/ashley/reuse/Git_Scripts/Repos/openjpa_buggy/2204/b/JPQLExpressionBuilder.java -2.4266177935300255 -1.757155110012898 -2.4266177935300255 -3.18428258992721 0.7576647963971843
/home/ashley/reuse/Git_Scripts/Repos/openjpa_buggy/2763/b/LockEmployee.java -3.5617324529979832 -2.374488301998656 -3.5617324529979832 -3.5617324529979832 0.0
/home/ashley/reuse/Git_Scripts/Repos/openjpa_buggy/2763/b/TestNamedQueryLockMode.java -3.2444248537482636 -2.162949902498842 -3.2444248537482636 -3.2444248537482636 0.0
/home/ashley/reuse/Git_Scripts/Repos/openjpa_buggy/1530/b/TestSequenceGenerator.java -3.390180492994817 -2.2601203286632114 -3.390180492994817 -3.390180492994817 0.0
/home/ashley/reuse/Git_Scripts/Repos/openjpa_buggy/619/b/AuditManager.java -4.275336635925611 -2.8640927794581454 -4.275336635925611 -4.335801031483781 0.06046439555816985
/home/ashley/reuse/Git_Scripts/Repos/openjpa_buggy/3246/b/TestInsertOrder.java -3.683161374048108 -2.455440916032072 -3.683161374048108 -3.683161374048108 0.0
/home/ashley/reuse/Git_Scripts/Repos/openjpa_buggy/3246/b/ConstraintUpdateManager.java -3.9402475922593196 -2.6186228790223396 -3.9402475922593196 -3.9035372109649784 -0.03671038129434123
/home/ashley/reuse/Git_Scripts/Repos/openjpa_buggy/3246/b/Employee.java -4.296051745394475 -2.86403449692965 -4.296051745394475 -4.296051745394475 0.0
/home/ashley/reuse/Git_Scripts/Repos/openjpa_buggy/3246/b/Story.java -4.057453050513589 -2.7049687003423926 -4.057453050513589 -4.057453050513589 0.0
/home/ashley/reuse/Git_Scripts/Repos/openjpa_buggy/3246/b/Task.java -4.388187038954114 -2.929685566469365 -4.388187038954114 -4.388187038954114 0.0
/home/ashley/reuse/Git_Scripts/Repos/openjpa_buggy/3246/b/RowManagerImpl.java -3.8639311992113186 -2.5768243875821426 -3.8639311992113186 -3.8639311992113186 0.0
/home/ashley/reuse/Git_Scripts/Repos/openjpa_buggy/3246/b/SQLListenerTestCase.java -3.815767630539505 -2.2165120795045654 -3.815767630539505 -2.6442600246721133 -1.1715076058673919
/home/ashley/reuse/Git_Scripts/Repos/openjpa_buggy/1844/b/XMLPersistenceMetaDataParser.java -2.4589064927788664 -1.7701748796766867 -2.4589064927788664 -3.159935178077335 0.7010286852984686
/home/ashley/reuse/Git_Scripts/Repos/openjpa_buggy/2410/b/TestOrderColumn.java -0.7329371601067243 -0.4587221076308672 -0.7329371601067243 -0.6130489114465014 -0.11988824866022285
/home/ashley/reuse/Git_Scripts/Repos/openjpa_buggy/1296/b/LocalConstraint.java -2.795830094065869 -1.8647968303193247 -2.795830094065869 -2.795830094065869 0.0
/home/ashley/reuse/Git_Scripts/Repos/openjpa_buggy/2099/b/XMLPersistenceMetaDataParser.java -2.4589064927788664 -1.71045549903073 -2.4589064927788664 -2.809703084976664 0.3507965921977978
/home/ashley/reuse/Git_Scripts/Repos/openjpa_buggy/2253/b/ApplicationIdTool.java -1.1336303460021184 -0.7557535640014124 -1.1336303460021184 -1.1336303460021184 0.0
/home/ashley/reuse/Git_Scripts/Repos/openjpa_buggy/2253/b/PCEnhancer.java -1.9121246935367975 -1.3957102650347752 -1.9121246935367975 -2.583944130431409 0.6718194368946115
/home/ashley/reuse/Git_Scripts/Repos/openjpa_buggy/557/b/RowImpl.java -3.2542671164193417 -2.1695114109462277 -3.2542671164193417 -3.2542671164193417 0.0
/home/ashley/reuse/Git_Scripts/Repos/openjpa_buggy/520/b/ContainerTest.java -0.6726309507029065 -0.4491105117000945 -0.6726309507029065 -0.6726309507029065 0.0
/home/ashley/reuse/Git_Scripts/Repos/openjpa_buggy/3188/b/DBDictionary.java -2.7154786907523065 -2.0103904479106873 -2.7154786907523065 -3.8710630051317128 1.1555843143794062
/home/ashley/reuse/Git_Scripts/Repos/openjpa_buggy/792/b/TestEmbeddableSuperclass.java -2.8129442855342646 -1.8752961903561765 -2.8129442855342646 -2.8129442855342646 0.0
/home/ashley/reuse/Git_Scripts/Repos/openjpa_buggy/558/b/QueryImpl.java -2.5612435228715547 -1.964002880766977 -2.5612435228715547 -4.20987955913823 1.6486360362666752
/home/ashley/reuse/Git_Scripts/Repos/openjpa_buggy/438/b/LockEmployee.java -3.5617324529979832 -2.2536052611696333 -3.5617324529979832 -3.0680269644636096 -0.4937054885343737
/home/ashley/reuse/Git_Scripts/Repos/openjpa_buggy/438/b/TestNamedQueryLockMode.java -3.2444248537482636 -1.8775831987208842 -3.2444248537482636 -2.224419171486376 -1.0200056822618877
/home/ashley/reuse/Git_Scripts/Repos/openjpa_buggy/2183/b/DBDictionary.java -2.7154786907523065 -2.0103904479106873 -2.7154786907523065 -3.8710630051317128 1.1555843143794062
/home/ashley/reuse/Git_Scripts/Repos/openjpa_buggy/2183/b/JDBCStoreManager.java -2.598334127205429 -1.8657564014989771 -2.598334127205429 -3.308767357342061 0.7104332301366321
/home/ashley/reuse/Git_Scripts/Repos/openjpa_buggy/1867/b/PCPath.java -2.8402901994103606 -1.8807544558163378 -2.8402901994103606 -2.7831127419486523 -0.057177457461708325
/home/ashley/reuse/Git_Scripts/Repos/openjpa_buggy/1867/b/TestSpec10_1_26_Ex3.java -3.3447229003202885 -2.1828717875774513 -3.3447229003202885 -3.1397470917209915 -0.20497580859929698
/home/ashley/reuse/Git_Scripts/Repos/openjpa_buggy/884/b/TestTypesafeCriteria.java -2.5839270562377 -1.7983606578432196 -2.5839270562377 -2.9576320793325666 0.37370502309486664
/home/ashley/reuse/Git_Scripts/Repos/openjpa_buggy/1613/b/ApplicationIdTool.java -1.133630346002119 -0.7557535640014127 -1.133630346002119 -1.133630346002119 0.0
/home/ashley/reuse/Git_Scripts/Repos/openjpa_buggy/1323/b/BatchingPreparedStatementManagerImpl.java -3.1148260999152613 -1.90675372420702 -3.1148260999152613 -2.4565687700795724 -0.6582573298356889
/home/ashley/reuse/Git_Scripts/Repos/openjpa_buggy/435/b/TestUniqueConstraint.java -2.7516782702697515 -1.7850630830211467 -2.7516782702697515 -2.5315440086481718 -0.22013426162157979
/home/ashley/reuse/Git_Scripts/Repos/openjpa_buggy/435/b/UniqueA.java -3.7755390821148764 -2.5170260547432513 -3.7755390821148764 -3.7755390821148764 0.0
/home/ashley/reuse/Git_Scripts/Repos/openjpa_buggy/435/b/Unique.java -2.714579718165092 -0.8592018374008776 -2.714579718165092 -0.6285436260180917 -2.0860360921470003
/home/ashley/reuse/Git_Scripts/Repos/openjpa_buggy/435/b/TestUniqueConstraintWithXMLDescriptor.java -2.907898227548297 -1.8880666216782782 -2.907898227548297 -2.6917706565818698 -0.2161275709664272
/home/ashley/reuse/Git_Scripts/Repos/openjpa_buggy/2197/b/DB2Dictionary.java -2.3359718932151914 -1.7455902169776354 -2.3359718932151914 -3.453401289414689 1.1174293961994977
/home/ashley/reuse/Git_Scripts/Repos/openjpa_buggy/2613/b/TestEmbeddableXml.java -3.4452484995321826 -2.1525126543422997 -3.4452484995321826 -2.867631439292401 -0.5776170602397817
/home/ashley/reuse/Git_Scripts/Repos/openjpa_buggy/2675/b/NameSet.java -2.801461047435301 -1.8676406982902007 -2.801461047435301 -2.801461047435301 0.0
/home/ashley/reuse/Git_Scripts/Repos/openjpa_buggy/2675/b/MappingDefaultsImpl.java -0.5600817469029443 -0.37343275280752136 -0.5600817469029443 -0.5600817469029443 0.0
/home/ashley/reuse/Git_Scripts/Repos/openjpa_buggy/2675/b/Table.java -3.22323477175393 -2.1428505410733867 -3.22323477175393 -3.19552504697373 -0.02770972478019962
/home/ashley/reuse/Git_Scripts/Repos/openjpa_buggy/2798/b/RelationFieldStrategy.java -2.395156078873589 -1.7665306070573603 -2.395156078873589 -3.364660177593294 0.969504098719705
/home/ashley/reuse/Git_Scripts/Repos/openjpa_buggy/1984/b/BrokerImpl.java -2.162997586716971 -1.486235595914812 -2.162997586716971 -2.3749699826513893 0.2119723959344184
/home/ashley/reuse/Git_Scripts/Repos/openjpa_buggy/2961/b/JPQLExpressionBuilder.java -2.4266177935300255 -1.700930659491858 -2.4266177935300255 -2.843862327361186 0.41724453383116034
/home/ashley/reuse/Git_Scripts/Repos/openjpa_buggy/50/b/BrokerImpl.java -2.162997586716971 -1.4823813374069712 -2.162997586716971 -2.3553975153782285 0.19239992866125766
/home/ashley/reuse/Git_Scripts/Repos/openjpa_buggy/1989/b/TestTimeoutException.java -3.1811805780709506 -2.1207870520473007 -3.1811805780709506 -3.1811805780709506 0.0
/home/ashley/reuse/Git_Scripts/Repos/openjpa_buggy/2220/b/QueryImpl.java -2.561243522871554 -1.6923659733404448 -2.561243522871554 -2.49434537115476 -0.06689815171679436
/home/ashley/reuse/Git_Scripts/Repos/openjpa_buggy/2220/b/TestUnwrap.java -1.125963662997113 -0.6504570961537107 -1.125963662997113 -0.7683046171039124 -0.35765904589320063
/home/ashley/reuse/Git_Scripts/Repos/openjpa_buggy/399/b/TestPCDataSerialization.java -3.9954187899127467 -2.66487970668776 -3.9954187899127467 -3.9954187899127467 0.0
/home/ashley/reuse/Git_Scripts/Repos/openjpa_buggy/2998/b/EntityManagerImpl.java -2.6268686342385528 -1.8201710163703695 -2.6268686342385528 -2.963533079773342 0.33666444553478936
/home/ashley/reuse/Git_Scripts/Repos/openjpa_buggy/2003/b/InformixDictionary.java -3.138784581285655 -1.870551001958078 -3.138784581285655 -2.3147378918035804 -0.8240466894820746
/home/ashley/reuse/Git_Scripts/Repos/openjpa_buggy/3072/b/FieldMappingInfo.java -3.0851290679070753 -2.05675271193805 -3.0851290679070753 -3.0851290679070753 0.0
/home/ashley/reuse/Git_Scripts/Repos/openjpa_buggy/838/b/DataCacheStoreManager.java -3.120624189210191 -2.2110174703419547 -3.120624189210191 -3.7915139927710286 0.6708898035608377
/home/ashley/reuse/Git_Scripts/Repos/openjpa_buggy/733/b/JPQLExpressionBuilder.java -2.4266177935300255 -1.6754700413874104 -2.4266177935300255 -2.7061116110703445 0.279493817540319
/home/ashley/reuse/Git_Scripts/Repos/openjpa_buggy/733/b/TestSubquery.java -2.7533110940749674 -1.330694074083927 -2.7533110940749674 -1.2857243818721813 -1.4675867122027861
/home/ashley/reuse/Git_Scripts/Repos/openjpa_buggy/2626/b/MethodLifecycleCallbacks.java -3.0937334346088723 -1.7432182201201696 -3.0937334346088723 -1.993130920703769 -1.1006025139051032
/home/ashley/reuse/Git_Scripts/Repos/openjpa_buggy/112/b/DB2Dictionary.java -2.335971893215192 -1.5708769717342599 -2.335971893215192 -2.398084440664844 0.06211254744965222
/home/ashley/reuse/Git_Scripts/Repos/openjpa_buggy/1316/b/Expressions.java -4.0704162769403505 -2.377535129716087 -4.0704162769403505 -2.8583098426199847 -1.2121064343203658
/home/ashley/reuse/Git_Scripts/Repos/openjpa_buggy/1245/b/TestEmbeddable.java -3.0094475787392123 -1.8601316750651171 -3.0094475787392123 -2.435348170057262 -0.5740994086819504
/home/ashley/reuse/Git_Scripts/Repos/openjpa_buggy/1725/b/AbstractQueryCacheTest.java -3.5922111937164893 -2.3954976087204485 -3.5922111937164893 -3.5922111937164893 0.0
/home/ashley/reuse/Git_Scripts/Repos/openjpa_buggy/1062/b/SourceCode.java -4.030800594837393 -2.635763749165989 -4.030800594837393 -3.8070176202415404 -0.2237829745958524
/home/ashley/reuse/Git_Scripts/Repos/openjpa_buggy/665/b/QueryImpl.java -3.2908703085968116 -2.211736139252289 -3.2908703085968116 -3.372396592509418 0.08152628391260652
/home/ashley/reuse/Git_Scripts/Repos/openjpa_buggy/665/b/StateManagerImpl.java -1.5547134962999913 -1.084100045214895 -1.5547134962999913 -1.7905835699637749 0.23587007366378354
/home/ashley/reuse/Git_Scripts/Repos/openjpa_buggy/1422/b/SchemaTool.java -1.1299041490668904 -0.7703645503426021 -1.1299041490668904 -1.2104898943184945 0.08058574525160411
/home/ashley/reuse/Git_Scripts/Repos/openjpa_buggy/1422/b/MappingTool.java -3.3631422589697473 -2.255986381068513 -3.3631422589697473 -3.4264385373694286 0.06329627839968133
/home/ashley/reuse/Git_Scripts/Repos/openjpa_buggy/1422/b/ValueTableJDBCSeq.java -2.8216837928111658 -1.8818755799933555 -2.8216837928111658 -2.8216837928111658 0.0
/home/ashley/reuse/Git_Scripts/Repos/openjpa_buggy/1422/b/ClassTableJDBCSeq.java -3.0570521894130827 -2.0380347929420553 -3.0570521894130827 -3.0570521894130827 0.0
/home/ashley/reuse/Git_Scripts/Repos/openjpa_buggy/1422/b/TableSchemaFactory.java -2.839681837612653 -1.8934087586755084 -2.839681837612653 -2.839681837612653 0.0
/home/ashley/reuse/Git_Scripts/Repos/openjpa_buggy/1422/b/ReverseMappingTool.java -3.432619869558504 -2.288413246372336 -3.432619869558504 -3.432619869558504 0.0
/home/ashley/reuse/Git_Scripts/Repos/openjpa_buggy/1422/b/NativeJDBCSeq.java -2.800618185207315 -1.8675101854224376 -2.800618185207315 -2.800618185207315 0.0
/home/ashley/reuse/Git_Scripts/Repos/openjpa_buggy/1422/b/TableJDBCSeq.java -2.83752316049133 -1.9302520850793663 -2.83752316049133 -3.017373415140364 0.17985025464903392
/home/ashley/reuse/Git_Scripts/Repos/openjpa_buggy/1619/b/PersistenceTestCase.java -3.1677616270965694 -1.4137470991941092 -3.1677616270965694 -1.2766182206602652 -1.8911434064363042
/home/ashley/reuse/Git_Scripts/Repos/openjpa_buggy/341/b/SybaseDictionary.java -2.3980027900231593 -1.5986685266821064 -2.3980027900231593 -2.3980027900231593 0.0
/home/ashley/reuse/Git_Scripts/Repos/openjpa_buggy/2819/b/QueryImpl.java -2.561243522871554 -1.7106002195178502 -2.561243522871554 -2.5752649290186613 0.014021406147107118
/home/ashley/reuse/Git_Scripts/Repos/openjpa_buggy/1394/b/AbstractQueryCacheTest.java -3.5922111937164893 -2.3954976087204485 -3.5922111937164893 -3.5922111937164893 0.0
/home/ashley/reuse/Git_Scripts/Repos/openjpa_buggy/2762/b/JDBCExpressionFactory.java -2.678125162043311 -1.8512585238565873 -2.678125162043311 -2.99669952772428 0.318574365680969
/home/ashley/reuse/Git_Scripts/Repos/openjpa_buggy/2762/b/OpenJPAConfiguration.java -3.5857020647364175 -2.471640432418377 -3.5857020647364175 -3.977592417112573 0.39189035237615544
/home/ashley/reuse/Git_Scripts/Repos/openjpa_buggy/2762/b/JPQLExpressionBuilder.java -2.4266177935300255 -1.8225371571633606 -2.4266177935300255 -3.660604916541149 1.2339871230111235
/home/ashley/reuse/Git_Scripts/Repos/openjpa_buggy/2762/b/QueryImpl.java -3.2908703085968116 -2.204350214270853 -3.2908703085968116 -3.338286474302739 0.04741616570592733
/home/ashley/reuse/Git_Scripts/Repos/openjpa_buggy/2762/b/PCPath.java -2.8402901994103606 -2.0381001295768937 -2.8402901994103606 -3.6081198466193816 0.7678296472090209
/home/ashley/reuse/Git_Scripts/Repos/openjpa_buggy/2762/b/CacheMarshaller.java -2.881594241512299 -1.9273000446478363 -2.881594241512299 -2.881594241512299 0.0
/home/ashley/reuse/Git_Scripts/Repos/openjpa_buggy/2762/b/OpenJPAConfigurationImpl.java -3.333552271833151 -2.3740704180414953 -3.333552271833151 -4.123548560763589 0.7899962889304377
/home/ashley/reuse/Git_Scripts/Repos/openjpa_buggy/2762/b/MetaDataRepository.java -2.4293733386001723 -1.810872676758408 -2.4293733386001723 -3.5564115545295136 1.1270382159293413
/home/ashley/reuse/Git_Scripts/Repos/openjpa_buggy/1938/b/DerbyDictionary.java -2.074193381348989 -1.20384557035157 -2.074193381348989 -1.4311450836347335 -0.6430482977142555
/home/ashley/reuse/Git_Scripts/Repos/openjpa_buggy/1938/b/DBDictionary.java -2.7154786907523065 -1.885239072393748 -2.7154786907523065 -3.082910969433216 0.36743227868090944
/home/ashley/reuse/Git_Scripts/Repos/openjpa_buggy/1938/b/PreparedSQLStoreQuery.java -3.1155071920109934 -1.9333502843795405 -3.1155071920109934 -2.5443965183806596 -0.5711106736303337
/home/ashley/reuse/Git_Scripts/Repos/openjpa_buggy/1938/b/SQLStoreQuery.java -3.1989283353402036 -1.8490842175435471 -3.1989283353402036 -2.1900010082371164 -1.0089273271030872
/home/ashley/reuse/Git_Scripts/Repos/openjpa_buggy/1938/b/SQLErrorCodeReader.java -3.9446055929451713 -2.619676858972004 -3.9446055929451713 -3.8952419279595096 -0.04936366498566169
/home/ashley/reuse/Git_Scripts/Repos/openjpa_buggy/1938/b/SelectImpl.java -2.8671189296914847 -1.9336465698704377 -2.8671189296914847 -2.9693673798130327 0.10224845012154793
/home/ashley/reuse/Git_Scripts/Repos/openjpa_buggy/1938/b/PostgresDictionary.java -3.0513376200987095 -2.2122807525415906 -3.0513376200987095 -4.02262096138013 0.9712833412814206
/home/ashley/reuse/Git_Scripts/Repos/openjpa_buggy/1938/b/DB2Dictionary.java -2.335971893215192 -1.6434779145715754 -2.335971893215192 -2.771333388343474 0.43536149512828226
/home/ashley/reuse/Git_Scripts/Repos/openjpa_buggy/1938/b/JDBCStoreQuery.java -2.9893771246551095 -1.6420843678758248 -2.9893771246551095 -1.8217308084607717 -1.1676463161943378
/home/ashley/reuse/Git_Scripts/Repos/openjpa_buggy/1938/b/TableJDBCSeq.java -2.8375231604913296 -1.7071655736070785 -2.8375231604913296 -2.1421877087175476 -0.695335451773782
/home/ashley/reuse/Git_Scripts/Repos/openjpa_buggy/1719/b/TestMixedLockManagerDeadlock.java -3.900882386629917 -2.6018580762385093 -3.900882386629917 -3.900882386629917 0.0
/home/ashley/reuse/Git_Scripts/Repos/openjpa_buggy/1719/b/SequencedActionsTest.java -3.378295220591957 -2.248506084044565 -3.378295220591957 -3.361107737841631 -0.017187482750326222
/home/ashley/reuse/Git_Scripts/Repos/openjpa_buggy/1719/b/TestPessimisticLocks.java -1.120664632148622 -0.747109754765748 -1.120664632148622 -1.120664632148622 0.0
/home/ashley/reuse/Git_Scripts/Repos/openjpa_buggy/953/b/TestEntityTypeExpression.java -3.6459541524871493 -2.2479278136111644 -3.6459541524871493 -2.929068082885861 -0.7168860696012884
/home/ashley/reuse/Git_Scripts/Repos/openjpa_buggy/3277/b/DBDictionary.java -2.7154786907523065 -1.8151733165416444 -2.7154786907523065 -2.7373373493876647 0.021858658635358186
/home/ashley/reuse/Git_Scripts/Repos/openjpa_buggy/3277/b/Table.java -3.22323477175393 -1.92381239888973 -3.22323477175393 -2.386021338375387 -0.8372134333785426
/home/ashley/reuse/Git_Scripts/Repos/openjpa_buggy/289/b/MixedMappingLocation.java -1.1716922357254138 -0.7869574717558749 -1.1716922357254138 -1.1716922357254138 0.0
/home/ashley/reuse/Git_Scripts/Repos/openjpa_buggy/289/b/TestParsing.java -3.0570745717968792 -2.038049714531253 -3.0570745717968792 -3.0570745717968792 0.0
/home/ashley/reuse/Git_Scripts/Repos/openjpa_buggy/2742/b/InterfaceImplGenerator.java -2.898069372106984 -1.9209969639728754 -2.898069372106984 -2.846610513199515 -0.05145885890746893
/home/ashley/reuse/Git_Scripts/Repos/openjpa_buggy/1535/b/DB2Dictionary.java -2.335971893215192 -1.8780833328882665 -2.335971893215192 -4.79063058008104 2.4546586868658484
/home/ashley/reuse/Git_Scripts/Repos/openjpa_buggy/474/b/SourceCode.java -4.030800594837393 -2.457506894453607 -4.030800594837393 -3.147500964208581 -0.8832996306288119
/home/ashley/reuse/Git_Scripts/Repos/openjpa_buggy/1205/b/DBDictionary.java -2.7154786907523065 -1.8245484125227796 -2.7154786907523065 -2.7805331435683582 0.06505445281605171
/home/ashley/reuse/Git_Scripts/Repos/openjpa_buggy/153/b/QueryStatistics.java -3.9813554405321345 -2.5172077537734996 -3.9813554405321345 -3.4191467472005077 -0.5622086933316268
/home/ashley/reuse/Git_Scripts/Repos/openjpa_buggy/3281/b/ColumnVersionStrategy.java -2.890044784086171 -1.9266965227241142 -2.890044784086171 -2.890044784086171 0.0
/home/ashley/reuse/Git_Scripts/Repos/openjpa_buggy/1088/b/AbstractBrokerFactory.java -2.7982348663363292 -2.074698807677237 -2.7982348663363292 -4.011890265391889 1.2136553990555599
/home/ashley/reuse/Git_Scripts/Repos/openjpa_buggy/1088/b/FetchConfigurationImpl.java -3.638263527859453 -2.855988531058849 -3.638263527859453 -6.638005252836727 2.9997417249772744
/home/ashley/reuse/Git_Scripts/Repos/openjpa_buggy/1088/b/BrokerImpl.java -2.162997586716971 -1.482632092637432 -2.162997586716971 -2.3567697555727216 0.19377216885575077
/home/ashley/reuse/Git_Scripts/Repos/openjpa_buggy/1088/b/JNDIManagedRuntime.java -3.7333290234673577 -2.4888860156449053 -3.7333290234673577 -3.7333290234673577 0.0
/home/ashley/reuse/Git_Scripts/Repos/openjpa_buggy/566/b/DBDictionary.java -2.7154786907523065 -2.0103904479106873 -2.7154786907523065 -3.8710630051317128 1.1555843143794062
/home/ashley/reuse/Git_Scripts/Repos/openjpa_buggy/2373/b/OpenJPAVersion.java -0.9623361775818172 -0.6419795289920808 -0.9623361775818172 -0.9623361775818172 0.0
/home/ashley/reuse/Git_Scripts/Repos/openjpa_buggy/2373/b/AbstractBrokerFactory.java -2.7982348663363292 -2.074698807677237 -2.7982348663363292 -4.011890265391889 1.2136553990555599
/home/ashley/reuse/Git_Scripts/Repos/openjpa_buggy/2317/b/JDBCStoreQuery.java -2.9893771246551095 -2.037439382244412 -2.9893771246551095 -3.1990929715260554 0.2097158468709459
/home/ashley/reuse/Git_Scripts/Repos/openjpa_buggy/901/b/DB2Dictionary.java -2.3359718932151923 -1.680537165413252 -2.3359718932151923 -2.994720463679149 0.6587485704639566
/home/ashley/reuse/Git_Scripts/Repos/openjpa_buggy/2863/b/ApplicationIdTool.java -1.1336303460021178 -0.7557535640014118 -1.1336303460021178 -1.1336303460021178 0.0
/home/ashley/reuse/Git_Scripts/Repos/openjpa_buggy/2863/b/PCEnhancer.java -1.9121246935367975 -1.3957102650347752 -1.9121246935367975 -2.583944130431409 0.6718194368946115
/home/ashley/reuse/Git_Scripts/Repos/openjpa_buggy/2403/b/PCEnhancer.java -1.9121246935367975 -1.3005952498866007 -1.9121246935367975 -2.033260496655149 0.12113580311835137
/home/ashley/reuse/Git_Scripts/Repos/openjpa_buggy/2403/b/StateManagerImpl.java -1.5547134962999911 -1.0669641077266074 -1.5547134962999911 -1.7004875220880544 0.1457740257880633
/home/ashley/reuse/Git_Scripts/Repos/openjpa_buggy/1866/b/Unique.java -2.714579718165092 -0.8437207232134745 -2.714579718165092 -0.6101172656462258 -2.104462452518866
/home/ashley/reuse/Git_Scripts/Repos/openjpa_buggy/3141/b/ColumnVersionStrategy.java -2.8900447840861707 -1.7781392770695401 -2.8900447840861707 -2.309672990450062 -0.5803717936361088
/home/ashley/reuse/Git_Scripts/Repos/openjpa_buggy/3141/b/MultiColumnVersionStrategy.java -3.7121888301637123 -2.452946969742478 -3.7121888301637123 -3.615589120828597 -0.09659970933511541
/home/ashley/reuse/Git_Scripts/Repos/openjpa_buggy/784/b/MapTableFieldStrategy.java -2.7895353192825922 -1.443535759628754 -2.7895353192825922 -1.495004444094626 -1.2945308751879663
/home/ashley/reuse/Git_Scripts/Repos/openjpa_buggy/1058/b/OracleDictionary.java -2.9536370379070034 -2.0885106458515827 -2.9536370379070034 -3.5652029890073798 0.6115659511003764
/home/ashley/reuse/Git_Scripts/Repos/openjpa_buggy/2987/b/TestJPQLScalarExpressions.java -3.699987948414702 -2.193032552350204 -3.699987948414702 -2.6904515435437126 -1.0095364048709894
/home/ashley/reuse/Git_Scripts/Repos/openjpa_buggy/1148/b/JPQLExpressionBuilder.java -2.4266177935300255 -1.5895141304686902 -2.4266177935300255 -2.3036954196132573 -0.12292237391676819
/home/ashley/reuse/Git_Scripts/Repos/openjpa_buggy/1148/b/TestSetParameter.java -3.2911844828047028 -2.063542324507894 -3.2911844828047028 -2.7660741495931656 -0.5251103332115372
/home/ashley/reuse/Git_Scripts/Repos/openjpa_buggy/427/b/MethodLifecycleCallbacks.java -3.0937334346088723 -1.5905635172282904 -3.0937334346088723 -1.6368008287756244 -1.456932605833248
/home/ashley/reuse/Git_Scripts/Repos/openjpa_buggy/427/b/BeanLifecycleCallbacks.java -2.8346605789705146 -1.6689462285174717 -2.8346605789705146 -2.0291832559843574 -0.8054773229861572
/home/ashley/reuse/Git_Scripts/Repos/openjpa_buggy/2806/b/TestAbstractSchemaName.java -2.9800165588630905 -1.9528138813761917 -2.9800165588630905 -2.832653102655575 -0.14736345620751568
/home/ashley/reuse/Git_Scripts/Repos/openjpa_buggy/629/b/TestJMXPlatformMBeans.java -4.325739759165964 -2.834190938019238 -4.325739759165964 -4.108103787914787 -0.21763597125117773
/home/ashley/reuse/Git_Scripts/Repos/openjpa_buggy/760/b/DetachManager.java -3.1323627625386803 -2.0795959305115543 -3.1323627625386803 -3.0930285766772916 -0.039334185861388704
/home/ashley/reuse/Git_Scripts/Repos/openjpa_buggy/2229/b/PessimisticLockManager.java -0.6633541160715793 -0.4424135396913984 -0.6633541160715793 -0.6633541160715793 0.0
/home/ashley/reuse/Git_Scripts/Repos/openjpa_buggy/2097/b/MySQLDictionary.java -3.2297652134708614 -2.5618208832459426 -3.2297652134708614 -6.193689801262917 2.963924587792056
/home/ashley/reuse/Git_Scripts/Repos/openjpa_buggy/767/b/DB2Dictionary.java -2.335971893215192 -1.8780833328882665 -2.335971893215192 -4.79063058008104 2.4546586868658484
/home/ashley/reuse/Git_Scripts/Repos/openjpa_buggy/564/b/Services.java -3.711289092027245 -2.4741927280181635 -3.711289092027245 -3.711289092027245 0.0
/home/ashley/reuse/Git_Scripts/Repos/openjpa_buggy/2970/b/JPQLExpressionBuilder.java -2.4266177935300255 -1.8275665801565675 -2.4266177935300255 -3.7015245802565597 1.2749067867265342
/home/ashley/reuse/Git_Scripts/Repos/openjpa_buggy/2017/b/Dog1.java -4.003807156009651 -2.520468962668726 -4.003807156009651 -3.3878368243158583 -0.6159703316937923
/home/ashley/reuse/Git_Scripts/Repos/openjpa_buggy/2017/b/DogTable.java -3.781564395571962 -2.3747027075095697 -3.781564395571962 -3.1915330714401664 -0.5900313241317954
/home/ashley/reuse/Git_Scripts/Repos/openjpa_buggy/2017/b/TestMultipleSchemaNames.java -4.162332311525246 -2.744104978755154 -4.162332311525246 -4.026814515336051 -0.13551779618919468
/home/ashley/reuse/Git_Scripts/Repos/openjpa_buggy/2017/b/LocalConstraint.java -2.795830094065869 -1.917220837597378 -2.795830094065869 -3.045537407092486 0.24970731302661697
/home/ashley/reuse/Git_Scripts/Repos/openjpa_buggy/2017/b/DogTable2.java -3.777362714899693 -2.372064185082129 -3.777362714899693 -3.1879869721493863 -0.5893757427503066
/home/ashley/reuse/Git_Scripts/Repos/openjpa_buggy/2017/b/Dog2.java -4.003807156009651 -2.520468962668726 -4.003807156009651 -3.3878368243158583 -0.6159703316937923
/home/ashley/reuse/Git_Scripts/Repos/openjpa_buggy/2017/b/DogId.java 0.0 0.0 0.0 0.0 0.0
/home/ashley/reuse/Git_Scripts/Repos/openjpa_buggy/1227/b/TestNoForeignKeyViolation.java -3.955873673236894 -1.703057397088391 -3.955873673236894 -1.4932768170496886 -2.4625968561872056
/home/ashley/reuse/Git_Scripts/Repos/openjpa_buggy/536/b/RelationFieldStrategy.java -2.395156078873589 -1.7665306070573603 -2.395156078873589 -3.364660177593294 0.969504098719705
/home/ashley/reuse/Git_Scripts/Repos/openjpa_buggy/536/b/RelationToManyTableFieldStrategy.java -2.657873805639563 -1.7537766454597261 -2.657873805639563 -2.577884995226968 -0.07998881041259498
/home/ashley/reuse/Git_Scripts/Repos/openjpa_buggy/536/b/RelationToManyInverseKeyFieldStrategy.java -0.6941013623464721 -0.46280677044230284 -0.6941013623464721 -0.6941013623464721 0.0
/home/ashley/reuse/Git_Scripts/Repos/openjpa_buggy/536/b/MappingRepository.java -2.8022875518779236 -1.9788070920614733 -2.8022875518779236 -3.3669204991746944 0.5646329472967708
/home/ashley/reuse/Git_Scripts/Repos/openjpa_buggy/2541/b/JPAFacadeHelper.java -0.9432779086305669 -0.6422750399860565 -0.9432779086305669 -1.0056960281753309 0.06241811954476395
/home/ashley/reuse/Git_Scripts/Repos/openjpa_buggy/985/b/QueryImpl.java -3.2908703085968116 -2.1796300698207403 -3.2908703085968116 -3.22742087183512 -0.06344943676169157
/home/ashley/reuse/Git_Scripts/Repos/openjpa_buggy/2098/b/TestLocalizer.java -3.836807654199073 -2.5578717694660487 -3.836807654199073 -3.836807654199073 0.0
/home/ashley/reuse/Git_Scripts/Repos/openjpa_buggy/1880/b/JPAFacadeHelper.java -0.9432779086305674 -0.5945851567775113 -0.9432779086305674 -0.8037969874407263 -0.13948092118984112
/home/ashley/reuse/Git_Scripts/Repos/openjpa_buggy/1880/b/TestJPAFacadeHelper.java -3.640622097970905 -2.4550080674601573 -3.640622097970905 -3.7652209291314067 0.12459883116050152
/home/ashley/reuse/Git_Scripts/Repos/openjpa_buggy/3116/b/AbstractResult.java -2.9996644597563384 -1.9696819734958497 -2.9996644597563384 -2.8681968342828505 -0.1314676254734879
/home/ashley/reuse/Git_Scripts/Repos/openjpa_buggy/2715/b/MappingRepository.java -2.8022875518779236 -1.963565959131603 -2.8022875518779236 -3.280275893785177 0.4779883419072535
/home/ashley/reuse/Git_Scripts/Repos/openjpa_buggy/2605/b/CriteriaTest.java -4.0515613345024315 -1.912901346488959 -4.0515613345024315 -1.8110841763743795 -2.2404771581280523
/home/ashley/reuse/Git_Scripts/Repos/openjpa_buggy/1815/b/FetchPath.java -5.695212716458422 -3.796808477638948 -5.695212716458422 -5.695212716458422 0.0
/home/ashley/reuse/Git_Scripts/Repos/openjpa_buggy/1815/b/JoinPath.java -4.113423895815439 -2.7422825972102927 -4.113423895815439 -4.113423895815439 0.0
/home/ashley/reuse/Git_Scripts/Repos/openjpa_buggy/1815/b/OperatorPath.java -3.7656219965585738 -2.5104146643723824 -3.7656219965585738 -3.7656219965585738 0.0
/home/ashley/reuse/Git_Scripts/Repos/openjpa_buggy/1815/b/LocateExpression.java -4.172869363037528 -2.7819129086916856 -4.172869363037528 -4.172869363037528 0.0
/home/ashley/reuse/Git_Scripts/Repos/openjpa_buggy/1815/b/AbstractDomainObject.java -4.071699569610604 -2.7151132973714174 -4.071699569610604 -4.071699569610604 0.0
/home/ashley/reuse/Git_Scripts/Repos/openjpa_buggy/1815/b/BinaryExpressionPredicate.java -4.879966969631062 -3.2579324939298284 -4.879966969631062 -4.879966969631062 0.0
/home/ashley/reuse/Git_Scripts/Repos/openjpa_buggy/1815/b/ExpressionImpl.java -3.1502022284751123 -2.100420707197264 -3.1502022284751123 -3.1502022284751123 0.0
/home/ashley/reuse/Git_Scripts/Repos/openjpa_buggy/1815/b/AbstractVisitable.java -3.7734368221934567 -2.3533261901851668 -3.7734368221934567 -3.126561938388864 -0.6468748838045926
/home/ashley/reuse/Git_Scripts/Repos/openjpa_buggy/1815/b/AbstractPath.java -5.011771899742077 -3.3459680591401257 -5.011771899742077 -5.011771899742077 0.0
/home/ashley/reuse/Git_Scripts/Repos/openjpa_buggy/1815/b/UnaryOperatorExpression.java -0.3879833566324003 -0.25865557108826687 -0.3879833566324003 -0.3879833566324003 0.0
/home/ashley/reuse/Git_Scripts/Repos/openjpa_buggy/1815/b/LikeExpression.java -4.54026915952984 -3.026846106353227 -4.54026915952984 -4.54026915952984 0.0
/home/ashley/reuse/Git_Scripts/Repos/openjpa_buggy/1815/b/ArrayExpression.java -4.377874827119272 -3.0336311042693715 -4.377874827119272 -4.90674561160348 0.5288707844842078
/home/ashley/reuse/Git_Scripts/Repos/openjpa_buggy/1815/b/NewInstance.java -4.228470572890154 -2.8229175053652145 -4.228470572890154 -4.228470572890154 0.0
/home/ashley/reuse/Git_Scripts/Repos/openjpa_buggy/1815/b/BinaryOperatorExpression.java -4.680468657115569 -3.1203124380770464 -4.680468657115569 -4.680468657115569 0.0
/home/ashley/reuse/Git_Scripts/Repos/openjpa_buggy/1815/b/OrderableItem.java -5.071293960871144 -3.3808626405807627 -5.071293960871144 -5.071293960871144 0.0
/home/ashley/reuse/Git_Scripts/Repos/openjpa_buggy/1815/b/RootPath.java -3.8750998799179053 -2.588759670816526 -3.8750998799179053 -3.8750998799179053 0.0
/home/ashley/reuse/Git_Scripts/Repos/openjpa_buggy/1815/b/QueryDefinitionImpl.java -3.77349711166643 -2.515664741110953 -3.77349711166643 -3.77349711166643 0.0
/home/ashley/reuse/Git_Scripts/Repos/openjpa_buggy/1815/b/AliasContext.java -3.6786649082784524 -2.4554860057739547 -3.6786649082784524 -3.6786649082784524 0.0
/home/ashley/reuse/Git_Scripts/Repos/openjpa_buggy/1815/b/UnaryExpressionPredicate.java -5.133734787914873 -3.4281189537721026 -5.133734787914873 -5.133734787914873 0.0
/home/ashley/reuse/Git_Scripts/Repos/openjpa_buggy/1815/b/QueryBuilderImpl.java -4.006068209270747 -2.6707121395138316 -4.006068209270747 -4.006068209270747 0.0
/home/ashley/reuse/Git_Scripts/Repos/openjpa_buggy/1815/b/SubStringExpression.java -4.68459075095535 -3.1274966661207597 -4.68459075095535 -4.68459075095535 0.0
/home/ashley/reuse/Git_Scripts/Repos/openjpa_buggy/1916/b/TestVersion.java -4.042144593279437 -2.6947630621862912 -4.042144593279437 -4.042144593279437 0.0
/home/ashley/reuse/Git_Scripts/Repos/openjpa_buggy/90/b/Book.java -3.9641698971001116 -2.626859570367544 -3.9641698971001116 -3.89338114893761 -0.07078874816250158
/home/ashley/reuse/Git_Scripts/Repos/openjpa_buggy/90/b/TestMultipleLevelDerivedIdentity.java -3.9553435542887785 -2.8325363517809965 -3.9553435542887785 -4.9839777913174395 1.028634237028661
/home/ashley/reuse/Git_Scripts/Repos/openjpa_buggy/90/b/Page.java -4.055228434992921 -2.6791298969923205 -4.055228434992921 -3.9301773378786025 -0.12505109711431883
/home/ashley/reuse/Git_Scripts/Repos/openjpa_buggy/3021/b/SybaseDictionary.java -2.3980027900231593 -1.399859748363947 -2.3980027900231593 -1.6815563712380062 -0.7164464187851531
/home/ashley/reuse/Git_Scripts/Repos/openjpa_buggy/2377/b/AttachStrategy.java -2.369712538238745 -1.57980835882583 -2.369712538238745 -2.369712538238745 0.0
/home/ashley/reuse/Git_Scripts/Repos/openjpa_buggy/2377/b/VersionAttachStrategy.java -0.9356000303031176 -0.6237333535354117 -0.9356000303031176 -0.9356000303031176 0.0
/home/ashley/reuse/Git_Scripts/Repos/openjpa_buggy/2377/b/ClassMetaData.java -3.342085142253192 -2.3819615028100394 -3.342085142253192 -4.145673442941958 0.8035883006887663
/home/ashley/reuse/Git_Scripts/Repos/openjpa_buggy/2260/b/ConcurrentDataCache.java -4.132810642102501 -2.368551981440257 -4.132810642102501 -2.7741898207814035 -1.3586208213210975
/home/ashley/reuse/Git_Scripts/Repos/openjpa_buggy/2260/b/TestJPACache.java -3.9220653988120353 -2.6147102658746904 -3.9220653988120353 -3.9220653988120353 0.0
/home/ashley/reuse/Git_Scripts/Repos/openjpa_buggy/2260/b/StoreCacheImpl.java -2.664762508238332 -1.7316146262920566 -2.664762508238332 -2.4724600591902046 -0.19230244904812732
/home/ashley/reuse/Git_Scripts/Repos/openjpa_buggy/472/b/PessimisticLockManager.java -0.6633541160715791 -0.4424135396913983 -0.6633541160715791 -0.6633541160715791 0.0
/home/ashley/reuse/Git_Scripts/Repos/openjpa_buggy/3050/b/EntityManagerImpl.java -2.6268686342385528 -1.8224630835761693 -2.6268686342385528 -2.97571983893061 0.3488512046920573
/home/ashley/reuse/Git_Scripts/Repos/openjpa_buggy/573/b/Param.java -3.113605311515675 -2.0757368743437836 -3.113605311515675 -3.113605311515675 0.0
/home/ashley/reuse/Git_Scripts/Repos/openjpa_buggy/573/b/Abs.java -3.729446193771172 -2.4862974625141145 -3.729446193771172 -3.729446193771172 0.0
/home/ashley/reuse/Git_Scripts/Repos/openjpa_buggy/2212/b/ResultSetResult.java -2.9638783970944695 -1.9772547338107236 -2.9638783970944695 -2.969897646479308 0.006019249384838332
/home/ashley/reuse/Git_Scripts/Repos/openjpa_buggy/2255/b/RelationFieldStrategy.java -2.395156078873589 -1.7665306070573603 -2.395156078873589 -3.364660177593294 0.969504098719705
/home/ashley/reuse/Git_Scripts/Repos/openjpa_buggy/2255/b/MappingInfo.java -2.7901630463354685 -1.8687679175630632 -2.7901630463354685 -2.829495741261783 0.03933269492631464
/home/ashley/reuse/Git_Scripts/Repos/openjpa_buggy/2255/b/ForeignKey.java -3.5356839907586375 -2.35741316120338 -3.5356839907586375 -3.5356839907586375 0.0
/home/ashley/reuse/Git_Scripts/Repos/openjpa_buggy/2255/b/RelationToManyInverseKeyFieldStrategy.java -0.694101362346472 -0.4628067704423028 -0.694101362346472 -0.694101362346472 0.0
/home/ashley/reuse/Git_Scripts/Repos/openjpa_buggy/2255/b/ColumnIO.java -3.8644125389412083 -2.576275025960806 -3.8644125389412083 -3.8644125389412083 0.0
/home/ashley/reuse/Git_Scripts/Repos/openjpa_buggy/1474/b/TestQueryCache.java -3.8864350103661773 -2.5909566735774514 -3.8864350103661773 -3.8864350103661773 0.0
/home/ashley/reuse/Git_Scripts/Repos/openjpa_buggy/1810/b/RelationFieldStrategy.java -2.395156078873589 -1.575124411260031 -2.395156078873589 -2.299986606009807 -0.09516947286378219
/home/ashley/reuse/Git_Scripts/Repos/openjpa_buggy/1810/b/HandlerRelationMapTableFieldStrategy.java -2.415002149568741 -1.5922844302953227 -2.415002149568741 -2.335929773593775 -0.07907237597496586
/home/ashley/reuse/Git_Scripts/Repos/openjpa_buggy/1665/b/PCEnhancer.java -1.9121246935367975 -1.3957102650347752 -1.9121246935367975 -2.583944130431409 0.6718194368946115
/home/ashley/reuse/Git_Scripts/Repos/openjpa_buggy/3101/b/PCEnhancer.java -1.9121246935367975 -1.3961864676784423 -1.9121246935367975 -2.587075193863258 0.6749505003264604
/home/ashley/reuse/Git_Scripts/Repos/openjpa_buggy/3101/b/QueryLanguages.java -0.6096549473881928 -0.4013402474969294 -0.6096549473881928 -0.5872822887684426 -0.02237265861975024
/home/ashley/reuse/Git_Scripts/Repos/openjpa_buggy/3101/b/ProductDerivations.java -2.9496410626922254 -1.9276866184170658 -2.9496410626922254 -2.776472311457848 -0.17316875123437736
/home/ashley/reuse/Git_Scripts/Repos/openjpa_buggy/927/b/StringListValue.java -3.4847212000734555 -2.3267215397413534 -3.4847212000734555 -3.4847212000734555 0.0
/home/ashley/reuse/Git_Scripts/Repos/openjpa_buggy/974/b/QueryImpl.java -2.561243522871554 -1.8183545640544077 -2.561243522871554 -3.134552475301095 0.5733089524295409
/home/ashley/reuse/Git_Scripts/Repos/openjpa_buggy/2718/b/MySQLDictionary.java -3.229765213470862 -1.8433870194617974 -3.229765213470862 -2.1463020426683763 -1.0834631708024856
/home/ashley/reuse/Git_Scripts/Repos/openjpa_buggy/1976/b/DB2Dictionary.java -2.335971893215192 -1.7178824357557683 -2.335971893215192 -3.2462332412755717 0.9102613480603798
/home/ashley/reuse/Git_Scripts/Repos/openjpa_buggy/1978/b/RelationFieldStrategy.java -2.395156078873589 -1.6155696031862248 -2.395156078873589 -2.4817909729020693 0.08663489402848024
/home/ashley/reuse/Git_Scripts/Repos/openjpa_buggy/1154/b/DBDictionary.java -2.7154786907523065 -1.9618297685197355 -2.7154786907523065 -3.534342565977225 0.8188638752249187
/home/ashley/reuse/Git_Scripts/Repos/openjpa_buggy/568/b/DetachManager.java -3.1323627625386803 -2.0795959305115543 -3.1323627625386803 -3.0930285766772916 -0.039334185861388704
/home/ashley/reuse/Git_Scripts/Repos/openjpa_buggy/523/b/AbstractBrokerFactory.java -2.7982348663363292 -2.074698807677237 -2.7982348663363292 -4.011890265391889 1.2136553990555599
/home/ashley/reuse/Git_Scripts/Repos/openjpa_buggy/741/b/TestUUIDGenerator.java -3.518531882094328 -2.307234021045461 -3.518531882094328 -3.3245970539473966 -0.19393482814693153
/home/ashley/reuse/Git_Scripts/Repos/openjpa_buggy/741/b/UUIDGenerator.java -4.714376122016354 -3.1692893771896715 -4.714376122016354 -4.835075510682436 0.12069938866608165
/home/ashley/reuse/Git_Scripts/Repos/openjpa_buggy/3327/b/PropertySub2.java -5.098158559274841 -3.5575935117681134 -5.098158559274841 -5.856346242449048 0.7581876831742065
/home/ashley/reuse/Git_Scripts/Repos/openjpa_buggy/3327/b/XMLFieldSub2.java -6.062401513633435 -4.372879780325756 -6.062401513633435 -7.769291260190421 1.7068897465569863
/home/ashley/reuse/Git_Scripts/Repos/openjpa_buggy/3327/b/XMLPropertySub3.java -6.062401513633435 -4.372879780325756 -6.062401513633435 -7.769291260190421 1.7068897465569863
/home/ashley/reuse/Git_Scripts/Repos/openjpa_buggy/3327/b/FieldSub3.java -5.234517825442435 -3.6393836952040592 -5.234517825442435 -5.97141596591734 0.7368981404749055
/home/ashley/reuse/Git_Scripts/Repos/openjpa_buggy/3327/b/TestXMLExplicitAccess.java -4.078810715456937 -2.7059108782663284 -4.078810715456937 -4.019556994022671 -0.059253721434266104
/home/ashley/reuse/Git_Scripts/Repos/openjpa_buggy/3327/b/PropertySub3.java -5.136737286643483 -3.571400184500647 -5.136737286643483 -5.859870205636984 0.7231329189935005
/home/ashley/reuse/Git_Scripts/Repos/openjpa_buggy/3327/b/TestExplicitAccess.java -3.7752478718873146 -2.507342961233119 -3.7752478718873146 -3.732202109585375 -0.04304576230193957
/home/ashley/reuse/Git_Scripts/Repos/openjpa_buggy/3327/b/XMLPropertySub2.java -5.841109716678684 -4.224079343134868 -5.841109716678684 -7.552141855907793 1.7110321392291095
/home/ashley/reuse/Git_Scripts/Repos/openjpa_buggy/3327/b/FieldSub2.java -5.256317266518145 -3.6644987883296847 -5.256317266518145 -6.050240186981823 0.7939229204636788
/home/ashley/reuse/Git_Scripts/Repos/openjpa_buggy/3327/b/MixedFieldSub.java -5.598895916626282 -3.8588881630882894 -5.598895916626282 -6.208453133355756 0.609557216729474
/home/ashley/reuse/Git_Scripts/Repos/openjpa_buggy/3327/b/XMLPropertySub.java -5.862530630251654 -4.2185405593345235 -5.862530630251654 -7.451440801067523 1.5889101708158693
/home/ashley/reuse/Git_Scripts/Repos/openjpa_buggy/3327/b/XMLMixedFieldSub.java -6.563074681330116 -4.63445185830767 -6.563074681330116 -7.885485251448871 1.3224105701187545
/home/ashley/reuse/Git_Scripts/Repos/openjpa_buggy/3327/b/XMLFieldSub3.java -6.062401513633435 -4.372879780325756 -6.062401513633435 -7.769291260190421 1.7068897465569863
/home/ashley/reuse/Git_Scripts/Repos/openjpa_buggy/3327/b/XMLFieldSub.java -5.862530630251654 -4.2185405593345235 -5.862530630251654 -7.451440801067523 1.5889101708158693
/home/ashley/reuse/Git_Scripts/Repos/openjpa_buggy/3327/b/PropertySub.java -5.136334651969474 -3.5784673851559097 -5.136334651969474 -5.87009674510797 0.7337620931384965
/home/ashley/reuse/Git_Scripts/Repos/openjpa_buggy/3327/b/FieldSub.java -5.1928603134590725 -3.617848626794309 -5.1928603134590725 -5.934697501096084 0.7418371876370111
/home/ashley/reuse/Git_Scripts/Repos/openjpa_buggy/3224/b/EntityF.java -3.506913871470583 -2.3379425809803887 -3.506913871470583 -3.506913871470583 0.0
/home/ashley/reuse/Git_Scripts/Repos/openjpa_buggy/2194/b/DBDictionary.java -2.7154786907523065 -2.715377366920562 -2.7154786907523065 -36386.05671673553 36383.34123804478
/home/ashley/reuse/Git_Scripts/Repos/openjpa_buggy/2194/b/DB2Dictionary.java -2.335971893215192 -2.175503976061972 -2.335971893215192 -15.814559399047702 13.478587505832511
/home/ashley/reuse/Git_Scripts/Repos/openjpa_buggy/1994/b/DerbyDictionary.java -2.0741933813489895 -1.2711412854643909 -2.0741933813489895 -1.6416075959339593 -0.4325857854150301
/home/ashley/reuse/Git_Scripts/Repos/openjpa_buggy/1994/b/DBDictionary.java -2.7154786907523065 -1.9427655890189297 -2.7154786907523065 -3.413486253270372 0.6980075625180655
/home/ashley/reuse/Git_Scripts/Repos/openjpa_buggy/2846/b/TestMySQLDictionary.java -6.306581859949513 -4.787214146080223 -6.306581859949513 -9.896098807904966 3.5895169479554534
/home/ashley/reuse/Git_Scripts/Repos/openjpa_buggy/2846/b/SQLBuffer.java -2.492075899651272 -1.6641400444696286 -2.492075899651272 -2.504519687432487 0.012443787781215132
/home/ashley/reuse/Git_Scripts/Repos/openjpa_buggy/285/b/RowManagerImpl.java -3.8639311992113186 -2.552677438836393 -3.8639311992113186 -3.757339993715834 -0.10659120549548451
/home/ashley/reuse/Git_Scripts/Repos/openjpa_buggy/1447/b/TestM2MInDataCache.java -4.4907392277431875 -2.9938261518287916 -4.4907392277431875 -4.4907392277431875 0.0
/home/ashley/reuse/Git_Scripts/Repos/openjpa_buggy/1509/b/Configurations.java -3.4049781028652135 -2.4082333147660915 -3.4049781028652135 -4.113380777745084 0.7084026748798702
/home/ashley/reuse/Git_Scripts/Repos/openjpa_buggy/1582/b/MappingRepository.java -2.8022875518779236 -1.9046965965637686 -2.8022875518779236 -2.972796003606779 0.17050845172885554
/home/ashley/reuse/Git_Scripts/Repos/openjpa_buggy/1903/b/PCClassFileTransformer.java -3.765041473229399 -2.464831009483941 -3.765041473229399 -3.5687264615898773 -0.19631501163952159
/home/ashley/reuse/Git_Scripts/Repos/openjpa_buggy/2091/b/Unique.java -2.714579718165092 -1.8185048597416633 -2.714579718165092 -2.714579718165092 0.0
/home/ashley/reuse/Git_Scripts/Repos/openjpa_buggy/2614/b/Joins.java -3.2812074949429206 -1.4570785825000765 -3.2812074949429206 -1.310149398539566 -1.9710580964033546
/home/ashley/reuse/Git_Scripts/Repos/openjpa_buggy/1479/b/AnnotationPersistenceMappingParser.java -2.105039872808121 -1.5665932233555224 -2.105039872808121 -3.0619202572344317 0.9568803844263107
/home/ashley/reuse/Git_Scripts/Repos/openjpa_buggy/2349/b/DB2Dictionary.java -2.335971893215192 -1.481144620617701 -2.335971893215192 -2.023420297033091 -0.31255159618210104
/home/ashley/reuse/Git_Scripts/Repos/openjpa_buggy/413/b/TestSimpleXmlEntity.java -3.541462864910255 -1.8918563838608529 -3.541462864910255 -2.0236930656630028 -1.5177697992472523
/home/ashley/reuse/Git_Scripts/Repos/openjpa_buggy/413/b/MetaDataRepository.java -2.4293733386001723 -1.801968991131381 -2.4293733386001723 -3.4882777395129017 1.0589044009127293
/home/ashley/reuse/Git_Scripts/Repos/openjpa_buggy/833/b/PCEnhancer.java -1.9121246935367975 -1.3957102650347752 -1.9121246935367975 -2.583944130431409 0.6718194368946115
/home/ashley/reuse/Git_Scripts/Repos/openjpa_buggy/3193/b/MetaDataRepository.java -2.4293733386001723 -1.850494308344655 -2.4293733386001723 -3.8824441226820903 1.453070784081918
/home/ashley/reuse/Git_Scripts/Repos/openjpa_buggy/2828/b/MatchesExpression.java -3.295543178612602 -2.0271039024041118 -3.295543178612602 -2.6333181900025044 -0.6622249886100975
/home/ashley/reuse/Git_Scripts/Repos/openjpa_buggy/2030/b/EntityMapping.java -7.913598653144212 -5.1973411659580115 -7.913598653144212 -7.571018624869571 -0.3425800282746412
/home/ashley/reuse/Git_Scripts/Repos/openjpa_buggy/1658/b/FieldMetaData.java -3.4249105110438554 -2.425299445174408 -3.4249105110438554 -4.154832737361628 0.7299222263177723
/home/ashley/reuse/Git_Scripts/Repos/openjpa_buggy/960/b/TestPreparedQueryCache.java -3.4999088897067665 -2.38230809421955 -3.4999088897067665 -3.7291140104155556 0.22920512070878907
/home/ashley/reuse/Git_Scripts/Repos/openjpa_buggy/2569/b/TestFindAbstractClass.java -4.0776532102891965 -2.7184354735261307 -4.0776532102891965 -4.0776532102891965 0.0
/home/ashley/reuse/Git_Scripts/Repos/openjpa_buggy/585/b/SelectImpl.java -2.8671189296914847 -1.9989669158824628 -2.8671189296914847 -3.3008481194483497 0.4337291897568649
/home/ashley/reuse/Git_Scripts/Repos/openjpa_buggy/2367/b/RelationFieldStrategy.java -2.395156078873589 -1.5735673487736135 -2.395156078873589 -2.2933593574692224 -0.10179672140436669
/home/ashley/reuse/Git_Scripts/Repos/openjpa_buggy/2367/b/TestSpecCompatibilityOptions.java -3.69682749798959 -1.98840180726488 -3.69682749798959 -2.1477395146917817 -1.5490879832978082
/home/ashley/reuse/Git_Scripts/Repos/openjpa_buggy/2305/b/WASManagedRuntime.java -1.1579075998961856 -0.7719383999307905 -1.1579075998961856 -1.1579075998961856 0.0
/home/ashley/reuse/Git_Scripts/Repos/openjpa_buggy/2955/b/MySQLDictionary.java -3.2297652134708628 -1.8433870194617976 -3.2297652134708628 -2.1463020426683768 -1.083463170802486
/home/ashley/reuse/Git_Scripts/Repos/openjpa_buggy/2045/b/ClassMapping.java -0.6048395854843913 -0.3997961769531904 -0.6048395854843913 -0.5896618566741592 -0.01517772881023216
/home/ashley/reuse/Git_Scripts/Repos/openjpa_buggy/752/b/IngresDictionary.java -4.1174945741115225 -2.744996382741015 -4.1174945741115225 -4.1174945741115225 0.0
/home/ashley/reuse/Git_Scripts/Repos/openjpa_buggy/2662/b/ConfigurationImpl.java -3.2293585086481214 -2.147365963903342 -3.2293585086481214 -3.2039099368483077 -0.025448571799813635
/home/ashley/reuse/Git_Scripts/Repos/openjpa_buggy/1649/b/JPAFacadeHelper.java -0.9432779086305672 -0.6422750399860567 -0.9432779086305672 -1.0056960281753313 0.06241811954476417
/home/ashley/reuse/Git_Scripts/Repos/openjpa_buggy/2599/b/JDBCFetchConfigurationImpl.java -3.740964533100634 -1.9725910841743737 -3.740964533100634 -2.0855997226007807 -1.655364810499853
/home/ashley/reuse/Git_Scripts/Repos/openjpa_buggy/2063/b/DBDictionary.java -2.7154786907523065 -2.0103904479106873 -2.7154786907523065 -3.8710630051317128 1.1555843143794062
/home/ashley/reuse/Git_Scripts/Repos/openjpa_buggy/2063/b/SQLStoreQuery.java -3.1989283353402036 -2.133104901824393 -3.1989283353402036 -3.1989283353402036 0.0
/home/ashley/reuse/Git_Scripts/Repos/openjpa_buggy/2063/b/DB2Dictionary.java -2.3359718932151914 -2.1755039760619717 -2.3359718932151914 -15.814559399047699 13.478587505832508
/home/ashley/reuse/Git_Scripts/Repos/openjpa_buggy/3275/b/AutomaticManagedRuntime.java -3.3891795038719343 -2.2606903810054852 -3.3891795038719343 -3.3891795038719343 0.0
/home/ashley/reuse/Git_Scripts/Repos/openjpa_buggy/355/b/BatchingOperationOrderUpdateManager.java -0.7145020694418341 -0.5799529784430472 -0.7145020694418341 -1.5137755708513434 0.7992735014095093
/home/ashley/reuse/Git_Scripts/Repos/openjpa_buggy/599/b/JDBCStoreManager.java -2.598334127205429 -1.776592575476206 -2.598334127205429 -2.8087791771546677 0.21044504994923896
/home/ashley/reuse/Git_Scripts/Repos/openjpa_buggy/1395/b/DB2Dictionary.java -2.335971893215192 -1.8780833328882665 -2.335971893215192 -4.79063058008104 2.4546586868658484
/home/ashley/reuse/Git_Scripts/Repos/openjpa_buggy/1841/b/VersionAttachStrategy.java -0.9356000303031178 -0.6256407949835324 -0.9356000303031178 -0.9442363382751465 0.008636307972028745
/home/ashley/reuse/Git_Scripts/Repos/openjpa_buggy/1841/b/AttachManager.java -0.7227769572806371 -0.48083474091946743 -0.7227769572806371 -0.718221640322986 -0.004555316957651101
/home/ashley/reuse/Git_Scripts/Repos/openjpa_buggy/2924/b/JavaTypes.java -3.251181514894262 -2.159449540290564 -3.251181514894262 -3.2154240193835806 -0.035757495510681636
/home/ashley/reuse/Git_Scripts/Repos/openjpa_buggy/579/b/OracleDictionary.java -2.9536370379070034 -2.0885106458515827 -2.9536370379070034 -3.5652029890073798 0.6115659511003764
/home/ashley/reuse/Git_Scripts/Repos/openjpa_buggy/3151/b/AbstractCFMetaDataFactory.java -3.3234507668690405 -2.2317330545291814 -3.3234507668690405 -3.3969655560617196 0.07351478919267906
/home/ashley/reuse/Git_Scripts/Repos/openjpa_buggy/2103/b/FieldMetaData.java -3.4249105110438554 -2.325909612502759 -3.4249105110438554 -3.623778944524537 0.19886843348068162
/home/ashley/reuse/Git_Scripts/Repos/openjpa_buggy/1332/b/RelationFieldStrategy.java -2.395156078873589 -1.7665306070573603 -2.395156078873589 -3.364660177593294 0.969504098719705
/home/ashley/reuse/Git_Scripts/Repos/openjpa_buggy/2617/b/JPQLExpressionBuilder.java -2.4266177935300255 -1.8275665801565675 -2.4266177935300255 -3.7015245802565597 1.2749067867265342
/home/ashley/reuse/Git_Scripts/Repos/openjpa_buggy/1510/b/TestEmbeddable.java -3.0094475787392123 -1.9996047746634653 -3.0094475787392123 -2.9793065616754717 -0.030141017063740616
/home/ashley/reuse/Git_Scripts/Repos/openjpa_buggy/1982/b/QueryResultMapping.java -3.842315188676472 -2.558048856854186 -3.842315188676472 -3.826632269539017 -0.01568291913745501
/home/ashley/reuse/Git_Scripts/Repos/openjpa_buggy/308/b/AbstractOpenJpaMojo.java -4.410790012539881 -2.944679961290749 -4.410790012539881 -4.423267494895015 0.012477482355134129
/home/ashley/reuse/Git_Scripts/Repos/openjpa_buggy/1919/b/ApplicationIdTool.java -1.1336303460021189 -0.7557535640014126 -1.1336303460021189 -1.1336303460021189 0.0
/home/ashley/reuse/Git_Scripts/Repos/openjpa_buggy/1919/b/PCEnhancer.java -1.9121246935367975 -1.3953929770315847 -1.9121246935367975 -2.5816347329119655 0.6695100393751681
/home/ashley/reuse/Git_Scripts/Repos/openjpa_buggy/2092/b/Order.java -6.93770028976023 -4.625133526506819 -6.93770028976023 -6.93770028976023 0.0
/home/ashley/reuse/Git_Scripts/Repos/openjpa_buggy/989/b/TestQueryEscapeCharacters.java -3.220772427753925 -2.120563664554237 -3.220772427753925 -3.1038895573918874 -0.11688287036203748
/home/ashley/reuse/Git_Scripts/Repos/openjpa_buggy/1100/b/DB2Dictionary.java -2.335971893215192 -1.6805371654132517 -2.335971893215192 -2.9947204636791485 0.6587485704639566
/home/ashley/reuse/Git_Scripts/Repos/openjpa_buggy/3206/b/PCEnhancerAgent.java -0.9809811954894287 -0.5854955333439158 -0.9809811954894287 -0.7241226094838402 -0.25685858600558853
/home/ashley/reuse/Git_Scripts/Repos/openjpa_buggy/2116/b/Configurations.java -3.4049781028652135 -2.360624865991111 -3.4049781028652135 -3.8482554053441564 0.4432773024789429
/home/ashley/reuse/Git_Scripts/Repos/openjpa_buggy/820/b/TableJDBCSeq.java -2.8375231604913296 -1.7557361431406835 -2.8375231604913296 -2.30264455478235 -0.5348786057089794
/home/ashley/reuse/Git_Scripts/Repos/openjpa_buggy/785/b/ExpressionStoreQuery.java -3.4415452698562827 -2.217389575477346 -3.4415452698562827 -3.11608344808603 -0.3254618217702525
/home/ashley/reuse/Git_Scripts/Repos/openjpa_buggy/654/b/JPQLExpressionBuilder.java -2.4266177935300255 -1.8275665801565675 -2.4266177935300255 -3.7015245802565597 1.2749067867265342
/home/ashley/reuse/Git_Scripts/Repos/openjpa_buggy/654/b/ClassMetaData.java -3.3420851422531914 -2.381961502810039 -3.3420851422531914 -4.145673442941957 0.8035883006887659
/home/ashley/reuse/Git_Scripts/Repos/openjpa_buggy/654/b/FetchConfigurationImpl.java -3.638263527859453 -2.855988531058849 -3.638263527859453 -6.638005252836727 2.9997417249772744
/home/ashley/reuse/Git_Scripts/Repos/openjpa_buggy/654/b/FieldMetaData.java -3.4249105110438554 -2.425299445174408 -3.4249105110438554 -4.154832737361628 0.7299222263177723
/home/ashley/reuse/Git_Scripts/Repos/openjpa_buggy/3229/b/SolidDBDictionary.java -2.8756058635455806 -0.6671637156993018 -2.8756058635455806 -0.434355931551282 -2.4412499319942986
/home/ashley/reuse/Git_Scripts/Repos/openjpa_buggy/374/b/SchemaTool.java -1.1299041490668904 -0.7481797743821301 -1.1299041490668904 -1.107153355277928 -0.022750793788962387
/home/ashley/reuse/Git_Scripts/Repos/openjpa_buggy/374/b/Column.java -3.358920505753313 -2.073398508549191 -3.358920505753313 -2.7087754165665863 -0.6501450891867266
/home/ashley/reuse/Git_Scripts/Repos/openjpa_buggy/1756/b/QueryImpl.java -3.2908703085968116 -2.211736139252289 -3.2908703085968116 -3.372396592509418 0.08152628391260652
/home/ashley/reuse/Git_Scripts/Repos/openjpa_buggy/3146/b/AbstractUpdateManager.java -2.9375894527011717 -1.9586920510832797 -2.9375894527011717 -2.9375894527011717 0.0
/home/ashley/reuse/Git_Scripts/Repos/openjpa_buggy/2876/b/RelationFieldStrategy.java -2.395156078873589 -1.6139315928413134 -2.395156078873589 -2.473691888142016 0.07853580926842696
/home/ashley/reuse/Git_Scripts/Repos/openjpa_buggy/2876/b/FieldMapping.java -2.817751415387084 -1.8099568099115535 -2.817751415387084 -2.5297900311839356 -0.28796138420314854
/home/ashley/reuse/Git_Scripts/Repos/openjpa_buggy/2781/b/QueryImpl.java -2.5612435228715547 -1.9697901100992616 -2.5612435228715547 -4.265012300174627 1.7037687773030723
/home/ashley/reuse/Git_Scripts/Repos/openjpa_buggy/2802/b/Abs.java -3.7294461937711714 -2.7013285944072267 -3.7294461937711714 -4.899468529071931 1.1700223353007595
/home/ashley/reuse/Git_Scripts/Repos/openjpa_buggy/3303/b/DB2Dictionary.java -2.335971893215192 -1.9189112314293157 -2.335971893215192 -5.37394570252614 3.0379738093109485
/home/ashley/reuse/Git_Scripts/Repos/openjpa_buggy/2484/b/AbstractDataCache.java -3.483801054725943 -2.2627100427173388 -3.483801054725943 -3.227782186518176 -0.2560188682077671
/home/ashley/reuse/Git_Scripts/Repos/openjpa_buggy/2484/b/DataCacheStoreManager.java -3.120624189210191 -2.1072849690976563 -3.120624189210191 -3.243862255649111 0.12323806643891988
/home/ashley/reuse/Git_Scripts/Repos/openjpa_buggy/1863/b/SelectImpl.java -2.8671189296914847 -1.9384271044698125 -2.8671189296914847 -2.99222028993626 0.12510136024477525
/home/ashley/reuse/Git_Scripts/Repos/openjpa_buggy/1863/b/TestSubquery.java -2.753311094074967 -1.8476966282533995 -2.753311094074967 -2.8087468879154023 0.05543579384043529
/home/ashley/reuse/Git_Scripts/Repos/openjpa_buggy/2785/b/InValueDiscriminatorStrategy.java -2.8782530999424765 -1.9188353999616512 -2.8782530999424765 -2.8782530999424765 0.0
/home/ashley/reuse/Git_Scripts/Repos/openjpa_buggy/1490/b/JPQLExpressionBuilder.java -2.4266177935300255 -1.7931347639464879 -2.4266177935300255 -3.43438775877737 1.0077699652473444
/home/ashley/reuse/Git_Scripts/Repos/openjpa_buggy/1597/b/RelationFieldStrategy.java -2.395156078873589 -1.7610584467522816 -2.395156078873589 -3.3259940033835926 0.9308379245100036
/home/ashley/reuse/Git_Scripts/Repos/openjpa_buggy/1597/b/RelationToManyInverseKeyFieldStrategy.java -0.6941013623464722 -0.4594938056990185 -0.6941013623464722 -0.6797208092591834 -0.014380553087288805
/home/ashley/reuse/Git_Scripts/Repos/openjpa_buggy/2534/b/TestConstraints.java -3.1694585502989976 -2.5260939877850044 -3.1694585502989976 -6.222249914697419 3.0527913643984212
/home/ashley/reuse/Git_Scripts/Repos/openjpa_buggy/2356/b/Expressions.java -4.07041627694035 -3.2270035333518132 -4.07041627694035 -7.786963030705254 3.716546753764905
/home/ashley/reuse/Git_Scripts/Repos/openjpa_buggy/2356/b/TestTypesafeCriteria.java -2.5839270562377 -2.4279768892143734 -2.5839270562377 -20.114486876511197 17.530559820273496
/home/ashley/reuse/Git_Scripts/Repos/openjpa_buggy/1233/b/DBDictionary.java -2.7154786907523065 -1.8245484125227796 -2.7154786907523065 -2.7805331435683582 0.06505445281605171
/home/ashley/reuse/Git_Scripts/Repos/openjpa_buggy/628/b/Joins.java -3.28120749494292 -1.4570785825000763 -3.28120749494292 -1.3101493985395658 -1.9710580964033544
/home/ashley/reuse/Git_Scripts/Repos/openjpa_buggy/1469/b/PreparedQueryImpl.java -3.6722334582024416 -2.236034045296558 -3.6722334582024416 -2.8586695416494616 -0.81356391655298
/home/ashley/reuse/Git_Scripts/Repos/openjpa_buggy/1469/b/TestPreparedQueryCache.java -3.4999088897067665 -2.317372950254452 -3.4999088897067665 -3.429322491931168 -0.07058639777559872
/home/ashley/reuse/Git_Scripts/Repos/openjpa_buggy/3325/b/ManagedClassSubclasser.java -3.136859295376252 -2.074017557648769 -3.136859295376252 -3.0588460219805444 -0.07801327339570774
/home/ashley/reuse/Git_Scripts/Repos/openjpa_buggy/1141/b/DB2Dictionary.java -2.335971893215192 -1.5708769717342599 -2.335971893215192 -2.398084440664844 0.06211254744965222
/home/ashley/reuse/Git_Scripts/Repos/openjpa_buggy/2216/b/TestUUIDGenerator.java -3.518531882094328 -1.4609820963713473 -3.518531882094328 -1.2491829167198798 -2.2693489653744483
/home/ashley/reuse/Git_Scripts/Repos/openjpa_buggy/2216/b/UUIDGenerator.java -4.714376122016354 -2.8639519528038693 -4.714376122016354 -3.6441431771772272 -1.0702329448391268
/home/ashley/reuse/Git_Scripts/Repos/openjpa_buggy/3039/b/SQLStoreQuery.java -3.1989283353402036 -1.9395077308755566 -3.1989283353402036 -2.463174818211957 -0.7357535171282468
/home/ashley/reuse/Git_Scripts/Repos/openjpa_buggy/2835/b/DB2Dictionary.java -2.3359718932151914 -1.6441292268230567 -2.3359718932151914 -2.7756597339541793 0.4396878407389879
/home/ashley/reuse/Git_Scripts/Repos/openjpa_buggy/2386/b/TestSQLBigIntegerId.java -2.971175979049669 -1.983376635229491 -2.971175979049669 -2.971175979049669 0.0
/home/ashley/reuse/Git_Scripts/Repos/openjpa_buggy/2386/b/TestSQLBigDecimalId.java -0.9196050723222968 -0.6130700482148645 -0.9196050723222968 -0.9196050723222968 0.0
/home/ashley/reuse/Git_Scripts/Repos/openjpa_buggy/2514/b/Employee3.java -4.427154670211074 -2.9538204827094887 -4.427154670211074 -4.427154670211074 0.0
/home/ashley/reuse/Git_Scripts/Repos/openjpa_buggy/2514/b/Parent3.java -5.304455679285647 -3.536303786190431 -5.304455679285647 -5.304455679285647 0.0
/home/ashley/reuse/Git_Scripts/Repos/openjpa_buggy/2523/b/TestQueryMultiThreaded.java -2.594229276659834 -1.716260370793831 -2.594229276659834 -2.5343912154970893 -0.059838061162744705
/home/ashley/reuse/Git_Scripts/Repos/openjpa_buggy/635/b/PostgresDictionary.java -3.0513376200987086 -2.186500668717779 -3.0513376200987086 -3.8572309706334895 0.805893350534781
/home/ashley/reuse/Git_Scripts/Repos/openjpa_buggy/1945/b/ValueStrategyEntity.java -5.116927190375121 -3.732070748943322 -5.116927190375121 -6.836902716551632 1.719975526176511
/home/ashley/reuse/Git_Scripts/Repos/openjpa_buggy/1945/b/TestValueStrategy.java -4.917225406385538 -3.5496220902345597 -4.917225406385538 -6.3456931222070345 1.4284677158214967
/home/ashley/reuse/Git_Scripts/Repos/openjpa_buggy/2913/b/AnnotationProcessor6.java -4.183886111755541 -3.6149986046941827 -4.183886111755541 -13.283452437470359 9.099566325714818
/home/ashley/reuse/Git_Scripts/Repos/openjpa_buggy/2913/b/SourceAnnotationHandler.java -4.508182942661273 -3.0023872517274546 -4.508182942661273 -4.494404877433091 -0.013778065228182257
/home/ashley/reuse/Git_Scripts/Repos/openjpa_buggy/1264/b/DBDictionary.java -2.7154786907523065 -1.8373084587323538 -2.7154786907523065 -2.840552458467195 0.12507376771488854
/home/ashley/reuse/Git_Scripts/Repos/openjpa_buggy/1264/b/DB2Dictionary.java -2.335971893215192 -1.5778471408532633 -2.335971893215192 -2.4303960646456826 0.09442417143049076
/home/ashley/reuse/Git_Scripts/Repos/openjpa_buggy/1805/b/DBDictionary.java -2.7154786907523065 -1.9944122295952387 -2.7154786907523065 -3.7553985671106958 1.0399198763583892
/home/ashley/reuse/Git_Scripts/Repos/openjpa_buggy/1805/b/DB2Dictionary.java -2.335971893215192 -1.8792176124189253 -2.335971893215192 -4.805427894614109 2.469456001398917
/home/ashley/reuse/Git_Scripts/Repos/openjpa_buggy/772/b/SingleFieldManager.java -1.8412164764692587 -1.2364729855239536 -1.8412164764692587 -1.882297592072589 0.04108111560333039
/home/ashley/reuse/Git_Scripts/Repos/openjpa_buggy/804/b/AbstractBrokerFactory.java -2.7982348663363292 -2.074698807677237 -2.7982348663363292 -4.011890265391889 1.2136553990555599
/home/ashley/reuse/Git_Scripts/Repos/openjpa_buggy/1770/b/HSQLDictionary.java -0.49394952224644134 -0.32929968149762756 -0.49394952224644134 -0.49394952224644134 0.0
/home/ashley/reuse/Git_Scripts/Repos/openjpa_buggy/2300/b/InformixDictionary.java -3.1387845812856545 -1.8705510019580778 -3.1387845812856545 -2.31473789180358 -0.8240466894820746
/home/ashley/reuse/Git_Scripts/Repos/openjpa_buggy/1928/b/AnnotationProcessor6.java -4.183886111755541 -3.5861880957904635 -4.183886111755541 -12.542911535032987 8.359025423277446
/home/ashley/reuse/Git_Scripts/Repos/openjpa_buggy/1928/b/SourceAnnotationHandler.java -4.508182942661273 -2.9642597780610913 -4.508182942661273 -4.327749487628332 -0.18043345503294095
/home/ashley/reuse/Git_Scripts/Repos/openjpa_buggy/1041/b/TestUseSchemaElement.java -3.686712422810041 -2.4578082818733606 -3.686712422810041 -3.686712422810041 0.0
/home/ashley/reuse/Git_Scripts/Repos/openjpa_buggy/1635/b/AbstractPCData.java -3.116088600075487 -2.077813436207611 -3.116088600075487 -3.116088600075487 0.0
/home/ashley/reuse/Git_Scripts/Repos/openjpa_buggy/1616/b/LifecycleEventManager.java -3.9571873877640513 -2.6809612201536965 -3.9571873877640513 -4.15497807982862 0.19779069206456867
/home/ashley/reuse/Git_Scripts/Repos/openjpa_buggy/798/b/FinderQueryImpl.java -3.541282296301911 -2.406348010671684 -3.541282296301911 -3.754207497661836 0.212925201359925
/home/ashley/reuse/Git_Scripts/Repos/openjpa_buggy/870/b/TestMultipleMappedSuperclassHierarchy.java -3.4040515413429793 -2.2481766546390816 -3.4040515413429793 -3.3104401239560475 -0.0936114173869318
/home/ashley/reuse/Git_Scripts/Repos/openjpa_buggy/1930/b/Math.java -2.8813199414829214 -1.9216170599759468 -2.8813199414829214 -2.8813199414829214 0.0
/home/ashley/reuse/Git_Scripts/Repos/openjpa_buggy/1930/b/JDBCStoreQuery.java -2.9893771246551095 -2.037439382244412 -2.9893771246551095 -3.1990929715260554 0.2097158468709459
/home/ashley/reuse/Git_Scripts/Repos/openjpa_buggy/1272/b/XMLPersistenceMetaDataParser.java -2.4589064927788664 -1.7959721039530514 -2.4589064927788664 -3.330296900721504 0.8713904079426378
/home/ashley/reuse/Git_Scripts/Repos/openjpa_buggy/1272/b/AnnotationPersistenceMetaDataParser.java -3.184475078531094 -2.248110930004473 -3.184475078531094 -3.82279332332269 0.6383182447915958
/home/ashley/reuse/Git_Scripts/Repos/openjpa_buggy/1272/b/MetaDataRepository.java -2.4293733386001723 -1.850494308344655 -2.4293733386001723 -3.8824441226820903 1.453070784081918
/home/ashley/reuse/Git_Scripts/Repos/openjpa_buggy/575/b/SQLStoreQuery.java -3.1989283353402036 -2.133104901824393 -3.1989283353402036 -3.1989283353402036 0.0
/home/ashley/reuse/Git_Scripts/Repos/openjpa_buggy/1942/b/JMXProvider.java -4.5865347172517765 -3.057689811501185 -4.5865347172517765 -4.5865347172517765 0.0
/home/ashley/reuse/Git_Scripts/Repos/openjpa_buggy/1942/b/PreparedQueryCacheJMXInstrument.java -5.270152054319354 -3.5205469188773013 -5.270152054319354 -5.302287127821301 0.032135073501947
/home/ashley/reuse/Git_Scripts/Repos/openjpa_buggy/1942/b/DataCacheJMXInstrument.java -5.420150849086264 -3.9526009802000917 -5.420150849086264 -7.282952138683539 1.8628012895972752
/home/ashley/reuse/Git_Scripts/Repos/openjpa_buggy/1942/b/QueryCacheJMXInstrument.java -5.294378829284044 -3.5363217371172047 -5.294378829284044 -5.324806293820159 0.03042746453611489
/home/ashley/reuse/Git_Scripts/Repos/openjpa_buggy/1269/b/InheritanceComparator.java -4.044134799099534 -2.535781819975924 -4.044134799099534 -3.3871453913035805 -0.6569894077959533
/home/ashley/reuse/Git_Scripts/Repos/openjpa_buggy/1346/b/TestStringCriteria.java -3.136382681220158 -2.090921787480105 -3.136382681220158 -3.136382681220158 0.0
/home/ashley/reuse/Git_Scripts/Repos/openjpa_buggy/1063/b/MaxEmbeddedLobFieldStrategy.java -2.3967298386608404 -1.5981762305075629 -2.3967298386608404 -2.3967298386608404 0.0
/home/ashley/reuse/Git_Scripts/Repos/openjpa_buggy/553/b/TestParentChild.java -5.717316444001715 -3.848708339448892 -5.717316444001715 -5.887880777056658 0.17056433305494334
/home/ashley/reuse/Git_Scripts/Repos/openjpa_buggy/2064/b/EntityManagerFactoryImpl.java -3.4379405241640506 -2.359761960708117 -3.4379405241640506 -3.7622345440142975 0.32429401985024686
/home/ashley/reuse/Git_Scripts/Repos/openjpa_buggy/2064/b/AutoDetachValue.java -2.9644922425493716 -2.238607226149432 -2.9644922425493716 -4.553820783231735 1.589328540682363
/home/ashley/reuse/Git_Scripts/Repos/openjpa_buggy/1838/b/MappingInfo.java -2.790163046335468 -1.868767917563063 -2.790163046335468 -2.8294957412617827 0.03933269492631464
/home/ashley/reuse/Git_Scripts/Repos/openjpa_buggy/1838/b/SequenceMapping.java -4.943732900703084 -3.2958219338020562 -4.943732900703084 -4.943732900703084 0.0
/home/ashley/reuse/Git_Scripts/Repos/openjpa_buggy/1838/b/FieldMapping.java -2.8177514153870837 -1.895041375418966 -2.8177514153870837 -2.8928747590543686 0.0751233436672849
/home/ashley/reuse/Git_Scripts/Repos/openjpa_buggy/1838/b/FieldMappingInfo.java -3.0851290679070758 -2.0567527119380506 -3.0851290679070758 -3.0851290679070758 0.0
/home/ashley/reuse/Git_Scripts/Repos/openjpa_buggy/1838/b/ClassMappingInfo.java -1.0006296046823517 -0.6670864031215679 -1.0006296046823517 -1.0006296046823517 0.0
/home/ashley/reuse/Git_Scripts/Repos/openjpa_buggy/1838/b/TableJDBCSeq.java -2.83752316049133 -1.9302520850793663 -2.83752316049133 -3.017373415140364 0.17985025464903392
/home/ashley/reuse/Git_Scripts/Repos/openjpa_buggy/1838/b/Table.java -3.22323477175393 -2.1428505410733867 -3.22323477175393 -3.19552504697373 -0.02770972478019962
/home/ashley/reuse/Git_Scripts/Repos/openjpa_buggy/1838/b/Unique.java -2.714579718165092 -1.8185048597416633 -2.714579718165092 -2.714579718165092 0.0
/home/ashley/reuse/Git_Scripts/Repos/openjpa_buggy/991/b/XMLMetaData.java -4.261271622550194 -2.8438571209815913 -4.261271622550194 -4.261271622550194 0.0
/home/ashley/reuse/Git_Scripts/Repos/openjpa_buggy/991/b/AbstractExpressionBuilder.java -3.5190755891178207 -2.271087455072472 -3.5190755891178207 -3.200767244373495 -0.31830834474432557
/home/ashley/reuse/Git_Scripts/Repos/openjpa_buggy/991/b/Path.java -2.8874911942480286 -1.5230722782846744 -2.8874911942480286 -1.5930985899299468 -1.2943926043180818
/home/ashley/reuse/Git_Scripts/Repos/openjpa_buggy/991/b/MetaDataRepository.java -2.4293733386001723 -1.8256760809367882 -2.4293733386001723 -3.672932811937329 1.2435594733371564
/home/ashley/reuse/Git_Scripts/Repos/openjpa_buggy/1267/b/DistributedStoreQuery.java -2.3500219149837696 -1.3730100414891362 -2.3500219149837696 -1.6503474322713911 -0.6996744827123784
/home/ashley/reuse/Git_Scripts/Repos/openjpa_buggy/1267/b/ReplicationPolicy.java -1.1902470514946748 -0.7966220423389555 -1.1902470514946748 -1.1902470514946748 0.0
/home/ashley/reuse/Git_Scripts/Repos/openjpa_buggy/704/b/DB2Dictionary.java -2.3359718932151914 -1.8792176124189248 -2.3359718932151914 -4.805427894614108 2.4694560013989166
/home/ashley/reuse/Git_Scripts/Repos/openjpa_buggy/1792/b/SelectImpl.java -2.8671189296914847 -1.916708254497143 -2.8671189296914847 -2.8910820672552777 0.02396313756379298
/home/ashley/reuse/Git_Scripts/Repos/openjpa_buggy/2039/b/DBDictionary.java -2.7154786907523065 -2.009391247886875 -2.7154786907523065 -3.863869248883459 1.1483905581311524
/home/ashley/reuse/Git_Scripts/Repos/openjpa_buggy/2656/b/PrimaryRow.java -3.5722052777425217 -2.3208357379538773 -3.5722052777425217 -3.3111881906423375 -0.26101708710018423
/home/ashley/reuse/Git_Scripts/Repos/openjpa_buggy/617/b/DBDictionary.java -2.7154786907523065 -1.8979738520022709 -2.7154786907523065 -3.152218376222432 0.4367396854701253
/home/ashley/reuse/Git_Scripts/Repos/openjpa_buggy/1702/b/ResultPacker.java -3.444045796411602 -2.296030530941068 -3.444045796411602 -3.444045796411602 0.0
/home/ashley/reuse/Git_Scripts/Repos/openjpa_buggy/2298/b/DetachedStateManager.java -1.9455556384733543 -1.2984217590299525 -1.9455556384733543 -1.95179997110486 0.006244332631505589
/home/ashley/reuse/Git_Scripts/Repos/openjpa_buggy/2298/b/OpenJPAConfiguration.java -3.5857020647364175 -2.5348452348624537 -3.5857020647364175 -4.322180170976026 0.7364781062396082
/home/ashley/reuse/Git_Scripts/Repos/openjpa_buggy/2298/b/StoreContext.java -0.7548681573993031 -0.5035294368205284 -0.7548681573993031 -0.7548681573993031 0.0
/home/ashley/reuse/Git_Scripts/Repos/openjpa_buggy/2298/b/AbstractBrokerFactory.java -2.7982348663363292 -2.074698807677237 -2.7982348663363292 -4.011890265391889 1.2136553990555599
/home/ashley/reuse/Git_Scripts/Repos/openjpa_buggy/2298/b/StateManagerImpl.java -1.5547134962999911 -1.0840534933407444 -1.5547134962999911 -1.790329604490409 0.23561610819041778
/home/ashley/reuse/Git_Scripts/Repos/openjpa_buggy/2298/b/BrokerImpl.java -2.162997586716971 -1.482632092637432 -2.162997586716971 -2.3567697555727216 0.19377216885575077
/home/ashley/reuse/Git_Scripts/Repos/openjpa_buggy/2298/b/DelegatingBroker.java -1.8761916214485796 -1.250794414299053 -1.8761916214485796 -1.8761916214485796 0.0
/home/ashley/reuse/Git_Scripts/Repos/openjpa_buggy/2298/b/OpenJPAConfigurationImpl.java -3.333552271833151 -2.41172850339002 -3.333552271833151 -4.360715847617323 1.0271635757841717
/home/ashley/reuse/Git_Scripts/Repos/openjpa_buggy/222/b/DistributedBrokerImpl.java -3.125241140038191 -1.904352545144767 -3.125241140038191 -2.431571865518974 -0.693669274519217
/home/ashley/reuse/Git_Scripts/Repos/openjpa_buggy/3117/b/ExpressionStoreQuery.java -3.4415452698562827 -2.06203880062179 -3.4415452698562827 -2.572151721940836 -0.8693935479154469
/home/ashley/reuse/Git_Scripts/Repos/openjpa_buggy/3117/b/TestBulkUpdatesDataCacheEviction.java -4.187960966053433 -3.308014503264525 -4.187960966053433 -7.855678333839359 3.667717367785926
/home/ashley/reuse/Git_Scripts/Repos/openjpa_buggy/3117/b/AbstractStoreQuery.java -3.0022279179573688 -1.859529714822934 -3.0022279179573688 -2.442784984171331 -0.5594429337860376
/home/ashley/reuse/Git_Scripts/Repos/openjpa_buggy/2466/b/MapTableFieldStrategy.java -2.7895353192825922 -1.8726678137821728 -2.7895353192825922 -2.8457401666488376 0.056204847366245314
/home/ashley/reuse/Git_Scripts/Repos/openjpa_buggy/2466/b/ProxyManagerImpl.java -2.7897954569820755 -1.9497489219340651 -2.7897954569820755 -3.237559145670711 0.4477636886886356
/home/ashley/reuse/Git_Scripts/Repos/openjpa_buggy/3089/b/TestIsolationLevelOverride.java -2.8254173305178325 -1.9306114580889604 -2.8254173305178325 -3.038817431010116 0.21340010049228342
/home/ashley/reuse/Git_Scripts/Repos/openjpa_buggy/3089/b/DBDictionary.java -2.7154786907523065 -1.9957249186449941 -2.7154786907523065 -3.7647239230973133 1.0492452323450068
/home/ashley/reuse/Git_Scripts/Repos/openjpa_buggy/3089/b/DB2Dictionary.java -2.335971893215192 -1.9186154226993282 -2.335971893215192 -5.3669936382279175 3.0310217450127257
/home/ashley/reuse/Git_Scripts/Repos/openjpa_buggy/871/b/TestM2MInDataCache.java -4.490739227743187 -3.0626963068776267 -4.490739227743187 -4.815601214430992 0.3248619866878055
/home/ashley/reuse/Git_Scripts/Repos/openjpa_buggy/167/b/TestJPQLScalarExpressions.java -3.699987948414702 -2.102704308535988 -3.699987948414702 -2.433908789240812 -1.26607915917389
/home/ashley/reuse/Git_Scripts/Repos/openjpa_buggy/1033/b/PCEnhancer.java -1.9121246935367975 -1.3585258190316631 -1.9121246935367975 -2.3460548590472743 0.4339301655104768
/home/ashley/reuse/Git_Scripts/Repos/openjpa_buggy/2360/b/Configurations.java -3.4049781028652135 -2.2729801056065937 -3.4049781028652135 -3.41752123557625 0.012543132711036353
/home/ashley/reuse/Git_Scripts/Repos/openjpa_buggy/2968/b/BrokerImpl.java -2.1629975867169704 -1.486235595914812 -2.1629975867169704 -2.374969982651389 0.2119723959344184
/home/ashley/reuse/Git_Scripts/Repos/openjpa_buggy/1421/b/TableJDBCSeq.java -2.8375231604913305 -1.6884815563847886 -2.8375231604913305 -2.084305228722178 -0.7532179317691523
/home/ashley/reuse/Git_Scripts/Repos/openjpa_buggy/1421/b/Table.java -3.22323477175393 -2.0331754401237427 -3.22323477175393 -2.7526646596121234 -0.47057011214180644
/home/ashley/reuse/Git_Scripts/Repos/openjpa_buggy/316/b/ColumnVersionStrategy.java -2.890044784086172 -1.9160788649049483 -2.890044784086172 -2.840999398058311 -0.04904538602786124
/home/ashley/reuse/Git_Scripts/Repos/openjpa_buggy/2315/b/Options.java -3.434537266766251 -2.223806864944877 -3.434537266766251 -3.154190041091676 -0.28034722567457493
/home/ashley/reuse/Git_Scripts/Repos/openjpa_buggy/323/b/MetaDataRepository.java -2.4293733386001723 -1.9094540161183775 -2.4293733386001723 -4.461054318868325 2.031680980268153
/home/ashley/reuse/Git_Scripts/Repos/openjpa_buggy/2628/b/TableJDBCSeq.java -2.8375231604913296 -1.7170173122841186 -2.8375231604913296 -2.1734849984874884 -0.6640381620038411
/home/ashley/reuse/Git_Scripts/Repos/openjpa_buggy/2628/b/Table.java -3.22323477175393 -2.1223134335223164 -3.22323477175393 -3.105886325870916 -0.11734844588301385
/home/ashley/reuse/Git_Scripts/Repos/openjpa_buggy/37/b/XMLPersistenceMetaDataParser.java -2.4589064927788664 -1.696121096470208 -2.4589064927788664 -2.733498334566075 0.2745918417872084
/home/ashley/reuse/Git_Scripts/Repos/openjpa_buggy/307/b/TestMethodQLQuery.java -4.042321123008809 -2.7611197321457324 -4.042321123008809 -4.355807250915614 0.3134861279068053
/home/ashley/reuse/Git_Scripts/Repos/openjpa_buggy/2885/b/Compatibility.java -4.2529936932434165 -3.3933460318431514 -4.2529936932434165 -8.394066499822532 4.141072806579116
/home/ashley/reuse/Git_Scripts/Repos/openjpa_buggy/2885/b/MetaDataRepository.java -2.4293733386001723 -1.9094540161183775 -2.4293733386001723 -4.461054318868325 2.031680980268153
/home/ashley/reuse/Git_Scripts/Repos/openjpa_buggy/1764/b/PCEnhancer.java -1.9121246935367975 -1.2746008995150937 -1.9121246935367975 -1.9113804155042038 -7.442780325936926E-4
/home/ashley/reuse/Git_Scripts/Repos/openjpa_buggy/1521/b/TestEntityManagerMethodsThrowAfterClose.java -3.963203956373071 -2.6315211076282843 -3.963203956373071 -3.9158178221120887 -0.04738613426098226
/home/ashley/reuse/Git_Scripts/Repos/openjpa_buggy/2137/b/ClassMappingInfo.java -1.000629604682352 -0.649104842984398 -1.000629604682352 -0.9238517356438318 -0.07677786903852013
/home/ashley/reuse/Git_Scripts/Repos/openjpa_buggy/2137/b/AnnotationPersistenceMappingParser.java -2.105039872808121 -1.575505398137278 -2.105039872808121 -3.1315257471809854 1.0264858743728644
/home/ashley/reuse/Git_Scripts/Repos/openjpa_buggy/997/b/AbstractDataCache.java -3.483801054725943 -2.1359592800905136 -3.483801054725943 -2.7593366604429734 -0.7244643942829696
/home/ashley/reuse/Git_Scripts/Repos/openjpa_buggy/997/b/TestStatistics.java -3.909151150878388 -2.7686958063339024 -3.909151150878388 -4.745144318686718 0.8359931678083297
/home/ashley/reuse/Git_Scripts/Repos/openjpa_buggy/939/b/PCDataGenerator.java -1.02686438982103 -0.6846069034017197 -1.02686438982103 -1.02686438982103 0.0
/home/ashley/reuse/Git_Scripts/Repos/openjpa_buggy/1832/b/PCPath.java -2.8402901994103606 -2.217339622394536 -2.8402901994103606 -5.054885757085898 2.214595557675537
