before_file_path change CE-Avg CE-Left CE-Right CE-Diff
/home/ashley/reuse/Git_Scripts/Repos/derby_buggy/2844/b/UpdateStatisticsTest.java -5.680223871143329 -3.6353432775317307 -5.680223871143329 -5.041086161395031 -0.6391377097482982
/home/ashley/reuse/Git_Scripts/Repos/derby_buggy/926/b/Cursor.java -7.152311452566784 -4.836141776081448 -7.152311452566784 -7.465948571181208 0.313637118614424
/home/ashley/reuse/Git_Scripts/Repos/derby_buggy/859/b/ParameterMappingTest.java -5.202568334944273 -3.269000521098275 -5.202568334944273 -4.397722259520755 -0.8048460754235176
/home/ashley/reuse/Git_Scripts/Repos/derby_buggy/5266/b/GeneratedColumnsTest.java -4.7045184040811385 -4.194739037102139 -4.7045184040811385 -19.355654895677215 14.651136491596077
/home/ashley/reuse/Git_Scripts/Repos/derby_buggy/924/b/NetworkServerControlImpl.java -6.782025941467539 -4.688867066706024 -6.782025941467539 -7.596178786504255 0.8141528450367161
/home/ashley/reuse/Git_Scripts/Repos/derby_buggy/2570/b/holdCursorJava.java -4.687838483827261 -2.42352404635598 -4.687838483827261 -2.5087260636106827 -2.1791124202165784
/home/ashley/reuse/Git_Scripts/Repos/derby_buggy/5463/b/AutoloadedDriver.java -6.07865696697184 -4.05534503535424 -6.07865696697184 -6.07865696697184 0.0
/home/ashley/reuse/Git_Scripts/Repos/derby_buggy/2217/b/EmbedDatabaseMetaData.java -5.652390821872708 -3.8923690205391983 -5.652390821872708 -6.249050321760491 0.5966594998877826
/home/ashley/reuse/Git_Scripts/Repos/derby_buggy/4690/b/QueryTreeNode.java -7.9322631430462796 -5.552359043642386 -7.9322631430462796 -9.25305624917319 1.32079310612691
/home/ashley/reuse/Git_Scripts/Repos/derby_buggy/4690/b/DataDictionaryImpl.java -7.924901508809808 -5.286788719728091 -7.924901508809808 -7.9407673688424 0.015865860032592494
/home/ashley/reuse/Git_Scripts/Repos/derby_buggy/4690/b/CreateTriggerNode.java -7.636926991362947 -5.182266323528105 -7.636926991362947 -8.061519476232112 0.4245924848691649
/home/ashley/reuse/Git_Scripts/Repos/derby_buggy/4690/b/TriggerDescriptor.java -8.025091244847381 -4.753103020788621 -8.025091244847381 -5.8265672417858125 -2.1985240030615687
/home/ashley/reuse/Git_Scripts/Repos/derby_buggy/4457/b/SingletonTimerFactory.java -9.249174590852082 -2.8784616575649498 -9.249174590852082 -2.0895145255081116 -7.159660065343971
/home/ashley/reuse/Git_Scripts/Repos/derby_buggy/3026/b/CreateXMLFile.java -6.900946059792155 -4.773942137253477 -6.900946059792155 -7.722942404864351 0.8219963450721961
/home/ashley/reuse/Git_Scripts/Repos/derby_buggy/3026/b/XplainStatisticsTest.java -5.353771358916348 -3.2183684017067447 -5.353771358916348 -4.034463030344038 -1.3193083285723102
/home/ashley/reuse/Git_Scripts/Repos/derby_buggy/2879/b/BatchUpdateException.java -7.993278218860139 -5.517940447858289 -7.993278218860139 -8.909174681437863 0.9158964625777237
/home/ashley/reuse/Git_Scripts/Repos/derby_buggy/3604/b/ResultSet.java -6.604835254222309 -4.586872538206703 -6.604835254222309 -7.50611911085173 0.9012838566294201
/home/ashley/reuse/Git_Scripts/Repos/derby_buggy/3604/b/Connection.java -6.702978773460702 -4.702602635862288 -6.702978773460702 -7.878879640618209 1.175900867157507
/home/ashley/reuse/Git_Scripts/Repos/derby_buggy/3604/b/Sqlca.java -6.785997578526136 -4.505134723089687 -6.785997578526136 -6.701813142546579 -0.08418443597955783
/home/ashley/reuse/Git_Scripts/Repos/derby_buggy/3604/b/Statement.java -6.857709299281697 -4.6808342640076335 -6.857709299281697 -7.372188222975 0.5144789236933027
/home/ashley/reuse/Git_Scripts/Repos/derby_buggy/3604/b/SqlWarning.java -7.960623669829017 -6.287190903130993 -7.960623669829017 -14.912154198412102 6.951530528583085
/home/ashley/reuse/Git_Scripts/Repos/derby_buggy/3604/b/SqlException.java -8.338537519668733 -5.972719897809233 -8.338537519668733 -10.518510127199878 2.1799726075311447
/home/ashley/reuse/Git_Scripts/Repos/derby_buggy/3194/b/checkDataSource.java -5.854569043798379 -3.903175914258127 -5.854569043798379 -5.854569043798379 0.0
/home/ashley/reuse/Git_Scripts/Repos/derby_buggy/591/b/BlobTest.java -5.6230421573761005 -3.281931220258424 -5.6230421573761005 -3.941384689749603 -1.6816574676264975
/home/ashley/reuse/Git_Scripts/Repos/derby_buggy/591/b/Blob.java -6.977346260344497 -4.328479449456276 -6.977346260344497 -5.69849474552964 -1.278851514814857
/home/ashley/reuse/Git_Scripts/Repos/derby_buggy/4645/b/InListMultiProbeTest.java -6.313334686067564 -4.536536243258855 -6.313334686067564 -8.059628748293607 1.7462940622260428
/home/ashley/reuse/Git_Scripts/Repos/derby_buggy/4275/b/NetXAConnectionRequest.java -9.220692349266985 -6.075365061561447 -9.220692349266985 -8.897698955881486 -0.3229933933854987
/home/ashley/reuse/Git_Scripts/Repos/derby_buggy/4275/b/XATransactionTest.java -6.625165935338725 -3.499148967100052 -6.625165935338725 -3.7055268717202674 -2.9196390636184573
/home/ashley/reuse/Git_Scripts/Repos/derby_buggy/4397/b/SqlCode.java -11.385562665596066 -7.5903751103973764 -11.385562665596066 -11.385562665596066 0.0
/home/ashley/reuse/Git_Scripts/Repos/derby_buggy/4397/b/Version.java -5.7098114410578855 -3.798594111100444 -5.7098114410578855 -5.668307100364837 -0.04150434069304865
/home/ashley/reuse/Git_Scripts/Repos/derby_buggy/4397/b/DisconnectException.java -9.40355751697633 -6.300383536374141 -9.40355751697633 -9.54603566117294 0.14247814419661076
/home/ashley/reuse/Git_Scripts/Repos/derby_buggy/4397/b/ConversionException.java -8.943300804879065 -5.985673767045044 -8.943300804879065 -8.943300804879065 0.0
/home/ashley/reuse/Git_Scripts/Repos/derby_buggy/4397/b/Connection.java -6.702978773460702 -4.817651018391029 -6.702978773460702 -8.56419061019526 1.861211836734558
/home/ashley/reuse/Git_Scripts/Repos/derby_buggy/4397/b/Utils.java -7.2638159322140785 -4.872933895099557 -7.2638159322140785 -7.399429765254248 0.1356138330401695
/home/ashley/reuse/Git_Scripts/Repos/derby_buggy/4397/b/DatabaseMetaData.java -5.8134588302423005 -4.034659586306184 -5.8134588302423005 -6.5922284024901545 0.778769572247854
/home/ashley/reuse/Git_Scripts/Repos/derby_buggy/4397/b/DateTime.java -8.23334893454539 -5.498784745419028 -8.23334893454539 -8.277994297046314 0.044645362500924435
/home/ashley/reuse/Git_Scripts/Repos/derby_buggy/4397/b/Statement.java -6.857709299281697 -4.8932821655057435 -6.857709299281697 -8.54109221803928 1.6833829187575828
/home/ashley/reuse/Git_Scripts/Repos/derby_buggy/4397/b/SectionManager.java -8.309888169323196 -5.5996922767555475 -8.309888169323196 -8.584769966272818 0.27488179694962156
/home/ashley/reuse/Git_Scripts/Repos/derby_buggy/4397/b/Agent.java -7.469430045406264 -5.005949812321184 -7.469430045406264 -7.589180426895743 0.11975038148947892
/home/ashley/reuse/Git_Scripts/Repos/derby_buggy/4397/b/Request.java -7.916207406186789 -5.044390590005571 -7.916207406186789 -6.951631524868336 -0.9645758813184528
/home/ashley/reuse/Git_Scripts/Repos/derby_buggy/4397/b/SqlException.java -8.338537519668733 -6.4719098430692235 -8.338537519668733 -14.455550972183698 6.117013452514964
/home/ashley/reuse/Git_Scripts/Repos/derby_buggy/4397/b/Decimal.java -8.09689437516815 -5.411548213128437 -8.09689437516815 -8.158489007344393 0.06159463217624328
/home/ashley/reuse/Git_Scripts/Repos/derby_buggy/3100/b/Optimizer.java -7.331703190729547 -4.889806968058345 -7.331703190729547 -7.331703190729547 0.0
/home/ashley/reuse/Git_Scripts/Repos/derby_buggy/2648/b/DMLModStatementNode.java -8.342670597023165 -5.628399944192904 -8.342670597023165 -8.64830042257581 0.3056298255526446
/home/ashley/reuse/Git_Scripts/Repos/derby_buggy/3894/b/CompilerContext.java -8.562684404257869 -5.828505349851065 -8.562684404257869 -9.114374137686564 0.5516897334286952
/home/ashley/reuse/Git_Scripts/Repos/derby_buggy/2468/b/CollationTest.java -5.926114572725129 -3.672312303362795 -5.926114572725129 -4.82796200722464 -1.098152565500489
/home/ashley/reuse/Git_Scripts/Repos/derby_buggy/4047/b/DaylightSavingTest.java -5.648679906498722 -4.25116507699551 -5.648679906498722 -8.591490495370959 2.942810588872237
/home/ashley/reuse/Git_Scripts/Repos/derby_buggy/738/b/ReplicationRun_Local_StateTest_part1_1.java -6.227583853792391 -4.153276357581602 -6.227583853792391 -6.227583853792391 0.0
/home/ashley/reuse/Git_Scripts/Repos/derby_buggy/3921/b/JDBC.java -5.667846765226764 -3.9904657531786825 -5.667846765226764 -6.741863729364089 1.074016964137325
/home/ashley/reuse/Git_Scripts/Repos/derby_buggy/3614/b/Connection.java -6.7029787734607025 -4.652040844820232 -6.7029787734607025 -7.602017252850878 0.8990384793901756
/home/ashley/reuse/Git_Scripts/Repos/derby_buggy/3614/b/ClientPooledConnection.java -7.7879260130076275 -5.1860102283414635 -7.7879260130076275 -7.754615807648314 -0.03331020535931373
/home/ashley/reuse/Git_Scripts/Repos/derby_buggy/3614/b/NetConnection.java -7.468015178648225 -5.096208389137755 -7.468015178648225 -8.021908887550524 0.5538937089022982
/home/ashley/reuse/Git_Scripts/Repos/derby_buggy/799/b/DatabaseMetaDataTest.java -5.008282905514319 -4.165626168201849 -5.008282905514319 -12.377883663933568 7.369600758419249
/home/ashley/reuse/Git_Scripts/Repos/derby_buggy/5126/b/BaseTestCase.java -5.793835269322281 -4.45793562389061 -5.793835269322281 -9.661741917263194 3.867906647940913
/home/ashley/reuse/Git_Scripts/Repos/derby_buggy/2432/b/DRDAConnThread.java -7.0125566651964295 -4.92259748583374 -7.0125566651964295 -8.258223728715649 1.2456670635192193
/home/ashley/reuse/Git_Scripts/Repos/derby_buggy/2432/b/Typdef.java -5.98836887429084 -3.9747335473683627 -5.98836887429084 -5.9102485788819985 -0.07812029540884158
/home/ashley/reuse/Git_Scripts/Repos/derby_buggy/2432/b/Types.java -8.586876283132899 -5.563328296114272 -8.586876283132899 -7.899926180482266 -0.6869501026506324
/home/ashley/reuse/Git_Scripts/Repos/derby_buggy/2432/b/AppRequester.java -6.776568321140371 -4.390787902547492 -6.776568321140371 -6.2357947892787955 -0.5407735318615758
/home/ashley/reuse/Git_Scripts/Repos/derby_buggy/2432/b/DRDAConstants.java -5.5836289912783945 -3.7224193275189297 -5.5836289912783945 -5.5836289912783945 0.0
/home/ashley/reuse/Git_Scripts/Repos/derby_buggy/2432/b/Cursor.java -7.152311452566784 -4.768207635044523 -7.152311452566784 -7.152311452566784 0.0
/home/ashley/reuse/Git_Scripts/Repos/derby_buggy/2432/b/ColumnMetaData.java -7.211486860005783 -5.001401676715092 -7.211486860005783 -8.15760029644969 0.9461134364439072
/home/ashley/reuse/Git_Scripts/Repos/derby_buggy/2432/b/JDBCDriverTest.java -5.577903000448404 -4.027752048252783 -5.577903000448404 -7.246523379929598 1.6686203794811938
/home/ashley/reuse/Git_Scripts/Repos/derby_buggy/2432/b/SQLTypes.java -7.945131163266192 -5.83551324942437 -7.945131163266192 -10.988700339394889 3.043569176128697
/home/ashley/reuse/Git_Scripts/Repos/derby_buggy/2432/b/FdocaConstants.java -7.314579177615636 -5.686333812735443 -7.314579177615636 -12.77238056399038 5.457801386374744
/home/ashley/reuse/Git_Scripts/Repos/derby_buggy/2432/b/NetStatementRequest.java -7.14610167007513 -4.736238523993589 -7.14610167007513 -7.0212205049872205 -0.1248811650879098
/home/ashley/reuse/Git_Scripts/Repos/derby_buggy/2801/b/Timestamp.java -6.737099160851034 -4.493625109269322 -6.737099160851034 -6.737099160851034 0.0
/home/ashley/reuse/Git_Scripts/Repos/derby_buggy/5100/b/resultset.java -4.960570342511883 -2.620071816817997 -4.960570342511883 -2.776556021522243 -2.1840143209896397
/home/ashley/reuse/Git_Scripts/Repos/derby_buggy/806/b/BrokeredStatement.java -6.465209877031777 -4.323260587482436 -6.465209877031777 -6.519622507978486 0.05441263094670923
/home/ashley/reuse/Git_Scripts/Repos/derby_buggy/4049/b/Java5SystemProcedures.java -8.075016231593743 -4.737492185803264 -8.075016231593743 -5.7214939128377775 -2.3535223187559655
/home/ashley/reuse/Git_Scripts/Repos/derby_buggy/4049/b/_Suite.java -6.6719947483355195 -4.375322215209999 -6.6719947483355195 -6.355308913463068 -0.3166858348724517
/home/ashley/reuse/Git_Scripts/Repos/derby_buggy/2832/b/_Suite.java -7.874972342639093 -4.424984459197205 -7.874972342639093 -5.050254002344635 -2.8247183402944573
/home/ashley/reuse/Git_Scripts/Repos/derby_buggy/4498/b/AnsiSignaturesTest.java -4.565691134700564 -2.5731860241233027 -4.565691134700564 -2.948141150531719 -1.6175499841688445
/home/ashley/reuse/Git_Scripts/Repos/derby_buggy/5036/b/DRDAConnThread.java -7.0125566651964295 -4.980526094469237 -7.0125566651964295 -8.593586335415898 1.5810296702194684
/home/ashley/reuse/Git_Scripts/Repos/derby_buggy/5036/b/DDMWriter.java -7.91469607584038 -5.280954658262858 -7.91469607584038 -7.934938265292658 0.020242189452277515
/home/ashley/reuse/Git_Scripts/Repos/derby_buggy/2010/b/StandardException.java -8.025533637862248 -5.350355758574832 -8.025533637862248 -8.025533637862248 0.0
/home/ashley/reuse/Git_Scripts/Repos/derby_buggy/4684/b/_Suite.java -6.6719947483355195 -6.470479256211163 -6.6719947483355195 -106.15083536541016 99.47884061707464
/home/ashley/reuse/Git_Scripts/Repos/derby_buggy/3451/b/BatchUpdateTest.java -5.4205800919864515 -3.809360801605747 -5.4205800919864515 -6.407863115733507 0.9872830237470556
/home/ashley/reuse/Git_Scripts/Repos/derby_buggy/5314/b/DateTime.java -8.23334893454539 -5.466786445647117 -8.23334893454539 -8.134636491724462 -0.09871244282092739
/home/ashley/reuse/Git_Scripts/Repos/derby_buggy/3942/b/SequenceUpdater.java -7.956765677564547 -5.304510451709698 -7.956765677564547 -7.956765677564547 0.0
/home/ashley/reuse/Git_Scripts/Repos/derby_buggy/5091/b/ResultDescription.java -9.390434259075143 -6.006493985534551 -9.390434259075143 -8.231121387584384 -1.1593128714907586
/home/ashley/reuse/Git_Scripts/Repos/derby_buggy/673/b/BaseMonitor.java -7.15790890251174 -4.774194971138768 -7.15790890251174 -7.167221380090407 0.009312477578666822
/home/ashley/reuse/Git_Scripts/Repos/derby_buggy/2318/b/SystemPropertyTestSetup.java -6.4823895790757184 -4.326229955134224 -6.4823895790757184 -6.4823895790757184 0.0
/home/ashley/reuse/Git_Scripts/Repos/derby_buggy/2986/b/TernaryOperatorNode.java -7.695386831940953 -5.148930831604418 -7.695386831940953 -7.777587005452103 0.08220017351115061
/home/ashley/reuse/Git_Scripts/Repos/derby_buggy/2986/b/NodeFactoryImpl.java -8.32020922129944 -5.529305430694181 -8.32020922129944 -8.237871673340019 -0.08233754795942083
/home/ashley/reuse/Git_Scripts/Repos/derby_buggy/2986/b/C_NodeTypes.java -6.791886904047873 -4.487346786419763 -6.791886904047873 -6.612501912957355 -0.17938499109051786
/home/ashley/reuse/Git_Scripts/Repos/derby_buggy/4128/b/BaseJDBCTestCase.java -5.967407391767902 -5.019765370401528 -5.967407391767902 -15.7941483613046 9.826740969536697
/home/ashley/reuse/Git_Scripts/Repos/derby_buggy/4128/b/TestConfiguration.java -7.711065263065828 -6.306092889342823 -7.711065263065828 -17.305213516698227 9.5941482536324
/home/ashley/reuse/Git_Scripts/Repos/derby_buggy/5331/b/scrollCursors2.java -5.850739534198016 -3.793416445127697 -5.850739534198016 -5.393973285745523 -0.45676624845249325
/home/ashley/reuse/Git_Scripts/Repos/derby_buggy/3175/b/CollationTest.java -5.92611457272513 -4.413115881620988 -5.92611457272513 -8.642648037624356 2.7165334648992268
/home/ashley/reuse/Git_Scripts/Repos/derby_buggy/3028/b/ManagementMBeanTest.java -6.399747636374071 -4.27217195938801 -6.399747636374071 -6.399747636374071 0.0
/home/ashley/reuse/Git_Scripts/Repos/derby_buggy/2951/b/dblook_test.java -5.600322273312994 -3.6356492271843655 -5.600322273312994 -5.1806259905354395 -0.41969628277755433
/home/ashley/reuse/Git_Scripts/Repos/derby_buggy/4796/b/RAFContainer.java -6.792900871634034 -4.5477374383592775 -6.792900871634034 -6.879750745791911 0.0868498741578776
/home/ashley/reuse/Git_Scripts/Repos/derby_buggy/4796/b/RawStore.java -7.093003273112776 -4.829795214198263 -7.093003273112776 -7.568405637262426 0.47540236414964987
/home/ashley/reuse/Git_Scripts/Repos/derby_buggy/4134/b/GenericLanguageConnectionContext.java -7.68276093950843 -5.067754391827024 -7.68276093950843 -7.443639657046146 -0.2391212824622846
/home/ashley/reuse/Git_Scripts/Repos/derby_buggy/5048/b/ReplicationRun.java -6.240581327516788 -4.159329843956376 -6.240581327516788 -6.23582406167785 -0.004757265838937208
/home/ashley/reuse/Git_Scripts/Repos/derby_buggy/3636/b/AuthenticationTest.java -5.5524777364258275 -3.8090376280600386 -5.5524777364258275 -6.0654783968564745 0.513000660430647
/home/ashley/reuse/Git_Scripts/Repos/derby_buggy/2601/b/LimitReader.java -6.637214706440355 -4.429089117450527 -6.637214706440355 -6.637214706440355 0.0
/home/ashley/reuse/Git_Scripts/Repos/derby_buggy/1554/b/checkDataSource.java -5.854569043798379 -3.9259082950681727 -5.854569043798379 -5.958063406657357 0.10349436285897795
/home/ashley/reuse/Git_Scripts/Repos/derby_buggy/5114/b/updatableResultSet.java -5.1913146570881645 -2.0362216946282774 -5.1913146570881645 -1.6750838439897453 -3.516230813098419
/home/ashley/reuse/Git_Scripts/Repos/derby_buggy/1584/b/CompressTableTest.java -5.540596836366202 -4.734485411403087 -5.540596836366202 -16.270625920878214 10.730029084512012
/home/ashley/reuse/Git_Scripts/Repos/derby_buggy/1584/b/SystemProcedures.java -6.560371775307604 -4.575942448956158 -6.560371775307604 -7.562384530390627 1.0020127550830233
/home/ashley/reuse/Git_Scripts/Repos/derby_buggy/3995/b/DropWhileConnectingTest.java -6.4162133564627055 -4.277475570975137 -6.4162133564627055 -6.4162133564627055 0.0
/home/ashley/reuse/Git_Scripts/Repos/derby_buggy/1712/b/_Suite.java -7.877403525407183 -5.086551990691495 -7.877403525407183 -7.178601599766223 -0.6988019256409599
/home/ashley/reuse/Git_Scripts/Repos/derby_buggy/1214/b/testRelative.java -5.728230266490657 -4.105518389196507 -5.728230266490657 -7.246312492592421 1.5180822261017637
/home/ashley/reuse/Git_Scripts/Repos/derby_buggy/4108/b/OrderByColumn.java -7.867903710309573 -4.7505260888115215 -7.867903710309573 -5.990122395199889 -1.8777813151096838
/home/ashley/reuse/Git_Scripts/Repos/derby_buggy/4108/b/ResultColumnList.java -7.736264292453107 -5.39721607891343 -7.736264292453107 -8.925487253374108 1.1892229609210005
/home/ashley/reuse/Git_Scripts/Repos/derby_buggy/1308/b/InsertNode.java -7.773198623704836 -5.228807227796711 -7.773198623704836 -7.987088231018944 0.21388960731410833
/home/ashley/reuse/Git_Scripts/Repos/derby_buggy/1308/b/ResultSetNode.java -8.329090736312237 -5.539301801744728 -8.329090736312237 -8.268967367185827 -0.06012336912641025
/home/ashley/reuse/Git_Scripts/Repos/derby_buggy/4766/b/Derby4676Test.java -5.887855950942964 -3.9357748504289884 -5.887855950942964 -5.923539926403225 0.0356839754602607
/home/ashley/reuse/Git_Scripts/Repos/derby_buggy/5422/b/_Suite.java -6.6719947483355195 -6.456297383868782 -6.6719947483355195 -99.8537519115299 93.18175716319438
/home/ashley/reuse/Git_Scripts/Repos/derby_buggy/1412/b/DRDAConnThread.java -7.0125566651964295 -4.668208569502203 -7.0125566651964295 -6.981914754620877 -0.030641910575552878
/home/ashley/reuse/Git_Scripts/Repos/derby_buggy/775/b/DataSourceTest.java -5.886206388417919 -3.9193757255236266 -5.886206388417919 -5.864829868026926 -0.02137652039099258
/home/ashley/reuse/Git_Scripts/Repos/derby_buggy/1871/b/testSecMec.java -5.816911278876681 -3.5167439907857325 -5.816911278876681 -4.442004976596738 -1.3749063022799426
/home/ashley/reuse/Git_Scripts/Repos/derby_buggy/1871/b/dataSourcePermissions_net.java -5.602503549251563 -2.5777104858775894 -5.602503549251563 -2.38629143094324 -3.2162121183083228
/home/ashley/reuse/Git_Scripts/Repos/derby_buggy/1460/b/NetworkServerControlImpl.java -6.782025941467539 -4.7754085762684015 -6.782025941467539 -8.070035026868409 1.2880090854008701
/home/ashley/reuse/Git_Scripts/Repos/derby_buggy/1536/b/SQLBinary.java -7.438875742528917 -4.862139696352551 -7.438875742528917 -7.018346543033594 -0.42052919949532264
/home/ashley/reuse/Git_Scripts/Repos/derby_buggy/1536/b/BlobMemTest.java -5.688742726320452 -3.9000554125124105 -5.688742726320452 -6.201869854195682 0.5131271278752294
/home/ashley/reuse/Git_Scripts/Repos/derby_buggy/856/b/FileCompare.java -7.354849218380132 -4.887135527905905 -7.354849218380132 -7.282883961840209 -0.07196525653992314
/home/ashley/reuse/Git_Scripts/Repos/derby_buggy/632/b/DssTrace.java -4.091279368041015 -2.727918572195867 -4.091279368041015 -4.091279368041015 0.0
/home/ashley/reuse/Git_Scripts/Repos/derby_buggy/632/b/FileUtil.java -5.880168319140738 -3.9201122127604924 -5.880168319140738 -5.880168319140738 0.0
/home/ashley/reuse/Git_Scripts/Repos/derby_buggy/3568/b/MessageId.java -7.79337120282273 -4.882158294111687 -7.79337120282273 -6.524682867479495 -1.268688335343235
/home/ashley/reuse/Git_Scripts/Repos/derby_buggy/3568/b/BaseMonitor.java -7.15790890251174 -4.77193926834116 -7.15790890251174 -7.15790890251174 0.0
/home/ashley/reuse/Git_Scripts/Repos/derby_buggy/3373/b/insertMaps.java -5.112365227439383 -3.1545686997645173 -5.112365227439383 -4.112293782322133 -1.0000714451172508
/home/ashley/reuse/Git_Scripts/Repos/derby_buggy/2506/b/JDBCMBeanTest.java -6.398764482432754 -4.377176802543285 -6.398764482432754 -6.912331263018463 0.5135667805857089
/home/ashley/reuse/Git_Scripts/Repos/derby_buggy/4129/b/LogDeviceTest.java -5.297905317439774 -3.5319368782931826 -5.297905317439774 -5.297905317439774 0.0
/home/ashley/reuse/Git_Scripts/Repos/derby_buggy/2218/b/SystemPropertyTestSetup.java -6.4823895790757184 -4.326229955134224 -6.4823895790757184 -6.4823895790757184 0.0
/home/ashley/reuse/Git_Scripts/Repos/derby_buggy/2561/b/T_Recovery.java -6.424480483728535 -4.283051863235804 -6.424480483728535 -6.424480483728535 0.0
/home/ashley/reuse/Git_Scripts/Repos/derby_buggy/1313/b/DataDictionaryImpl.java -7.924901508809808 -5.592313881522529 -7.924901508809808 -9.499865342455942 1.5749638336461347
/home/ashley/reuse/Git_Scripts/Repos/derby_buggy/1313/b/UpgradeRun.java -7.258623817921931 -4.778184120219665 -7.258623817921931 -6.991309059754835 -0.26731475816709604
/home/ashley/reuse/Git_Scripts/Repos/derby_buggy/2755/b/JDBCDriverTest.java -5.577903000448404 -3.718602000298936 -5.577903000448404 -5.577903000448404 0.0
/home/ashley/reuse/Git_Scripts/Repos/derby_buggy/4618/b/DbTasks.java -6.399246033210955 -4.266164022140637 -6.399246033210955 -6.399246033210955 0.0
/home/ashley/reuse/Git_Scripts/Repos/derby_buggy/1729/b/DRDAConnThread.java -7.0125566651964295 -4.824268312959427 -7.0125566651964295 -7.729618669346112 0.7170620041496827
/home/ashley/reuse/Git_Scripts/Repos/derby_buggy/2829/b/AuthenticationTest.java -5.552477736425829 -3.7665597322812334 -5.552477736425829 -5.853843688824768 0.30136595239893893
/home/ashley/reuse/Git_Scripts/Repos/derby_buggy/2829/b/SystemProcedures.java -6.560371775307604 -4.740806032547031 -6.560371775307604 -8.54639361393551 1.9860218386279067
/home/ashley/reuse/Git_Scripts/Repos/derby_buggy/2627/b/DataDictionary.java -10.284326132780143 -7.357669493930475 -10.284326132780143 -12.927494064102142 2.643167931321999
/home/ashley/reuse/Git_Scripts/Repos/derby_buggy/2627/b/DataDictionaryImpl.java -7.924901508809808 -5.81640165331216 -7.924901508809808 -10.930617357642214 3.0057158488324065
/home/ashley/reuse/Git_Scripts/Repos/derby_buggy/2627/b/TriggerDescriptor.java -8.025091244847383 -5.355927124667881 -8.025091244847383 -8.047126091758003 0.02203484691061952
/home/ashley/reuse/Git_Scripts/Repos/derby_buggy/4177/b/ReplicationRun_Local_StateTest_part1.java -6.1844352120633515 -4.116036192334232 -6.1844352120633515 -6.153396641362908 -0.031038570700443024
/home/ashley/reuse/Git_Scripts/Repos/derby_buggy/3289/b/DRDAConnThread.java -7.0125566651964295 -4.968630022768348 -7.0125566651964295 -8.523495623519 1.510938958322571
/home/ashley/reuse/Git_Scripts/Repos/derby_buggy/4332/b/ClobLocatorInputStream.java -6.449079527272882 -4.334246240851864 -6.449079527272882 -6.590429215541876 0.14134968826899463
/home/ashley/reuse/Git_Scripts/Repos/derby_buggy/4332/b/ClobLocatorReader.java -6.76991833694306 -4.537674993410484 -6.76991833694306 -6.880900604761798 0.11098226781873866
/home/ashley/reuse/Git_Scripts/Repos/derby_buggy/2738/b/Connection.java -6.702978773460702 -4.827493002085393 -6.702978773460702 -8.625509397380428 1.9225306239197266
/home/ashley/reuse/Git_Scripts/Repos/derby_buggy/2738/b/NetXAConnection.java -7.563376228864874 -5.159394020094354 -7.563376228864874 -8.107619174433985 0.5442429455691116
/home/ashley/reuse/Git_Scripts/Repos/derby_buggy/2738/b/Statement.java -6.857709299281698 -4.846149800205168 -6.857709299281698 -8.259723195643547 1.402013896361849
/home/ashley/reuse/Git_Scripts/Repos/derby_buggy/2738/b/NetConnection.java -7.468015178648226 -5.176857123839644 -7.468015178648226 -8.435631763257133 0.9676165846089066
/home/ashley/reuse/Git_Scripts/Repos/derby_buggy/2738/b/NetXAResource.java -8.288102810910585 -5.610933274194716 -8.288102810910585 -8.685290790125347 0.39718797921476146
/home/ashley/reuse/Git_Scripts/Repos/derby_buggy/1318/b/TestConfiguration.java -7.711065263065828 -6.71313356717131 -7.711065263065828 -25.936349786813224 18.225284523747398
/home/ashley/reuse/Git_Scripts/Repos/derby_buggy/1097/b/ClientDataSource.java -7.928527019596318 -7.211295470134312 -7.928527019596318 -39.85808420177497 31.929557182178655
/home/ashley/reuse/Git_Scripts/Repos/derby_buggy/4515/b/ReplicationRun_Local_1.java -5.4987772471855445 -3.6658514981236965 -5.4987772471855445 -5.4987772471855445 0.0
/home/ashley/reuse/Git_Scripts/Repos/derby_buggy/4515/b/ReplicationRun.java -6.240581327516788 -4.159329843956376 -6.240581327516788 -6.23582406167785 -0.004757265838937208
/home/ashley/reuse/Git_Scripts/Repos/derby_buggy/4515/b/ReplicationRun_Local.java -5.408953393130342 -2.9350909885203404 -5.408953393130342 -3.203271891024737 -2.205681502105605
/home/ashley/reuse/Git_Scripts/Repos/derby_buggy/4515/b/ReplicationRun_Local_3_p2.java -5.244164672471865 -3.4773134924992655 -5.244164672471865 -5.160481193655825 -0.08368347881604077
/home/ashley/reuse/Git_Scripts/Repos/derby_buggy/4515/b/ReplicationRun_Local_3_p3.java -4.975610282928031 -3.3198194437417157 -4.975610282928031 -4.975610282928031 0.0
/home/ashley/reuse/Git_Scripts/Repos/derby_buggy/4515/b/ReplicationRun_Local_StateTest_part2.java -6.009414821880363 -4.108305553463071 -6.009414821880363 -6.493186029845622 0.4837712079652583
/home/ashley/reuse/Git_Scripts/Repos/derby_buggy/4515/b/ReplicationRun_Local_showStateChange.java -4.5797799488010895 -3.0463485885642183 -4.5797799488010895 -4.549145969210446 -0.03063397959064318
/home/ashley/reuse/Git_Scripts/Repos/derby_buggy/4515/b/ReplicationRun_Distributed.java -6.229509846714968 -4.1456393455330725 -6.229509846714968 -6.1917838219051875 -0.037726024809780156
/home/ashley/reuse/Git_Scripts/Repos/derby_buggy/4515/b/ReplicationRun_Local_3_p4.java -5.7799560526674485 -3.831042299614664 -5.7799560526674485 -5.680922537746355 -0.09903351492109369
/home/ashley/reuse/Git_Scripts/Repos/derby_buggy/4515/b/ReplicationRun_Local_3_p1.java -5.186531768494095 -3.3965547507959912 -5.186531768494095 -4.91076525319584 -0.2757665152982547
/home/ashley/reuse/Git_Scripts/Repos/derby_buggy/5174/b/nullSQLText.java -5.110842400153361 -3.4072282667689073 -5.110842400153361 -5.110842400153361 0.0
/home/ashley/reuse/Git_Scripts/Repos/derby_buggy/1009/b/ClassHolder.java -7.170226472562843 -4.7801509817085615 -7.170226472562843 -7.170226472562843 0.0
/home/ashley/reuse/Git_Scripts/Repos/derby_buggy/1009/b/ClassFormatOutput.java -7.366492095617759 -4.910994730411839 -7.366492095617759 -7.366492095617759 0.0
/home/ashley/reuse/Git_Scripts/Repos/derby_buggy/1009/b/ClassBuilder.java -10.085216909044266 -6.736457626504471 -10.085216909044266 -10.085216909044266 0.0
/home/ashley/reuse/Git_Scripts/Repos/derby_buggy/1547/b/NetDatabaseMetaData.java -9.476446105921358 -6.328560894265821 -9.476446105921358 -9.476446105921358 0.0
/home/ashley/reuse/Git_Scripts/Repos/derby_buggy/1547/b/Typdef.java -5.98836887429084 -3.992534289923754 -5.98836887429084 -5.98836887429084 0.0
/home/ashley/reuse/Git_Scripts/Repos/derby_buggy/1547/b/Types.java -8.586876283132899 -5.724584188755266 -8.586876283132899 -8.586876283132899 0.0
/home/ashley/reuse/Git_Scripts/Repos/derby_buggy/1547/b/Cursor.java -7.152311452566784 -4.944241683864873 -7.152311452566784 -8.007617540217945 0.8553060876511607
/home/ashley/reuse/Git_Scripts/Repos/derby_buggy/1547/b/DssConstants.java -8.96602008613337 -5.977346724088913 -8.96602008613337 -8.96602008613337 0.0
/home/ashley/reuse/Git_Scripts/Repos/derby_buggy/1547/b/ColumnMetaData.java -7.211486860005783 -4.807657906670522 -7.211486860005783 -7.211486860005783 0.0
/home/ashley/reuse/Git_Scripts/Repos/derby_buggy/1547/b/PreparedStatement.java -6.799653718819363 -5.151759082920545 -6.799653718819363 -10.628767471997826 3.8291137531784623
/home/ashley/reuse/Git_Scripts/Repos/derby_buggy/1547/b/NetStatementReply.java -8.668585461696553 -5.7790569744643685 -8.668585461696553 -8.668585461696553 0.0
/home/ashley/reuse/Git_Scripts/Repos/derby_buggy/1547/b/Request.java -7.916207406186789 -5.027665448881741 -7.916207406186789 -6.888472649089496 -1.027734757097293
/home/ashley/reuse/Git_Scripts/Repos/derby_buggy/1547/b/NetConnection.java -7.468015178648226 -5.167325164797784 -7.468015178648226 -8.386541109711912 0.9185259310636855
/home/ashley/reuse/Git_Scripts/Repos/derby_buggy/1547/b/NetStatementRequest.java -7.146101670075131 -4.727282510396376 -7.146101670075131 -6.982001895494663 -0.16409977458046843
/home/ashley/reuse/Git_Scripts/Repos/derby_buggy/4444/b/StorageFactoryService.java -6.433893060644668 -4.266379196112133 -6.433893060644668 -6.330151014811934 -0.1037420458327345
/home/ashley/reuse/Git_Scripts/Repos/derby_buggy/816/b/ClientBaseDataSource.java -7.287496462318622 -4.86349574912594 -7.287496462318622 -7.30819222791981 0.020695765601188576
/home/ashley/reuse/Git_Scripts/Repos/derby_buggy/816/b/NetConnection.java -7.468015178648225 -4.88203885511338 -7.468015178648225 -7.049395607555305 -0.41861957109292014
/home/ashley/reuse/Git_Scripts/Repos/derby_buggy/1029/b/EmbedConnection.java -7.057411313800563 -4.914516881860604 -7.057411313800563 -8.091592357235871 1.034181043435308
/home/ashley/reuse/Git_Scripts/Repos/derby_buggy/3718/b/st_reclaim_longcol.java -6.138292463947612 -4.0932389032548615 -6.138292463947612 -6.138292463947612 0.0
/home/ashley/reuse/Git_Scripts/Repos/derby_buggy/2434/b/Visitable.java -10.208622356849203 -6.841949026398933 -10.208622356849203 -10.208622356849203 0.0
/home/ashley/reuse/Git_Scripts/Repos/derby_buggy/2434/b/CompilerContext.java -8.562684404257869 -5.828505349851065 -8.562684404257869 -9.114374137686564 0.5516897334286952
/home/ashley/reuse/Git_Scripts/Repos/derby_buggy/2550/b/TableDescriptor.java -7.917573049096681 -5.079386585414594 -7.917573049096681 -7.084878821253963 -0.8326942278427181
/home/ashley/reuse/Git_Scripts/Repos/derby_buggy/918/b/FileContainer.java -8.04688688664553 -5.366581583483856 -8.04688688664553 -8.054853115465374 0.007966228819844545
/home/ashley/reuse/Git_Scripts/Repos/derby_buggy/3423/b/NetConnectionReply.java -8.497844488183455 -5.610023756832344 -8.497844488183455 -8.25416705112983 -0.2436774370536252
/home/ashley/reuse/Git_Scripts/Repos/derby_buggy/3423/b/NetAgent.java -8.733965022425187 -5.648675298425534 -8.733965022425187 -7.995251158378945 -0.7387138640462414
/home/ashley/reuse/Git_Scripts/Repos/derby_buggy/3423/b/InternationalConnectTest.java -5.621110056389828 -3.829849651753603 -5.621110056389828 -6.002899140679628 0.3817890842898004
/home/ashley/reuse/Git_Scripts/Repos/derby_buggy/3423/b/NetConnectionRequest.java -7.947092716218423 -5.205913170748722 -7.947092716218423 -7.546363518744564 -0.4007291974738587
/home/ashley/reuse/Git_Scripts/Repos/derby_buggy/1934/b/EmbeddedConnectionPoolDataSource40.java -6.458521107400329 -4.169821880020601 -6.458521107400329 -5.843423859076489 -0.6150972483238402
/home/ashley/reuse/Git_Scripts/Repos/derby_buggy/4367/b/SqlXmlExecutor.java -9.911313401648378 -6.860321909681884 -9.911313401648378 -11.110953640464608 1.1996402388162295
/home/ashley/reuse/Git_Scripts/Repos/derby_buggy/4367/b/XML.java -7.102833733461597 -5.428359833277275 -7.102833733461597 -11.50369153239821 4.400857798936614
/home/ashley/reuse/Git_Scripts/Repos/derby_buggy/4367/b/XMLDataValue.java -10.436212404207089 -7.271131593095103 -10.436212404207089 -11.827707391434702 1.3914949872276132
/home/ashley/reuse/Git_Scripts/Repos/derby_buggy/4367/b/UnaryOperatorNode.java -7.915492869413168 -5.276995246275445 -7.915492869413168 -7.915492869413168 0.0
/home/ashley/reuse/Git_Scripts/Repos/derby_buggy/3979/b/PropertySetter.java -6.213406132196741 -2.831048357595637 -6.213406132196741 -2.5996084010291893 -3.6137977311675513
/home/ashley/reuse/Git_Scripts/Repos/derby_buggy/3296/b/RecoveryAfterBackup.java -5.180202156793652 -3.5248743999235 -5.180202156793652 -5.5045983779627266 0.3243962211690743
/home/ashley/reuse/Git_Scripts/Repos/derby_buggy/1551/b/FileUtil.java -5.880168319140738 -3.8045932109751095 -5.880168319140738 -5.389264974893054 -0.490903344247684
/home/ashley/reuse/Git_Scripts/Repos/derby_buggy/5186/b/largeCodeGen.java -6.073812376830327 -4.050837055826501 -6.073812376830327 -6.073812376830327 0.0
/home/ashley/reuse/Git_Scripts/Repos/derby_buggy/4914/b/EmbedResultSet40.java -7.139289990876872 -4.857661230905913 -7.139289990876872 -7.599889345126993 0.460599354250121
/home/ashley/reuse/Git_Scripts/Repos/derby_buggy/2964/b/SQLState.java -7.77127883607142 -5.198918835075676 -7.77127883607142 -7.853148062059206 0.08186922598778601
/home/ashley/reuse/Git_Scripts/Repos/derby_buggy/2964/b/MergeStatementTest.java -4.677133860461969 -4.455920419898734 -4.677133860461969 -47.06894099479833 42.39180713433636
/home/ashley/reuse/Git_Scripts/Repos/derby_buggy/2964/b/MergeNode.java -8.252929806247579 -7.350841989148595 -8.252929806247579 -33.56293531594562 25.310005509698044
/home/ashley/reuse/Git_Scripts/Repos/derby_buggy/1012/b/DDMReader.java -7.785092616093963 -5.170272052399273 -7.785092616093963 -7.696712986197537 -0.08837962989642634
/home/ashley/reuse/Git_Scripts/Repos/derby_buggy/2818/b/QueryTreeNode.java -7.9322631430462796 -5.6355404525359045 -7.9322631430462796 -9.731821348632899 1.799558205586619
/home/ashley/reuse/Git_Scripts/Repos/derby_buggy/3670/b/AccessDatabase.java -6.139779245736634 -4.0501816243836215 -6.139779245736634 -5.9472317934171235 -0.1925474523195101
/home/ashley/reuse/Git_Scripts/Repos/derby_buggy/5429/b/EmbeddedDataSource40.java -6.207984409725087 -4.700331053077566 -6.207984409725087 -9.677152168100871 3.469167758375784
/home/ashley/reuse/Git_Scripts/Repos/derby_buggy/4565/b/StaticMethodCallNode.java -7.8425126687602695 -5.419210078875318 -7.8425126687602695 -8.766885579880032 0.9243729111197627
/home/ashley/reuse/Git_Scripts/Repos/derby_buggy/2224/b/ConcurrentLockSet.java -7.371282070609231 -4.917790824233432 -7.371282070609231 -7.387518374729516 0.01623630412028465
/home/ashley/reuse/Git_Scripts/Repos/derby_buggy/3981/b/ClientDatabaseMetaData.java -5.94947433876643 -3.953088186654937 -5.94947433876643 -5.889762995407759 -0.05971134335867134
/home/ashley/reuse/Git_Scripts/Repos/derby_buggy/3981/b/LogicalConnection.java -5.698044582057947 -2.6048203803693473 -5.698044582057947 -2.398397459677525 -3.299647122380422
/home/ashley/reuse/Git_Scripts/Repos/derby_buggy/3981/b/ClientResultSet.java -6.547079206179588 -4.290308102689407 -6.547079206179588 -6.223268926959614 -0.3238102792199742
/home/ashley/reuse/Git_Scripts/Repos/derby_buggy/3981/b/NetConnection.java -7.468015178648226 -4.950480770174388 -7.468015178648226 -7.342554169037227 -0.1254610096109996
/home/ashley/reuse/Git_Scripts/Repos/derby_buggy/951/b/CheapDateFormatterTest.java -7.223671302539999 -4.815780868359999 -7.223671302539999 -7.223671302539999 0.0
/home/ashley/reuse/Git_Scripts/Repos/derby_buggy/951/b/_Suite.java -7.476958415926522 -3.3766908975152035 -7.476958415926522 -3.065865793978239 -4.411092621948283
/home/ashley/reuse/Git_Scripts/Repos/derby_buggy/3247/b/CloseFilterInputStream.java -6.278282311336283 -4.190753442816969 -6.278282311336283 -6.278282311336283 0.0
/home/ashley/reuse/Git_Scripts/Repos/derby_buggy/5035/b/DRDAConnThread.java -7.0125566651964295 -4.968630022768348 -7.0125566651964295 -8.523495623519 1.510938958322571
/home/ashley/reuse/Git_Scripts/Repos/derby_buggy/5035/b/DRDAStatement.java -7.5798285516706745 -5.134648225333616 -7.5798285516706745 -7.958462777154695 0.3786342254840207
/home/ashley/reuse/Git_Scripts/Repos/derby_buggy/2772/b/StatementColumnPermission.java -8.601561748893666 -3.434058621886555 -8.601561748893666 -2.8562646315373885 -5.745297117356277
/home/ashley/reuse/Git_Scripts/Repos/derby_buggy/2772/b/Authorizer.java -7.217147477509343 -3.6204832230409907 -7.217147477509343 -3.6204832230409907 -3.5966642544683523
/home/ashley/reuse/Git_Scripts/Repos/derby_buggy/2772/b/StatementTablePermission.java -8.39685393231855 -4.6545234889453795 -8.39685393231855 -5.221793539160598 -3.1750603931579517
/home/ashley/reuse/Git_Scripts/Repos/derby_buggy/2772/b/DataDictionaryImpl.java -7.924901508809808 -5.493947691623581 -7.924901508809808 -8.954882179840281 1.029980671030473
/home/ashley/reuse/Git_Scripts/Repos/derby_buggy/1136/b/ResultSet.java -6.60483525422231 -4.590243808482135 -6.60483525422231 -7.524553972430746 0.9197187182084354
/home/ashley/reuse/Git_Scripts/Repos/derby_buggy/983/b/SQLClob.java -6.844617656296005 -2.864304915229373 -6.844617656296005 -2.4616867839780423 -4.382930872317962
/home/ashley/reuse/Git_Scripts/Repos/derby_buggy/4259/b/Statement.java -6.857709299281698 -4.893282165505744 -6.857709299281698 -8.541092218039282 1.6833829187575837
/home/ashley/reuse/Git_Scripts/Repos/derby_buggy/4259/b/PreparedStatement.java -6.799653718819363 -5.185056013990958 -6.799653718819363 -10.91677927546339 4.1171255566440275
/home/ashley/reuse/Git_Scripts/Repos/derby_buggy/5415/b/DataDictionaryImpl.java -7.924901508809808 -5.98060410524776 -7.924901508809808 -12.18793578828878 4.263034279478972
/home/ashley/reuse/Git_Scripts/Repos/derby_buggy/2507/b/Cursor.java -7.152311452566784 -4.836141776081448 -7.152311452566784 -7.465948571181208 0.313637118614424
/home/ashley/reuse/Git_Scripts/Repos/derby_buggy/1555/b/ResultSet.java -6.60483525422231 -4.770266590042759 -6.60483525422231 -8.586984385248837 1.9821491310265262
/home/ashley/reuse/Git_Scripts/Repos/derby_buggy/1609/b/InListMultiProbeTest.java -6.313334686067562 -4.536536243258854 -6.313334686067562 -8.059628748293605 1.7462940622260428
/home/ashley/reuse/Git_Scripts/Repos/derby_buggy/1747/b/SQLSessionContext.java -8.692950989683604 -5.795300659789069 -8.692950989683604 -8.692950989683604 0.0
/home/ashley/reuse/Git_Scripts/Repos/derby_buggy/1747/b/LanguageConnectionContext.java -8.718776233668349 -5.540182753608373 -8.718776233668349 -7.59341342267729 -1.1253628109910592
/home/ashley/reuse/Git_Scripts/Repos/derby_buggy/1747/b/SQLSessionContextImpl.java -9.513004016283771 -6.354840739622762 -9.513004016283771 -9.513004016283771 0.0
/home/ashley/reuse/Git_Scripts/Repos/derby_buggy/1747/b/GenericLanguageConnectionContext.java -7.68276093950843 -5.072024971370698 -7.68276093950843 -7.462096868717714 -0.2206640707907166
/home/ashley/reuse/Git_Scripts/Repos/derby_buggy/706/b/TableDescriptor.java -7.917573049096682 -5.0793865854145945 -7.917573049096682 -7.084878821253964 -0.8326942278427181
/home/ashley/reuse/Git_Scripts/Repos/derby_buggy/3752/b/LangProcedureTest.java -5.501919729610213 -3.6679464864068083 -5.501919729610213 -5.501919729610213 0.0
/home/ashley/reuse/Git_Scripts/Repos/derby_buggy/2944/b/TablePermsDescriptor.java -8.242604994988811 -5.498040304765509 -8.242604994988811 -8.242604994988811 0.0
/home/ashley/reuse/Git_Scripts/Repos/derby_buggy/2944/b/RoutinePermsDescriptor.java -8.629221549893382 -4.690157167350174 -8.629221549893382 -5.137311982033983 -3.4919095678593983
/home/ashley/reuse/Git_Scripts/Repos/derby_buggy/2944/b/DataDictionary.java -10.284326132780143 -7.390428485443968 -10.284326132780143 -13.132043020812619 2.847716888032476
/home/ashley/reuse/Git_Scripts/Repos/derby_buggy/2944/b/DataDictionaryImpl.java -7.924901508809808 -5.827108708182318 -7.924901508809808 -11.006631012285798 3.08172950347599
/home/ashley/reuse/Git_Scripts/Repos/derby_buggy/2944/b/ColPermsDescriptor.java -8.06177034709794 -5.377864258974312 -8.06177034709794 -8.06177034709794 0.0
/home/ashley/reuse/Git_Scripts/Repos/derby_buggy/4357/b/ErrorCodeTest.java -4.6818396618778415 -3.212758008444032 -4.6818396618778415 -5.119394770464556 0.4375551085867144
/home/ashley/reuse/Git_Scripts/Repos/derby_buggy/1674/b/XATest.java -5.581043448642263 -3.6025411727912484 -5.581043448642263 -5.079974373780788 -0.5010690748614754
/home/ashley/reuse/Git_Scripts/Repos/derby_buggy/2590/b/ClobTest.java -5.671995764999543 -3.7813305099996954 -5.671995764999543 -5.671995764999543 0.0
/home/ashley/reuse/Git_Scripts/Repos/derby_buggy/1265/b/LimitReader.java -6.637214706440355 -4.463623925383865 -6.637214706440355 -6.814997243220008 0.1777825367796524
/home/ashley/reuse/Git_Scripts/Repos/derby_buggy/3707/b/SQLState.java -7.77127883607142 -5.383769282545034 -7.77127883607142 -8.76201149057962 0.9907326545082009
/home/ashley/reuse/Git_Scripts/Repos/derby_buggy/3707/b/SecurityPolicyReloadingTest.java -6.564551802376156 -4.3988767404607305 -6.564551802376156 -6.6668944808096375 0.1023426784334811
/home/ashley/reuse/Git_Scripts/Repos/derby_buggy/4597/b/ClientJDBCObjectFactoryImpl.java -9.594719022297982 -6.761260075515779 -9.594719022297982 -11.447561422219826 1.852842399921844
/home/ashley/reuse/Git_Scripts/Repos/derby_buggy/4597/b/ClientJDBCObjectFactoryImpl40.java -9.711832013490044 -6.537816833879079 -9.711832013490044 -10.00218575409954 0.29035374060949515
/home/ashley/reuse/Git_Scripts/Repos/derby_buggy/4597/b/ClientJDBCObjectFactory.java -11.006049909987205 -7.755256360414825 -11.006049909987205 -13.09892293537627 2.092873025389066
/home/ashley/reuse/Git_Scripts/Repos/derby_buggy/2402/b/ServerPropertiesTest.java -6.209787957520606 -3.9605021299579457 -6.209787957520606 -5.4670416118252145 -0.7427463456953918
/home/ashley/reuse/Git_Scripts/Repos/derby_buggy/4368/b/Changes10_11.java -6.080608462047464 -3.1549846085560604 -6.080608462047464 -3.275802121851506 -2.804806340195958
/home/ashley/reuse/Git_Scripts/Repos/derby_buggy/4902/b/EmbedPooledConnection.java -7.004460271500768 -4.790537014165574 -7.004460271500768 -7.578204457562265 0.5737441860614965
/home/ashley/reuse/Git_Scripts/Repos/derby_buggy/729/b/WindowNode.java -9.286281034776254 -6.194075071063037 -9.286281034776254 -9.286281034776254 0.0
/home/ashley/reuse/Git_Scripts/Repos/derby_buggy/729/b/WindowFunctionColumnNode.java -9.570615662278563 -6.389473524532563 -9.570615662278563 -9.570615662278563 0.0
/home/ashley/reuse/Git_Scripts/Repos/derby_buggy/729/b/RowNumberColumnNode.java -7.039524311112012 -4.693016207408008 -7.039524311112012 -7.039524311112012 0.0
/home/ashley/reuse/Git_Scripts/Repos/derby_buggy/729/b/SelectNode.java -7.57983117322367 -5.201105577477673 -7.57983117322367 -8.285288399259661 0.7054572260359917
/home/ashley/reuse/Git_Scripts/Repos/derby_buggy/3060/b/DatabaseClassLoadingTest.java -6.008731906921257 -4.964984053766808 -6.008731906921257 -14.275040062949243 8.266308156027986
/home/ashley/reuse/Git_Scripts/Repos/derby_buggy/5205/b/SQLState.java -7.77127883607142 -5.427794728677641 -7.77127883607142 -8.997943090604513 1.2266642545330937
/home/ashley/reuse/Git_Scripts/Repos/derby_buggy/3033/b/AlterTableTest.java -5.4682547093838325 -3.097983551526012 -5.4682547093838325 -3.5735496103610638 -1.8947050990227687
/home/ashley/reuse/Git_Scripts/Repos/derby_buggy/5094/b/DatabaseClassLoadingTest.java -6.008731906921258 -3.0291954241503865 -6.008731906921258 -3.05443871935164 -2.9542931875696183
/home/ashley/reuse/Git_Scripts/Repos/derby_buggy/2579/b/ReplicationRun.java -6.240581327516788 -4.29134088978544 -6.240581327516788 -6.868884040733063 0.6283027132162751
/home/ashley/reuse/Git_Scripts/Repos/derby_buggy/4340/b/EmbedDatabaseMetaData40.java -5.783949364195576 -3.8559662427970505 -5.783949364195576 -5.783949364195576 0.0
/home/ashley/reuse/Git_Scripts/Repos/derby_buggy/2012/b/PrivilegedFileOps.java -3.6943630842814077 -2.6607416437333606 -3.6943630842814077 -4.739713410380327 1.0453503260989194
/home/ashley/reuse/Git_Scripts/Repos/derby_buggy/4909/b/GroupByNode.java -8.480003822280214 -5.369749347333259 -8.480003822280214 -7.320220155112762 -1.159783667167452
/home/ashley/reuse/Git_Scripts/Repos/derby_buggy/2589/b/UpdateCursorTest.java -6.209275842769375 -4.1407419377521215 -6.209275842769375 -6.209275842769375 0.0
/home/ashley/reuse/Git_Scripts/Repos/derby_buggy/4236/b/ClientDataSource.java -7.928527019596318 -5.31441122690333 -7.928527019596318 -8.05037046446388 0.1218434448675616
/home/ashley/reuse/Git_Scripts/Repos/derby_buggy/4236/b/ClientConnectionPoolDataSource.java -7.238607656400941 -4.871330443188424 -7.238607656400941 -7.431209190495866 0.19260153409492542
/home/ashley/reuse/Git_Scripts/Repos/derby_buggy/4236/b/ClientXADataSource.java -8.461082445602312 -5.701467863344327 -8.461082445602312 -8.740457809372199 0.27937536376988703
/home/ashley/reuse/Git_Scripts/Repos/derby_buggy/3305/b/SqlXmlUtil.java -7.194339143982386 -4.3608763426600925 -7.194339143982386 -5.536268794392696 -1.65807034958969
/home/ashley/reuse/Git_Scripts/Repos/derby_buggy/3416/b/Connection.java -6.702978773460702 -4.697209742931253 -6.702978773460702 -7.847682135335393 1.1447033618746918
/home/ashley/reuse/Git_Scripts/Repos/derby_buggy/3416/b/NetConnection.java -7.468015178648226 -5.168326875598366 -7.468015178648226 -8.390500137773145 0.9224849591249189
/home/ashley/reuse/Git_Scripts/Repos/derby_buggy/1344/b/SpaceTable.java -8.474856474733693 -5.6499043164891285 -8.474856474733693 -8.474856474733693 0.0
/home/ashley/reuse/Git_Scripts/Repos/derby_buggy/3410/b/GenericPreparedStatement.java -8.883592780469593 -5.597591462337678 -8.883592780469593 -7.564021571821077 -1.319571208648516
/home/ashley/reuse/Git_Scripts/Repos/derby_buggy/2456/b/IntersectOrExceptNode.java -8.599375966857233 -5.471579909814151 -8.599375966857233 -7.516659546508037 -1.082716420349196
/home/ashley/reuse/Git_Scripts/Repos/derby_buggy/2456/b/OrderByColumn.java -7.867903710309574 -4.720742226185744 -7.867903710309574 -5.896306852596916 -1.9715968577126581
/home/ashley/reuse/Git_Scripts/Repos/derby_buggy/1949/b/LanguageConnectionContext.java -8.718776233668349 -5.763187200043627 -8.718776233668349 -8.494418875260871 -0.2243573584074774
/home/ashley/reuse/Git_Scripts/Repos/derby_buggy/1949/b/EmbedResultSet.java -6.658369069487515 -4.454368884406114 -6.658369069487515 -6.72840959923102 0.07004052974350561
/home/ashley/reuse/Git_Scripts/Repos/derby_buggy/1949/b/GenericPreparedStatement.java -8.883592780469591 -5.894263809841574 -8.883592780469591 -8.7549406755909 -0.12865210487869128
/home/ashley/reuse/Git_Scripts/Repos/derby_buggy/1949/b/BaseActivation.java -8.016718580221152 -5.4754222462697415 -8.016718580221152 -8.636324436036068 0.6196058558149158
/home/ashley/reuse/Git_Scripts/Repos/derby_buggy/1949/b/SQLSessionContextTest.java -5.734386324672017 -3.8361067137461076 -5.734386324672017 -5.794119515554017 0.059733190881999576
/home/ashley/reuse/Git_Scripts/Repos/derby_buggy/1949/b/Activation.java -9.201638411312587 -6.110146878224277 -9.201638411312587 -9.081355556262748 -0.12028285504983849
/home/ashley/reuse/Git_Scripts/Repos/derby_buggy/4163/b/StringColumnVTI.java -5.596585459486356 -3.7449270732622457 -5.596585459486356 -5.659468442177214 0.06288298269085857
/home/ashley/reuse/Git_Scripts/Repos/derby_buggy/3572/b/LOBStreamControl.java -6.413799002964029 -4.130553995525088 -6.413799002964029 -5.798452973159362 -0.6153460298046669
/home/ashley/reuse/Git_Scripts/Repos/derby_buggy/1508/b/FileUtil.java -5.880168319140738 -3.9201122127604924 -5.880168319140738 -5.880168319140738 0.0
/home/ashley/reuse/Git_Scripts/Repos/derby_buggy/4054/b/DDUtils.java -7.710542610764414 -5.133692874733131 -7.710542610764414 -7.677629933729719 -0.03291267703469547
/home/ashley/reuse/Git_Scripts/Repos/derby_buggy/4212/b/DatabaseMetaDataTest.java -5.008282905514318 -4.061720460024847 -5.008282905514318 -10.745326546523364 5.737043641009046
/home/ashley/reuse/Git_Scripts/Repos/derby_buggy/1600/b/LogWriter.java -6.270714368401176 -4.229541939349435 -6.270714368401176 -6.496817474444138 0.22610310604296213
/home/ashley/reuse/Git_Scripts/Repos/derby_buggy/4207/b/IndexStatisticsDaemonImpl.java -7.478520129806895 -5.039848064855725 -7.478520129806895 -7.727690357773989 0.24917022796709443
/home/ashley/reuse/Git_Scripts/Repos/derby_buggy/1715/b/PreparedStatement.java -6.799653718819363 -4.994191612458243 -6.799653718819363 -9.404454807027637 2.6048010882082737
/home/ashley/reuse/Git_Scripts/Repos/derby_buggy/3270/b/BasicDependencyManager.java -7.8403193582265365 -5.61077012551376 -7.8403193582265365 -9.86259863939644 2.0222792811699035
/home/ashley/reuse/Git_Scripts/Repos/derby_buggy/2935/b/SystemProcedures.java -6.560371775307604 -5.1763861574203345 -6.560371775307604 -12.264682399524515 5.7043106242169115
/home/ashley/reuse/Git_Scripts/Repos/derby_buggy/1789/b/SubqueryTest.java -5.244036161957857 -3.4950431258438472 -5.244036161957857 -5.239183432271516 -0.004852729686341206
/home/ashley/reuse/Git_Scripts/Repos/derby_buggy/4797/b/holdCursorJava.java -4.687838483827261 -2.3949056766351826 -4.687838483827261 -2.446605227749847 -2.241233256077414
/home/ashley/reuse/Git_Scripts/Repos/derby_buggy/2751/b/CompatibilityCombinations.java -6.9831806354540635 -4.711806695415258 -6.9831806354540635 -7.24306039913104 0.2598797636769765
/home/ashley/reuse/Git_Scripts/Repos/derby_buggy/1017/b/GroupByTest.java -5.939333072805585 -0.6255064921209493 -5.939333072805585 -0.34956837031647225 -5.589764702489113
/home/ashley/reuse/Git_Scripts/Repos/derby_buggy/1017/b/ResultColumnList.java -7.736264292453107 -5.338137656342457 -7.736264292453107 -8.609599722732522 0.8733354302794147
/home/ashley/reuse/Git_Scripts/Repos/derby_buggy/5090/b/NetConnection40.java -6.984594960608552 -4.552548945547732 -6.984594960608552 -6.537234539577839 -0.44736042103071316
/home/ashley/reuse/Git_Scripts/Repos/derby_buggy/5090/b/LogicalConnection40.java -6.252990346282039 -4.168660230854693 -6.252990346282039 -6.252990346282039 0.0
/home/ashley/reuse/Git_Scripts/Repos/derby_buggy/5090/b/ConnectionTest.java -6.5895825595305615 -4.3944675975776155 -6.5895825595305615 -6.5895825595305615 0.0
/home/ashley/reuse/Git_Scripts/Repos/derby_buggy/5090/b/BrokeredConnection40.java -6.766104926836391 -3.832763364899768 -6.766104926836391 -4.4126771261976465 -2.3534278006387446
/home/ashley/reuse/Git_Scripts/Repos/derby_buggy/5090/b/EmbedConnection40.java -6.208544031851276 -3.670026820729835 -6.208544031851276 -4.487959154807221 -1.7205848770440548
/home/ashley/reuse/Git_Scripts/Repos/derby_buggy/1106/b/UpgradeClassLoader.java -5.560546281289513 -3.723043946435743 -5.560546281289513 -5.627103418497549 0.06655713720803558
/home/ashley/reuse/Git_Scripts/Repos/derby_buggy/1106/b/PhaseChanger.java -5.851758360645747 -2.6864359739491452 -5.851758360645747 -2.4809298118866763 -3.370828548759071
/home/ashley/reuse/Git_Scripts/Repos/derby_buggy/3044/b/IndexStatisticsDaemonImpl.java -7.478520129806894 -4.9908237505918365 -7.478520129806894 -7.50171447668711 0.023194346880216266
/home/ashley/reuse/Git_Scripts/Repos/derby_buggy/4379/b/Sqlca.java -6.785997578526136 -4.524822129017245 -6.785997578526136 -6.785997578526136 0.0
/home/ashley/reuse/Git_Scripts/Repos/derby_buggy/4379/b/SqlException.java -8.338537519668733 -5.7757186418095285 -8.338537519668733 -9.396108131919403 1.0575706122506698
/home/ashley/reuse/Git_Scripts/Repos/derby_buggy/4629/b/BrokeredCallableStatement40.java -6.88223159622019 -4.589773365157431 -6.88223159622019 -6.88223159622019 0.0
/home/ashley/reuse/Git_Scripts/Repos/derby_buggy/2165/b/DeclareGlobalTempTableJavaTest.java -5.186448704017732 -3.511439876570932 -5.186448704017732 -5.4352644249522655 0.24881572093453386
/home/ashley/reuse/Git_Scripts/Repos/derby_buggy/5008/b/XML.java -5.871841386503481 -3.775532355373764 -5.871841386503481 -5.283134730639692 -0.5887066558637883
/home/ashley/reuse/Git_Scripts/Repos/derby_buggy/2891/b/DssTrace.java -4.0912793680410156 -2.694805109758808 -4.0912793680410156 -3.9475129888930884 -0.14376637914792711
/home/ashley/reuse/Git_Scripts/Repos/derby_buggy/3014/b/TableFunctionTest.java -4.848673193387457 -2.7044757300825624 -4.848673193387457 -3.057815149731307 -1.7908580436561499
/home/ashley/reuse/Git_Scripts/Repos/derby_buggy/1628/b/OnlineCompress.java -8.473208307820324 -5.733814617500327 -8.473208307820324 -8.867620200809867 0.3944118929895435
/home/ashley/reuse/Git_Scripts/Repos/derby_buggy/1791/b/CreateXMLFile.java -6.900946059792155 -4.654394337489199 -6.900946059792155 -7.1486723286052065 0.24772626881305193
/home/ashley/reuse/Git_Scripts/Repos/derby_buggy/1791/b/XplainStatisticsTest.java -5.353771358916348 -3.0805233906068166 -5.353771358916348 -3.6271057458293963 -1.726665613086952
/home/ashley/reuse/Git_Scripts/Repos/derby_buggy/1640/b/InbetweenTest.java -5.196765187314818 -3.4645101248765453 -5.196765187314818 -5.196765187314818 0.0
/home/ashley/reuse/Git_Scripts/Repos/derby_buggy/2174/b/ibm16.java -6.744481932993651 -4.4963212886624335 -6.744481932993651 -6.744481932993651 0.0
/home/ashley/reuse/Git_Scripts/Repos/derby_buggy/1993/b/FormatableBitSet.java -7.4647944878744275 -4.976529658582951 -7.4647944878744275 -7.4647944878744275 0.0
/home/ashley/reuse/Git_Scripts/Repos/derby_buggy/2498/b/ProjectRestrictNode.java -8.255944219922897 -5.562487937714277 -8.255944219922897 -8.522972104419559 0.26702788449666137
/home/ashley/reuse/Git_Scripts/Repos/derby_buggy/2498/b/SelectNode.java -7.57983117322367 -5.452129756574842 -7.57983117322367 -9.70955255799428 2.129721384770611
/home/ashley/reuse/Git_Scripts/Repos/derby_buggy/2823/b/BaseTestCase.java -5.793835269322282 -3.9040618223998367 -5.793835269322282 -5.982656658888532 0.1888213895662494
/home/ashley/reuse/Git_Scripts/Repos/derby_buggy/2467/b/AlterTableTest.java -5.4682547093838325 -3.734989351573507 -5.4682547093838325 -5.891164048209405 0.4229093388255727
/home/ashley/reuse/Git_Scripts/Repos/derby_buggy/2364/b/SQLState.java -7.77127883607142 -5.4892855492132435 -7.77127883607142 -9.345019005381928 1.5737401693105086
/home/ashley/reuse/Git_Scripts/Repos/derby_buggy/2364/b/splitmessages.java -6.546994528130586 -4.509155287639406 -6.546994528130586 -7.234468923025861 0.6874743948952746
/home/ashley/reuse/Git_Scripts/Repos/derby_buggy/3541/b/JVMInfo.java -7.351597547192672 -4.901065031461782 -7.351597547192672 -7.351597547192672 0.0
/home/ashley/reuse/Git_Scripts/Repos/derby_buggy/2246/b/StalePlansTest.java -5.6522503472164445 -3.769190856540531 -5.6522503472164445 -5.6522503472164445 0.0
/home/ashley/reuse/Git_Scripts/Repos/derby_buggy/3102/b/ClientCompatibilityRunControl.java -8.652742836428214 -5.816726789705923 -8.652742836428214 -8.850897252529624 0.19815441610140994
/home/ashley/reuse/Git_Scripts/Repos/derby_buggy/3102/b/VersionCombinationConfigurator.java -7.403364778715364 -4.949813759102644 -7.403364778715364 -7.460588854299638 0.05722407558427367
/home/ashley/reuse/Git_Scripts/Repos/derby_buggy/980/b/Changes10_10.java -6.24555692639469 -4.516800328043922 -6.24555692639469 -8.139075407746626 1.8935184813519355
/home/ashley/reuse/Git_Scripts/Repos/derby_buggy/2795/b/FileContainer.java -8.04688688664553 -5.280381927969148 -8.04688688664553 -7.67857355504019 -0.3683133316053393
/home/ashley/reuse/Git_Scripts/Repos/derby_buggy/2795/b/RAFContainer.java -6.792900871634032 -4.538832394422137 -6.792900871634032 -6.839153033719602 0.046252162085569815
/home/ashley/reuse/Git_Scripts/Repos/derby_buggy/2795/b/InterruptStatus.java -7.099280903915857 -4.732853935943904 -7.099280903915857 -7.099280903915857 0.0
/home/ashley/reuse/Git_Scripts/Repos/derby_buggy/2795/b/RAFContainer4.java -7.364026735034701 -3.2026980178997073 -7.364026735034701 -2.832741499196526 -4.531285235838174
/home/ashley/reuse/Git_Scripts/Repos/derby_buggy/1064/b/UpdateNode.java -7.97231482701786 -5.447163659316195 -7.97231482701786 -8.596733257780697 0.6244184307628364
