before_file_path change CE-Avg CE-Left CE-Right CE-Diff
/home/ashley/reuse/Git_Scripts/Repos/atmosphere_buggy/1/b/AtmosphereServlet.java -8.174467832884092 -0.9866182344902759 -8.174467832884092 -0.5610216874167666 -7.613446145467326
/home/ashley/reuse/Git_Scripts/Repos/atmosphere_buggy/2/b/DefaultWebSocketProcessor.java -7.06930228481211 -5.36413001190345 -7.06930228481211 -11.119303647980892 4.050001363168782
/home/ashley/reuse/Git_Scripts/Repos/atmosphere_buggy/3/b/BroadcasterConfig.java -7.350642563048102 -5.6744162391905 -7.350642563048102 -12.431840549694023 5.081197986645921
/home/ashley/reuse/Git_Scripts/Repos/atmosphere_buggy/3/b/AtmosphereServlet.java -8.17446783288409 -0.9875543049214809 -8.17446783288409 -0.5616271065039069 -7.612840726380184
/home/ashley/reuse/Git_Scripts/Repos/atmosphere_buggy/7/b/AbstractBroadcasterCache.java -7.053463809210314 -4.4189697447965655 -7.053463809210314 -5.915565267339846 -1.1378985418704675
/home/ashley/reuse/Git_Scripts/Repos/atmosphere_buggy/7/b/SessionBroadcasterCache.java -8.683145729283515 -4.423050103388385 -8.683145729283515 -4.507643957824775 -4.17550177145874
/home/ashley/reuse/Git_Scripts/Repos/atmosphere_buggy/7/b/DefaultBroadcaster.java -6.962215255551949 -4.720238679617922 -6.962215255551949 -7.328281814745695 0.3660665591937464
/home/ashley/reuse/Git_Scripts/Repos/atmosphere_buggy/7/b/BroadcasterCache.java -7.811035011376946 -4.169403823640397 -7.811035011376946 -4.471534535498397 -3.339500475878549
/home/ashley/reuse/Git_Scripts/Repos/atmosphere_buggy/7/b/DefaultBroadcasterCache.java -7.938695246453908 -5.241962891742466 -7.938695246453908 -7.715698188969248 -0.22299705748466003
/home/ashley/reuse/Git_Scripts/Repos/atmosphere_buggy/7/b/UUIDBroadcasterCache.java -6.660201078252439 -4.467025846562313 -6.660201078252439 -6.782697964569071 0.12249688631663158
/home/ashley/reuse/Git_Scripts/Repos/atmosphere_buggy/7/b/HeaderBroadcasterCache.java -9.23668133637486 -5.536834190431988 -9.23668133637486 -6.887281553951986 -2.349399782422873
/home/ashley/reuse/Git_Scripts/Repos/atmosphere_buggy/8/b/DefaultWebSocketProcessor.java -7.0693022848121085 -4.694534377694448 -7.0693022848121085 -6.987437067617417 -0.0818652171946912
/home/ashley/reuse/Git_Scripts/Repos/atmosphere_buggy/8/b/WebSocketHandlerTest.java -7.203243183679745 -4.81030138028783 -7.203243183679745 -7.239994424412805 0.03675124073305991
/home/ashley/reuse/Git_Scripts/Repos/atmosphere_buggy/8/b/WebSocket.java -7.21649890022581 -4.581091330235165 -7.21649890022581 -6.272168472710547 -0.9443304275152631
/home/ashley/reuse/Git_Scripts/Repos/atmosphere_buggy/9/b/DefaultBroadcaster.java -6.962215255551949 -4.691411771050451 -6.962215255551949 -7.191080936098013 0.22886568054606382
/home/ashley/reuse/Git_Scripts/Repos/atmosphere_buggy/10/b/DefaultWebSocketProcessor.java -7.06930228481211 -4.7538211633703495 -7.06930228481211 -7.256850099230543 0.1875478144184326
/home/ashley/reuse/Git_Scripts/Repos/atmosphere_buggy/11/b/HeartbeatInterceptor.java -7.384758006468471 -5.782773465382718 -7.384758006468471 -13.308300577867076 5.923542571398605
/home/ashley/reuse/Git_Scripts/Repos/atmosphere_buggy/12/b/ChatAtmosphereHandler.java -7.13784731482681 -4.755058196465318 -7.13784731482681 -7.114238117534108 -0.023609197292701722
/home/ashley/reuse/Git_Scripts/Repos/atmosphere_buggy/14/b/DefaultAnnotationProcessor.java -6.9768244230312835 -5.3701567351853186 -6.9768244230312835 -11.659735534912587 4.682911111881303
/home/ashley/reuse/Git_Scripts/Repos/atmosphere_buggy/14/b/MeteorService.java -5.402945347464769 -3.197661532173026 -5.402945347464769 -3.8847623572680567 -1.518182990196712
/home/ashley/reuse/Git_Scripts/Repos/atmosphere_buggy/15/b/ApplicationConfig.java -7.776680043459688 -4.9559859260014285 -7.776680043459688 -6.821224797062619 -0.9554552463970687
/home/ashley/reuse/Git_Scripts/Repos/atmosphere_buggy/16/b/BroadcasterCacheInspectorServiceProcessor.java -8.327967888490898 -5.563791312736472 -8.327967888490898 -8.327967888490898 0.0
/home/ashley/reuse/Git_Scripts/Repos/atmosphere_buggy/17/b/JSR356WebSocket.java -7.291667144761962 -4.861111429841308 -7.291667144761962 -7.291667144761962 0.0
/home/ashley/reuse/Git_Scripts/Repos/atmosphere_buggy/18/b/JSR356Endpoint.java -7.117316998675172 -4.913699058934555 -7.117316998675172 -7.929178253276903 0.8118612546017312
/home/ashley/reuse/Git_Scripts/Repos/atmosphere_buggy/18/b/JSR356AsyncSupport.java -8.364160659705163 -0.9864366379996261 -8.364160659705163 -0.5591639438243006 -7.804996715880863
/home/ashley/reuse/Git_Scripts/Repos/atmosphere_buggy/19/b/WebSocketProcessor.java -7.222175254004401 -5.68719167704769 -7.222175254004401 -13.379262036206132 6.1570867822017314
/home/ashley/reuse/Git_Scripts/Repos/atmosphere_buggy/19/b/GlassFishWebSocketSupport.java -8.313805634056335 -5.711638185062392 -8.313805634056335 -9.113759440769659 0.7999538067133241
/home/ashley/reuse/Git_Scripts/Repos/atmosphere_buggy/20/b/DefaultBroadcaster.java -6.962215255551949 -4.867702664303893 -6.962215255551949 -8.090186206212643 1.1279709506606936
/home/ashley/reuse/Git_Scripts/Repos/atmosphere_buggy/21/b/ManagedServiceProcessor.java -7.708907166745274 -5.652560962216448 -7.708907166745274 -10.570682449063707 2.8617752823184324
/home/ashley/reuse/Git_Scripts/Repos/atmosphere_buggy/21/b/ManagedServiceInterceptor.java -7.639874565367839 -5.07189843478307 -7.639874565367839 -7.536048410459102 -0.10382615490873626
/home/ashley/reuse/Git_Scripts/Repos/atmosphere_buggy/22/b/AnnotationUtil.java -8.114517884232747 -3.5722355771195393 -8.114517884232747 -3.1853944993942425 -4.929123384838505
/home/ashley/reuse/Git_Scripts/Repos/atmosphere_buggy/22/b/WebSocketHandlerServiceProcessor.java -8.520825814248937 -5.321929927754807 -8.520825814248937 -7.0720948033251805 -1.4487310109237566
/home/ashley/reuse/Git_Scripts/Repos/atmosphere_buggy/24/b/AtmosphereFilter.java -7.487088386184994 -4.798827182520432 -7.487088386184994 -6.681634138900044 -0.80545424728495
/home/ashley/reuse/Git_Scripts/Repos/atmosphere_buggy/25/b/JSR356Endpoint.java -7.117316998675172 -4.941644266852666 -7.117316998675172 -8.076583580990803 0.9592665823156317
/home/ashley/reuse/Git_Scripts/Repos/atmosphere_buggy/26/b/AtmosphereFramework.java -7.030345792676553 -6.037634048331819 -7.030345792676553 -21.379144233570216 14.348798440893663
/home/ashley/reuse/Git_Scripts/Repos/atmosphere_buggy/26/b/AtmosphereConfig.java -7.270822753417717 -5.014664420235977 -7.270822753417717 -8.064518804473064 0.7936960510553464
/home/ashley/reuse/Git_Scripts/Repos/atmosphere_buggy/27/b/GlassFishWebSocketSupport.java -8.313805634056335 -5.610939345410375 -8.313805634056335 -8.629405631010751 0.31559999695441654
/home/ashley/reuse/Git_Scripts/Repos/atmosphere_buggy/27/b/ApplicationConfig.java -7.776680043459688 -5.166133739118097 -7.776680043459688 -7.681344211053002 -0.0953358324066862
/home/ashley/reuse/Git_Scripts/Repos/atmosphere_buggy/28/b/DefaultBroadcaster.java -6.962215255551949 -5.046555691691425 -6.962215255551949 -9.169251986111373 2.207036730559424
/home/ashley/reuse/Git_Scripts/Repos/atmosphere_buggy/29/b/AsynchronousProcessor.java -7.052549660260411 -4.914846519930694 -7.052549660260411 -8.107346268159343 1.0547966078989326
/home/ashley/reuse/Git_Scripts/Repos/atmosphere_buggy/30/b/DefaultBroadcaster.java -6.962215255551949 -5.30340054266135 -6.962215255551949 -11.129457641498053 4.167242385946104
/home/ashley/reuse/Git_Scripts/Repos/atmosphere_buggy/31/b/DefaultAtmosphereResourceFactory.java -7.423607965237919 -4.949071976825279 -7.423607965237919 -7.423607965237919 0.0
/home/ashley/reuse/Git_Scripts/Repos/atmosphere_buggy/33/b/Jetty9WebSocketHandler.java -9.380058903142833 -6.231134434946947 -9.380058903142833 -9.280693872389202 -0.09936503075363134
/home/ashley/reuse/Git_Scripts/Repos/atmosphere_buggy/35/b/DefaultBroadcaster.java -6.962215255551949 -4.639684005894546 -6.962215255551949 -6.9534218040135185 -0.008793451538430475
/home/ashley/reuse/Git_Scripts/Repos/atmosphere_buggy/36/b/BuilderResponseTest.java -9.14544437487776 -5.364535553229162 -9.14544437487776 -6.4879984963138035 -2.6574458785639568
/home/ashley/reuse/Git_Scripts/Repos/atmosphere_buggy/36/b/MeteorTest.java -8.261708517070263 -5.386705716070242 -8.261708517070263 -7.733680381139038 -0.5280281359312244
/home/ashley/reuse/Git_Scripts/Repos/atmosphere_buggy/36/b/BroadcasterScopeTest.java -8.232548616577132 -5.393889109484064 -8.232548616577132 -7.821553485949242 -0.4109951306278896
/home/ashley/reuse/Git_Scripts/Repos/atmosphere_buggy/36/b/GrizzlyCometSupportTest.java -9.298493457611318 -7.38143392982457 -9.298493457611318 -17.831228630478176 8.532735172866857
/home/ashley/reuse/Git_Scripts/Repos/atmosphere_buggy/36/b/AtmosphereServlet.java -8.17446783288409 -0.9788861166651167 -8.17446783288409 -0.5559278462100271 -7.6185399866740635
/home/ashley/reuse/Git_Scripts/Repos/atmosphere_buggy/36/b/TomcatJerseyTest.java -7.593206066306724 -5.084736205116109 -7.593206066306724 -7.695816959094652 0.10261089278792834
/home/ashley/reuse/Git_Scripts/Repos/atmosphere_buggy/36/b/BlockingIOCometSupport.java -7.865548927908339 -4.766067567731793 -7.865548927908339 -6.041427570990052 -1.8241213569182868
/home/ashley/reuse/Git_Scripts/Repos/atmosphere_buggy/36/b/TomcatCometSupportTest.java -8.454711563190843 -6.20833640570628 -8.454711563190843 -11.683198468122367 3.2284869049315237
/home/ashley/reuse/Git_Scripts/Repos/atmosphere_buggy/37/b/DefaultAnnotationProcessor.java -6.9768244230312835 -5.021470842988767 -6.9768244230312835 -8.95846172643153 1.9816373034002464
/home/ashley/reuse/Git_Scripts/Repos/atmosphere_buggy/37/b/AtmosphereFramework.java -7.030345792676553 -5.273838688067631 -7.030345792676553 -10.553161091568548 3.5228152988919943
/home/ashley/reuse/Git_Scripts/Repos/atmosphere_buggy/38/b/DefaultWebSocketProcessor.java -7.06930228481211 -5.098823221206597 -7.06930228481211 -9.146284097425209 2.0769818126130986
/home/ashley/reuse/Git_Scripts/Repos/atmosphere_buggy/39/b/HeaderBroadcasterCache.java -9.236681336374858 -6.157787557583239 -9.236681336374858 -9.236681336374858 0.0
/home/ashley/reuse/Git_Scripts/Repos/atmosphere_buggy/41/b/ClassFileIterator.java -6.088439689462416 -4.058959792974944 -6.088439689462416 -6.088439689462416 0.0
/home/ashley/reuse/Git_Scripts/Repos/atmosphere_buggy/42/b/WebSocketProcessor.java -7.222175254004401 -5.68719167704769 -7.222175254004401 -13.379262036206132 6.1570867822017314
/home/ashley/reuse/Git_Scripts/Repos/atmosphere_buggy/42/b/GlassFishWebSocketSupport.java -8.313805634056335 -5.711638185062392 -8.313805634056335 -9.113759440769659 0.7999538067133241
/home/ashley/reuse/Git_Scripts/Repos/atmosphere_buggy/46/b/AtmosphereAdapter.java -7.26864419730706 -4.828530355821332 -7.26864419730706 -7.176441522499782 -0.09220267480727795
/home/ashley/reuse/Git_Scripts/Repos/atmosphere_buggy/47/b/AtmosphereResponse.java -6.6681654543599 -4.91322415642199 -6.6681654543599 -9.334269934805192 2.6661044804452922
/home/ashley/reuse/Git_Scripts/Repos/atmosphere_buggy/47/b/AtmosphereRequest.java -6.976587201469594 -5.6166675744672645 -6.976587201469594 -14.40716434151092 7.4305771400413265
/home/ashley/reuse/Git_Scripts/Repos/atmosphere_buggy/48/b/AtmosphereFramework.java -7.030345792676553 -6.037634048331819 -7.030345792676553 -21.379144233570216 14.348798440893663
/home/ashley/reuse/Git_Scripts/Repos/atmosphere_buggy/49/b/AtmosphereFramework.java -7.030345792676553 -4.678059551129422 -7.030345792676553 -6.990288096406216 -0.040057696270337395
/home/ashley/reuse/Git_Scripts/Repos/atmosphere_buggy/50/b/Tomcat7CometSupport.java -7.475103388513956 -4.846748224741237 -7.475103388513956 -6.887112735957869 -0.587990652556087
/home/ashley/reuse/Git_Scripts/Repos/atmosphere_buggy/51/b/MessageLengthInterceptor.java -7.387819655171591 -4.983707320828342 -7.387819655171591 -7.657448109739897 0.26962845456830564
/home/ashley/reuse/Git_Scripts/Repos/atmosphere_buggy/52/b/BroadcasterFactory.java -7.937781091825559 -5.291854061217039 -7.937781091825559 -7.937781091825559 0.0
/home/ashley/reuse/Git_Scripts/Repos/atmosphere_buggy/53/b/WebSocket.java -7.21649890022581 -6.87307127566904 -7.21649890022581 -71.7404890669507 64.52399016672489
/home/ashley/reuse/Git_Scripts/Repos/atmosphere_buggy/54/b/AtmosphereRequest.java -6.976587201469594 -5.148809852619463 -6.976587201469594 -9.82644875842885 2.8498615569592554
/home/ashley/reuse/Git_Scripts/Repos/atmosphere_buggy/55/b/DefaultAsyncSupportResolver.java -7.613788972554581 -5.145376023212683 -7.613788972554581 -7.93542410228161 0.3216351297270288
/home/ashley/reuse/Git_Scripts/Repos/atmosphere_buggy/56/b/AtmosphereFramework.java -7.030345792676553 -5.720238314684822 -7.030345792676553 -15.345964424426622 8.31561863175007
/home/ashley/reuse/Git_Scripts/Repos/atmosphere_buggy/57/b/AtmosphereFramework.java -7.030345792676553 -4.6823760092145985 -7.030345792676553 -7.009599496936251 -0.0207462957403024
/home/ashley/reuse/Git_Scripts/Repos/atmosphere_buggy/58/b/AsynchronousProcessor.java -7.052549660260411 -4.794605626476732 -7.052549660260411 -7.485078412836058 0.4325287525756476
/home/ashley/reuse/Git_Scripts/Repos/atmosphere_buggy/58/b/AtmosphereResourceImpl.java -7.179451940473676 -5.34941836082905 -7.179451940473676 -10.489888338558076 3.3104363980844003
/home/ashley/reuse/Git_Scripts/Repos/atmosphere_buggy/59/b/JerseyBroadcasterUtil.java -7.236976640470612 -5.196349945237759 -7.236976640470612 -9.201722003981732 1.9647453635111205
/home/ashley/reuse/Git_Scripts/Repos/atmosphere_buggy/61/b/TomcatCometSupport.java -7.381743719862397 -4.963874456148978 -7.381743719862397 -7.577342919812668 0.1955991999502702
/home/ashley/reuse/Git_Scripts/Repos/atmosphere_buggy/61/b/DefaultBroadcaster.java -6.962215255551949 -5.780929345461362 -6.962215255551949 -17.035704115506046 10.073488859954097
/home/ashley/reuse/Git_Scripts/Repos/atmosphere_buggy/61/b/AsynchronousProcessor.java -7.052549660260411 -5.365061468321292 -7.052549660260411 -11.21114879986391 4.158599139603499
/home/ashley/reuse/Git_Scripts/Repos/atmosphere_buggy/61/b/AtmosphereResourceImpl.java -7.179451940473676 -6.086725332249748 -7.179451940473676 -19.983459393901622 12.804007453427946
/home/ashley/reuse/Git_Scripts/Repos/atmosphere_buggy/62/b/DefaultWebSocketProcessor.java -7.0693022848121085 -5.420825797469874 -7.0693022848121085 -11.623294748172656 4.553992463360547
/home/ashley/reuse/Git_Scripts/Repos/atmosphere_buggy/63/b/HeartbeatInterceptor.java -7.384758006468472 -4.670701645116812 -7.384758006468472 -6.354326656728685 -1.0304313497397866
/home/ashley/reuse/Git_Scripts/Repos/atmosphere_buggy/64/b/DefaultAnnotationProcessor.java -6.9768244230312835 -4.999462935714893 -6.9768244230312835 -8.819928813136197 1.843104390104914
/home/ashley/reuse/Git_Scripts/Repos/atmosphere_buggy/64/b/AtmosphereFramework.java -7.030345792676553 -5.256704547871912 -7.030345792676553 -10.417270802249107 3.386925009572553
/home/ashley/reuse/Git_Scripts/Repos/atmosphere_buggy/66/b/DefaultAsyncSupportResolver.java -7.613788972554583 -5.27324086686362 -7.613788972554583 -8.570495440310133 0.9567064677555495
/home/ashley/reuse/Git_Scripts/Repos/atmosphere_buggy/67/b/AtmosphereFilter.java -7.487088386184994 -5.791033670130842 -7.487088386184994 -12.7820112538924 5.294922867707405
/home/ashley/reuse/Git_Scripts/Repos/atmosphere_buggy/68/b/AbstractBroadcasterCache.java -7.053463809210315 -5.514909452420415 -7.053463809210315 -12.641481941164605 5.58801813195429
/home/ashley/reuse/Git_Scripts/Repos/atmosphere_buggy/68/b/SessionBroadcasterCache.java -8.683145729283515 -4.230250483497096 -8.683145729283515 -4.12449422140967 -4.558651507873845
/home/ashley/reuse/Git_Scripts/Repos/atmosphere_buggy/68/b/BroadcasterConfig.java -7.350642563048102 -4.846047253975757 -7.350642563048102 -7.107980360141425 -0.2426622029066774
/home/ashley/reuse/Git_Scripts/Repos/atmosphere_buggy/68/b/DefaultBroadcaster.java -6.962215255551949 -5.098353184128141 -6.962215255551949 -9.522118846920213 2.559903591368264
/home/ashley/reuse/Git_Scripts/Repos/atmosphere_buggy/68/b/BroadcasterCache.java -7.811035011376946 -4.226518944512183 -7.811035011376946 -4.570901969620583 -3.240133041756363
/home/ashley/reuse/Git_Scripts/Repos/atmosphere_buggy/68/b/CacheMessage.java -6.627892739204542 -4.434839994614804 -6.627892739204542 -6.627892739204542 0.0
/home/ashley/reuse/Git_Scripts/Repos/atmosphere_buggy/68/b/HeaderBroadcasterCache.java -9.23668133637486 -4.6400230187423 -9.23668133637486 -4.65094071996287 -4.585740616411989
/home/ashley/reuse/Git_Scripts/Repos/atmosphere_buggy/69/b/WebLogicServlet30WithWebSocket.java -7.853507740395502 -5.235671826930335 -7.853507740395502 -7.853507740395502 0.0
/home/ashley/reuse/Git_Scripts/Repos/atmosphere_buggy/70/b/SimpleBroadcaster.java -7.072195979333986 -4.7371776865792 -7.072195979333986 -7.173872918333996 0.10167693900000963
/home/ashley/reuse/Git_Scripts/Repos/atmosphere_buggy/71/b/ApplicationConfig.java -7.776680043459688 -5.573122674093093 -7.776680043459688 -9.812186900472627 2.0355068570129387
/home/ashley/reuse/Git_Scripts/Repos/atmosphere_buggy/72/b/AtmosphereFramework.java -7.030345792676553 -5.861697531644633 -7.030345792676553 -17.63137889887929 10.601033106202738
/home/ashley/reuse/Git_Scripts/Repos/atmosphere_buggy/73/b/AtmosphereResourceImpl.java -7.179451940473676 -5.002674296247067 -7.179451940473676 -8.249914679849995 1.0704627393763193
/home/ashley/reuse/Git_Scripts/Repos/atmosphere_buggy/74/b/InjectableObjectFactory.java -6.526717201129103 -5.499485900748966 -6.526717201129103 -17.44299219884423 10.916274997715128
/home/ashley/reuse/Git_Scripts/Repos/atmosphere_buggy/74/b/ManagedAtmosphereHandlerTest.java -7.774661193743974 -3.818085190240943 -7.774661193743974 -3.7512635592862686 -4.023397634457705
/home/ashley/reuse/Git_Scripts/Repos/atmosphere_buggy/75/b/DefaultBroadcaster.java -6.962215255551949 -4.981109896700026 -6.962215255551949 -8.752578240584585 1.790362985032636
/home/ashley/reuse/Git_Scripts/Repos/atmosphere_buggy/76/b/AtmosphereRequest.java -6.976587201469594 -5.609422932303773 -6.976587201469594 -14.312335803296932 7.335748601827338
/home/ashley/reuse/Git_Scripts/Repos/atmosphere_buggy/78/b/BroadcasterConfig.java -7.350642563048102 -6.319814580296962 -7.350642563048102 -22.532710996320418 15.182068433272317
/home/ashley/reuse/Git_Scripts/Repos/atmosphere_buggy/78/b/SimpleBroadcaster.java -7.072195979333985 -5.5102385851252516 -7.072195979333985 -12.44001231821906 5.367816338885074
/home/ashley/reuse/Git_Scripts/Repos/atmosphere_buggy/78/b/DefaultBroadcaster.java -6.962215255551949 -6.247821123504108 -6.962215255551949 -30.44445187093661 23.48223661538466
/home/ashley/reuse/Git_Scripts/Repos/atmosphere_buggy/78/b/BroadcasterCache.java -7.811035011376946 -5.185477024359485 -7.811035011376946 -7.713397073734734 -0.09763793764221163
/home/ashley/reuse/Git_Scripts/Repos/atmosphere_buggy/79/b/AtmosphereFramework.java -7.030345792676553 -5.864160688502136 -7.030345792676553 -17.67324539935154 10.642899606674987
/home/ashley/reuse/Git_Scripts/Repos/atmosphere_buggy/80/b/JettyWebSocketHandler.java -7.068457346970114 -4.981113993284039 -7.068457346970114 -8.433876424726293 1.3654190777561785
/home/ashley/reuse/Git_Scripts/Repos/atmosphere_buggy/81/b/TrackMessageSizeFilter.java -9.546520041944483 -6.379216663542341 -9.546520041944483 -9.546520041944483 0.0
/home/ashley/reuse/Git_Scripts/Repos/atmosphere_buggy/82/b/AtmosphereRequest.java -6.976587201469594 -5.2082700177267025 -6.976587201469594 -10.274160733585074 3.2975735321154795
/home/ashley/reuse/Git_Scripts/Repos/atmosphere_buggy/82/b/AtmosphereServlet.java -8.17446783288409 -3.8220889989739564 -8.17446783288409 -3.5892490944387614 -4.585218738445329
/home/ashley/reuse/Git_Scripts/Repos/atmosphere_buggy/83/b/AtmosphereFramework.java -7.030345792676553 -4.706458040879545 -7.030345792676553 -7.119110520833036 0.08876472815648295
/home/ashley/reuse/Git_Scripts/Repos/atmosphere_buggy/84/b/Jetty7CometSupport.java -7.8193764609997185 -5.804151060336664 -7.8193764609997185 -11.239440184128568 3.42006372312885
/home/ashley/reuse/Git_Scripts/Repos/atmosphere_buggy/84/b/TomcatCometSupport.java -7.381743719862398 -4.963874456148979 -7.381743719862398 -7.5773429198126685 0.1955991999502702
/home/ashley/reuse/Git_Scripts/Repos/atmosphere_buggy/84/b/JBossWebCometSupport.java -7.285476091203933 -4.9423536385355025 -7.285476091203933 -7.674711747644562 0.3892356564406283
/home/ashley/reuse/Git_Scripts/Repos/atmosphere_buggy/84/b/Tomcat7CometSupport.java -7.475103388513956 -5.559086294221137 -7.475103388513956 -10.844043333107974 3.3689399445940182
/home/ashley/reuse/Git_Scripts/Repos/atmosphere_buggy/84/b/GlassFishv2CometSupport.java -8.628667213724503 -5.8493751818249065 -8.628667213724503 -9.070940608598825 0.4422733948743218
/home/ashley/reuse/Git_Scripts/Repos/atmosphere_buggy/84/b/GrizzlyCometSupport.java -8.186279848031711 -5.5474991971520415 -8.186279848031711 -8.604993535457133 0.4187136874254218
/home/ashley/reuse/Git_Scripts/Repos/atmosphere_buggy/84/b/BlockingIOCometSupport.java -7.865548927908342 -4.7660675677317945 -7.865548927908342 -6.041427570990054 -1.8241213569182877
/home/ashley/reuse/Git_Scripts/Repos/atmosphere_buggy/84/b/JettyCometSupport.java -7.652412125658411 -5.1422814967408454 -7.652412125658411 -7.8384082537126085 0.18599612805419774
/home/ashley/reuse/Git_Scripts/Repos/atmosphere_buggy/85/b/AtmosphereResourceFactory.java -7.332015272839503 -6.088073722959193 -7.332015272839503 -17.942100866075503 10.610085593236
/home/ashley/reuse/Git_Scripts/Repos/atmosphere_buggy/85/b/DefaultBroadcaster.java -6.962215255551949 -4.891851948162343 -6.962215255551949 -8.22413302127878 1.2619177657268308
/home/ashley/reuse/Git_Scripts/Repos/atmosphere_buggy/85/b/AtmosphereResourceImpl.java -7.179451940473676 -5.32613001904537 -7.179451940473676 -10.316258081861145 3.136806141387469
/home/ashley/reuse/Git_Scripts/Repos/atmosphere_buggy/86/b/WebSocket.java -7.21649890022581 -5.312824214541847 -7.21649890022581 -10.06076519454029 2.8442662943144796
/home/ashley/reuse/Git_Scripts/Repos/atmosphere_buggy/87/b/WebSocketProtocolService.java -5.844698806574106 -3.896465871049404 -5.844698806574106 -5.844698806574106 0.0
/home/ashley/reuse/Git_Scripts/Repos/atmosphere_buggy/88/b/AtmosphereRequest.java -6.976587201469594 -5.403805494561565 -6.976587201469594 -11.982813719194086 5.006226517724492
/home/ashley/reuse/Git_Scripts/Repos/atmosphere_buggy/89/b/ExcludeSessionBroadcaster.java -6.99157425929676 -4.721664051345704 -6.99157425929676 -7.271623504489586 0.28004924519282604
/home/ashley/reuse/Git_Scripts/Repos/atmosphere_buggy/90/b/SSEAtmosphereResourceConfig.java -6.894540706423581 -4.835850194886279 -6.894540706423581 -8.097614923651857 1.2030742172282762
/home/ashley/reuse/Git_Scripts/Repos/atmosphere_buggy/90/b/AtmosphereResourceImpl.java -7.179451940473676 -5.098419258854666 -7.179451940473676 -8.792296613819373 1.6128446733456965
/home/ashley/reuse/Git_Scripts/Repos/atmosphere_buggy/91/b/ChatAtmosphereHandler.java -7.058650320276701 -4.768510438586927 -7.058650320276701 -7.348731840288073 0.29008152001137155
/home/ashley/reuse/Git_Scripts/Repos/atmosphere_buggy/91/b/AtmosphereFramework.java -7.030345792676553 -5.900422344892113 -7.030345792676553 -18.356114960161737 11.325769167485184
/home/ashley/reuse/Git_Scripts/Repos/atmosphere_buggy/93/b/AbstractBroadcasterCache.java -7.053463809210314 -4.891315450733301 -7.053463809210314 -7.966862000331074 0.91339819112076
/home/ashley/reuse/Git_Scripts/Repos/atmosphere_buggy/95/b/WebSocketProcessorFactory.java -8.12989082184264 -5.39656545932658 -8.12989082184264 -8.025661452331837 -0.10422936951080253
/home/ashley/reuse/Git_Scripts/Repos/atmosphere_buggy/96/b/AtmosphereResourceListenerTest.java -7.513952214139767 -5.009301476093178 -7.513952214139767 -7.513952214139767 0.0
/home/ashley/reuse/Git_Scripts/Repos/atmosphere_buggy/97/b/AtmosphereFilter.java -7.487088386184994 -5.049683458327862 -7.487088386184994 -7.7556720146610525 0.2685836284760583
/home/ashley/reuse/Git_Scripts/Repos/atmosphere_buggy/98/b/ThreadLocalInvoker.java -5.242590792006072 -3.495060528004048 -5.242590792006072 -5.242590792006072 0.0
/home/ashley/reuse/Git_Scripts/Repos/atmosphere_buggy/98/b/AtmosphereRequestIntrospector.java -7.054663055072682 -4.703108703381789 -7.054663055072682 -7.054663055072682 0.0
/home/ashley/reuse/Git_Scripts/Repos/atmosphere_buggy/99/b/AtmosphereRequest.java -6.976587201469594 -4.68776382100594 -6.976587201469594 -7.144411699979482 0.167824498509888
/home/ashley/reuse/Git_Scripts/Repos/atmosphere_buggy/100/b/AtmosphereRequest.java -6.976587201469594 -6.115989603940246 -6.976587201469594 -24.790177730954866 17.81359052948527
/home/ashley/reuse/Git_Scripts/Repos/atmosphere_buggy/101/b/DefaultBroadcaster.java -6.962215255551949 -5.5572392799404815 -6.962215255551949 -13.766297261915492 6.804082006363543
/home/ashley/reuse/Git_Scripts/Repos/atmosphere_buggy/103/b/AtmosphereFramework.java -7.030345792676553 -5.889527916633449 -7.030345792676553 -18.147251493449883 11.11690570077333
/home/ashley/reuse/Git_Scripts/Repos/atmosphere_buggy/104/b/Broadcaster.java -6.862750136333075 -4.706637066680537 -6.862750136333075 -7.467673400629911 0.6049232642968363
/home/ashley/reuse/Git_Scripts/Repos/atmosphere_buggy/104/b/AtmosphereFilter.java -7.487088386184994 -5.0395941806888445 -7.487088386184994 -7.708268925946656 0.22118053976166152
/home/ashley/reuse/Git_Scripts/Repos/atmosphere_buggy/104/b/DefaultBroadcasterFactoryTest.java -7.363501070227275 -3.5667834582365168 -7.363501070227275 -3.458778936975293 -3.904722133251982
/home/ashley/reuse/Git_Scripts/Repos/atmosphere_buggy/104/b/WebSocketProcessorFactory.java -8.12989082184264 -4.865297357113082 -8.12989082184264 -6.058079934985967 -2.0718108868566727
/home/ashley/reuse/Git_Scripts/Repos/atmosphere_buggy/104/b/ServletContextProvider.java -10.303081470886598 -6.868720980591065 -10.303081470886598 -10.303081470886598 0.0
/home/ashley/reuse/Git_Scripts/Repos/atmosphere_buggy/104/b/DefaultBroadcasterFactory.java -6.6103777139863915 -4.407684896595447 -6.6103777139863915 -6.6138278067389935 0.0034500927526019964
/home/ashley/reuse/Git_Scripts/Repos/atmosphere_buggy/104/b/ServiceTest.java -7.653926233540878 -5.1082371118125245 -7.653926233540878 -7.653926233540878 0.0
/home/ashley/reuse/Git_Scripts/Repos/atmosphere_buggy/104/b/Injector.java -7.3918500159778375 -5.007382268888213 -7.3918500159778375 -7.3918500159778375 0.0
/home/ashley/reuse/Git_Scripts/Repos/atmosphere_buggy/104/b/InjectorProvider.java -7.2550443785133005 -4.8520997435916975 -7.2550443785133005 -7.2550443785133005 0.0
/home/ashley/reuse/Git_Scripts/Repos/atmosphere_buggy/104/b/BroadcasterConfig.java -7.350642563048103 -4.901203024175924 -7.350642563048103 -7.350642563048103 0.0
/home/ashley/reuse/Git_Scripts/Repos/atmosphere_buggy/104/b/ServletContextHolder.java -8.486904651982377 -5.669674891988227 -8.486904651982377 -8.486904651982377 0.0
/home/ashley/reuse/Git_Scripts/Repos/atmosphere_buggy/104/b/AtmosphereFramework.java -7.030345792676553 -5.238943744143767 -7.030345792676553 -10.27915396259126 3.248808169914706
/home/ashley/reuse/Git_Scripts/Repos/atmosphere_buggy/104/b/SimpleBroadcaster.java -7.072195979333986 -4.610723251413841 -7.072195979333986 -6.613909347388927 -0.45828663194505914
/home/ashley/reuse/Git_Scripts/Repos/atmosphere_buggy/104/b/ManagedServiceInterceptor.java -7.639874565367837 -5.087408827549989 -7.639874565367837 -7.604949424497583 -0.03492514087025356
/home/ashley/reuse/Git_Scripts/Repos/atmosphere_buggy/104/b/AtmosphereServletProcessor.java -10.838588815610075 -8.268614147991192 -10.838588815610075 -17.43599070337273 6.597401887762656
/home/ashley/reuse/Git_Scripts/Repos/atmosphere_buggy/104/b/DefaultBroadcaster.java -6.962215255551949 -4.664580989898499 -6.962215255551949 -7.067229413771122 0.1050141582191726
/home/ashley/reuse/Git_Scripts/Repos/atmosphere_buggy/104/b/DefaultWebSocketProcessor.java -7.0693022848121085 -5.248846163624085 -7.0693022848121085 -10.191314073782781 3.1220117889706724
/home/ashley/reuse/Git_Scripts/Repos/atmosphere_buggy/104/b/ReflectorServletProcessor.java -7.301070431087125 -4.513461295906256 -7.301070431087125 -5.910638330444998 -1.3904321006421272
/home/ashley/reuse/Git_Scripts/Repos/atmosphere_buggy/104/b/ManagedAtmosphereHandler.java -6.922909325942102 -5.047954716832783 -6.922909325942102 -9.319301015691291 2.396391689749189
/home/ashley/reuse/Git_Scripts/Repos/atmosphere_buggy/104/b/AbstractBroadcasterProxy.java -6.544952654730129 -4.683828677081751 -6.544952654730129 -8.235732090535413 1.6907794358052834
/home/ashley/reuse/Git_Scripts/Repos/atmosphere_buggy/104/b/NoopInjector.java -7.564655929171331 -5.1112540061968454 -7.564655929171331 -7.564655929171331 0.0
/home/ashley/reuse/Git_Scripts/Repos/atmosphere_buggy/104/b/AtmosphereServlet.java -8.187038856304362 -5.434747820818199 -8.187038856304362 -8.077145717293565 -0.10989313901079711
/home/ashley/reuse/Git_Scripts/Repos/atmosphere_buggy/104/b/AtmosphereHandlerServiceInterceptor.java -8.363518603711388 -5.221667699671659 -8.363518603711388 -6.94996616364749 -1.4135524400638975
/home/ashley/reuse/Git_Scripts/Repos/atmosphere_buggy/104/b/ExcludeSessionBroadcaster.java -6.99157425929676 -4.755786284779097 -6.99157425929676 -7.435953979167317 0.4443797198705566
/home/ashley/reuse/Git_Scripts/Repos/atmosphere_buggy/106/b/DefaultBroadcaster.java -6.962215255551949 -5.784472512033311 -6.962215255551949 -17.097427681141937 10.135212425589987
/home/ashley/reuse/Git_Scripts/Repos/atmosphere_buggy/107/b/DefaultAnnotationProcessor.java -6.976824423031285 -4.288386440472237 -6.976824423031285 -5.56218184396074 -1.414642579070545
/home/ashley/reuse/Git_Scripts/Repos/atmosphere_buggy/107/b/ManagedServiceInterceptor.java -7.639874565367834 -6.80401916813434 -7.639874565367834 -31.095003488015813 23.45512892264798
/home/ashley/reuse/Git_Scripts/Repos/atmosphere_buggy/107/b/DefaultWebSocketProcessor.java -7.0693022848121085 -5.2569161385073 -7.0693022848121085 -10.249870212602916 3.1805679277908077
/home/ashley/reuse/Git_Scripts/Repos/atmosphere_buggy/107/b/ReflectorServletProcessor.java -7.3010704310871235 -4.6139838192003815 -7.3010704310871235 -6.263578941257661 -1.0374914898294625
/home/ashley/reuse/Git_Scripts/Repos/atmosphere_buggy/107/b/ManagedService.java -5.542662488644907 -2.533788566237672 -5.542662488644907 -2.3337526267978554 -3.2089098618470513
/home/ashley/reuse/Git_Scripts/Repos/atmosphere_buggy/107/b/AsynchronousProcessor.java -7.052549660260411 -4.710392539439008 -7.052549660260411 -7.089345571531335 0.036795911270924186
/home/ashley/reuse/Git_Scripts/Repos/atmosphere_buggy/107/b/FrameworkConfig.java -8.775563040874188 -6.152699226981623 -8.775563040874188 -10.292833286258977 1.5172702453847897
/home/ashley/reuse/Git_Scripts/Repos/atmosphere_buggy/108/b/DefaultBroadcaster.java -6.962215255551949 -5.171386345200191 -6.962215255551949 -10.050884004249573 3.088668748697624
/home/ashley/reuse/Git_Scripts/Repos/atmosphere_buggy/108/b/JerseyBroadcasterUtil.java -7.236976640470611 -5.003606994746743 -7.236976640470611 -8.106805563604098 0.869828923133487
/home/ashley/reuse/Git_Scripts/Repos/atmosphere_buggy/109/b/WebSocketChat.java -8.190910266315013 -5.604307024320798 -8.190910266315013 -8.84278201761344 0.651871751298426
/home/ashley/reuse/Git_Scripts/Repos/atmosphere_buggy/110/b/DefaultBroadcaster.java -6.962215255551949 -4.85090392539338 -6.962215255551949 -7.998118711856228 1.035903456304279
/home/ashley/reuse/Git_Scripts/Repos/atmosphere_buggy/111/b/AtmosphereFramework.java -7.030345792676553 -4.757399377325763 -7.030345792676553 -7.356961528020012 0.32661573534345845
/home/ashley/reuse/Git_Scripts/Repos/atmosphere_buggy/112/b/DefaultBroadcaster.java -6.962215255551949 -5.1157240638014905 -6.962215255551949 -9.64444679707043 2.6822315415184805
/home/ashley/reuse/Git_Scripts/Repos/atmosphere_buggy/113/b/SessionTimeoutSupport.java -8.439392398526676 -5.227734735754025 -8.439392398526676 -6.843580017714359 -1.5958123808123172
/home/ashley/reuse/Git_Scripts/Repos/atmosphere_buggy/114/b/AtmosphereResponse.java -6.6681654543599 -4.90647522214119 -6.6681654543599 -9.283056787602968 2.614891333243068
/home/ashley/reuse/Git_Scripts/Repos/atmosphere_buggy/115/b/DefaultWebSocketProcessor.java -7.0693022848121085 -5.244150110052336 -7.0693022848121085 -10.153484400160721 3.0841821153486126
/home/ashley/reuse/Git_Scripts/Repos/atmosphere_buggy/117/b/Jetty9WebSocketHandler.java -9.380058903142832 -5.2398175930235675 -9.380058903142832 -5.92758796720934 -3.4524709359334915
/home/ashley/reuse/Git_Scripts/Repos/atmosphere_buggy/120/b/CounterLongPollingAtmosphereHandler.java -7.105352393213233 -4.736901595475489 -7.105352393213233 -7.105352393213233 0.0
/home/ashley/reuse/Git_Scripts/Repos/atmosphere_buggy/121/b/WebSocketProcessor.java -7.222175254004401 -5.011528345003432 -7.222175254004401 -8.181265852899363 0.9590905988949627
/home/ashley/reuse/Git_Scripts/Repos/atmosphere_buggy/121/b/GlassFishWebSocketSupport.java -8.313805634056335 -5.610939345410375 -8.313805634056335 -8.620056329135332 0.3062506950789974
/home/ashley/reuse/Git_Scripts/Repos/atmosphere_buggy/121/b/JettyWebSocketHandler.java -7.068457346970114 -4.968231801922098 -7.068457346970114 -8.360467442306044 1.2920100953359297
/home/ashley/reuse/Git_Scripts/Repos/atmosphere_buggy/122/b/JMSBroadcaster.java -7.323623214250128 -4.066784951335636 -7.323623214250128 -4.566494474767727 -2.7571287394824013
/home/ashley/reuse/Git_Scripts/Repos/atmosphere_buggy/123/b/AtmosphereFilter.java -7.487088386184994 -5.321343644377145 -7.487088386184994 -9.196213079567714 1.7091246933827202
/home/ashley/reuse/Git_Scripts/Repos/atmosphere_buggy/123/b/TrackableSession.java -7.899209957159021 -3.297728428716873 -7.899209957159021 -2.830550234648649 -5.068659722510372
/home/ashley/reuse/Git_Scripts/Repos/atmosphere_buggy/124/b/AtmosphereRequest.java -6.976587201469594 -5.193165856979286 -6.976587201469594 -10.155909342322794 3.1793221408531993
/home/ashley/reuse/Git_Scripts/Repos/atmosphere_buggy/125/b/AnnotationDetector.java -6.122740716794176 -4.088984657057433 -6.122740716794176 -6.152742838663126 0.030002121868950127
/home/ashley/reuse/Git_Scripts/Repos/atmosphere_buggy/126/b/AtmosphereInterceptorService.java -5.844698806574106 -3.896465871049404 -5.844698806574106 -5.844698806574106 0.0
/home/ashley/reuse/Git_Scripts/Repos/atmosphere_buggy/127/b/WebSocketProcessor.java -7.222175254004401 -5.969116455991019 -7.222175254004401 -17.201908332265027 9.979733078260626
/home/ashley/reuse/Git_Scripts/Repos/atmosphere_buggy/127/b/MeteorTest.java -8.261708517070263 -5.37503354767139 -8.261708517070263 -7.685756722696658 -0.575951794373605
/home/ashley/reuse/Git_Scripts/Repos/atmosphere_buggy/127/b/BroadcasterScopeTest.java -8.232548616577132 -5.388181290320589 -8.232548616577132 -7.797597732546641 -0.4349508840304912
/home/ashley/reuse/Git_Scripts/Repos/atmosphere_buggy/127/b/AsynchronousProcessor.java -7.052549660260411 -5.298120228269453 -7.052549660260411 -10.643273377625372 3.590723717364961
/home/ashley/reuse/Git_Scripts/Repos/atmosphere_buggy/127/b/ApplicationConfig.java -7.776680043459688 -6.70649471637808 -7.776680043459688 -24.23230687575284 16.455626832293152
/home/ashley/reuse/Git_Scripts/Repos/atmosphere_buggy/127/b/AtmosphereServlet.java -8.17446783288409 -1.0377689305954545 -8.17446783288409 -0.5942239223904324 -7.5802439104936585
/home/ashley/reuse/Git_Scripts/Repos/atmosphere_buggy/127/b/BlockingIOCometSupport.java -7.865548927908342 -4.732764300565966 -7.865548927908342 -5.935540817068126 -1.930008110840216
/home/ashley/reuse/Git_Scripts/Repos/atmosphere_buggy/127/b/AtmosphereResourceImpl.java -7.179451940473676 -5.875606257225077 -7.179451940473676 -16.16870209403788 8.989250153564203
/home/ashley/reuse/Git_Scripts/Repos/atmosphere_buggy/127/b/FrameworkConfig.java -8.775563040874188 -7.245612905458621 -8.775563040874188 -20.585666572517955 11.810103531643767
/home/ashley/reuse/Git_Scripts/Repos/atmosphere_buggy/128/b/DefaultBroadcaster.java -6.962215255551949 -4.684426048353715 -6.962215255551949 -7.158355245414719 0.19613998986277004
/home/ashley/reuse/Git_Scripts/Repos/atmosphere_buggy/128/b/DefaultBroadcasterTest.java -6.874137448774738 -4.784399664347218 -6.874137448774738 -7.869078395307924 0.9949409465331858
/home/ashley/reuse/Git_Scripts/Repos/atmosphere_buggy/130/b/SessionSupport.java -7.817220317040786 -5.049632999827589 -7.817220317040786 -7.100357318534862 -0.716862998505924
/home/ashley/reuse/Git_Scripts/Repos/atmosphere_buggy/131/b/WebSocketProcessor.java -7.222175254004401 -5.260313509072308 -7.222175254004401 -9.682360684096542 2.4601854300921415
/home/ashley/reuse/Git_Scripts/Repos/atmosphere_buggy/132/b/AtmosphereRequest.java -6.976587201469594 -5.1112052138369 -6.976587201469594 -9.556533747798643 2.5799465463290483
/home/ashley/reuse/Git_Scripts/Repos/atmosphere_buggy/132/b/AtmosphereFramework.java -7.030345792676553 -5.719945239661014 -7.030345792676553 -15.34174676208653 8.311400969409977
/home/ashley/reuse/Git_Scripts/Repos/atmosphere_buggy/133/b/MetaBroadcaster.java -6.657411345099369 -4.675981944041757 -6.657411345099369 -7.845947990545336 1.188536645445967
/home/ashley/reuse/Git_Scripts/Repos/atmosphere_buggy/134/b/DefaultBroadcaster.java -6.962215255551949 -5.539067708554745 -6.962215255551949 -13.546126832055043 6.583911576503094
/home/ashley/reuse/Git_Scripts/Repos/atmosphere_buggy/135/b/NettyCometSupport.java -7.612733662175792 -5.166088017109216 -7.612733662175792 -8.023159303093095 0.41042564091730327
/home/ashley/reuse/Git_Scripts/Repos/atmosphere_buggy/135/b/AtmosphereResourceImpl.java -7.179451940473676 -5.258302830009453 -7.179451940473676 -9.822378346155036 2.6429264056813597
/home/ashley/reuse/Git_Scripts/Repos/atmosphere_buggy/136/b/JSONPAtmosphereInterceptor.java -7.535239355826391 -5.646823624843005 -7.535239355826391 -11.238690328762964 3.7034509729365723
/home/ashley/reuse/Git_Scripts/Repos/atmosphere_buggy/137/b/BroadcasterCache.java -7.811035011376946 -4.197767114957679 -7.811035011376946 -4.537292396314549 -3.273742615062397
/home/ashley/reuse/Git_Scripts/Repos/atmosphere_buggy/137/b/DefaultBroadcasterCache.java -7.938695246453908 -5.449977292208437 -7.938695246453908 -8.63769985934922 0.6990046128953127
/home/ashley/reuse/Git_Scripts/Repos/atmosphere_buggy/139/b/AtmosphereFramework.java -7.030345792676553 -5.398805125378581 -7.030345792676553 -11.631786954334618 4.601441161658065
/home/ashley/reuse/Git_Scripts/Repos/atmosphere_buggy/140/b/AbstractBroadcasterCache.java -7.053463809210314 -4.720348755524379 -7.053463809210314 -7.135269446172805 0.08180563696249088
/home/ashley/reuse/Git_Scripts/Repos/atmosphere_buggy/140/b/DefaultAnnotationProcessor.java -6.976824423031284 -4.956020824760094 -6.976824423031284 -8.549987206737901 1.5731627837066169
/home/ashley/reuse/Git_Scripts/Repos/atmosphere_buggy/140/b/BroadcasterConfig.java -7.350642563048103 -4.812947893656768 -7.350642563048103 -6.970550883753798 -0.38009167929430454
/home/ashley/reuse/Git_Scripts/Repos/atmosphere_buggy/140/b/SimpleBroadcaster.java -7.072195979333986 -4.747192861392263 -7.072195979333986 -7.220007149320066 0.14781116998608024
/home/ashley/reuse/Git_Scripts/Repos/atmosphere_buggy/140/b/DefaultBroadcaster.java -6.962215255551949 -5.1157240638014905 -6.962215255551949 -9.64444679707043 2.6822315415184805
/home/ashley/reuse/Git_Scripts/Repos/atmosphere_buggy/140/b/BroadcasterCache.java -7.811035011376946 -4.006959518823239 -7.811035011376946 -4.086567986084627 -3.724467025292319
/home/ashley/reuse/Git_Scripts/Repos/atmosphere_buggy/140/b/BroadcasterCacheTest.java -6.8620475742675815 -4.524132796038574 -6.8620475742675815 -6.6330946046781 -0.2289529695894812
/home/ashley/reuse/Git_Scripts/Repos/atmosphere_buggy/140/b/BroadcasterCacheInspector.java -9.565104849385614 -6.376736566257076 -9.565104849385614 -9.565104849385614 0.0
/home/ashley/reuse/Git_Scripts/Repos/atmosphere_buggy/141/b/JerseyBroadcaster.java -9.00768621440353 -6.005124142935686 -9.00768621440353 -9.00768621440353 0.0
/home/ashley/reuse/Git_Scripts/Repos/atmosphere_buggy/141/b/SimpleBroadcaster.java -7.072195979333986 -5.476639569362295 -7.072195979333986 -12.137417423992112 5.065221444658126
/home/ashley/reuse/Git_Scripts/Repos/atmosphere_buggy/141/b/DefaultBroadcaster.java -6.962215255551949 -6.168483712411993 -6.962215255551949 -27.05342365271599 20.09120839716404
/home/ashley/reuse/Git_Scripts/Repos/atmosphere_buggy/141/b/JerseyBroadcasterUtil.java -7.236976640470612 -5.277669975679664 -7.236976640470612 -9.732845929175484 2.4958692887048723
/home/ashley/reuse/Git_Scripts/Repos/atmosphere_buggy/141/b/JerseySimpleBroadcaster.java -8.084559135184538 -5.406238930890274 -8.084559135184538 -8.084559135184538 0.0
/home/ashley/reuse/Git_Scripts/Repos/atmosphere_buggy/142/b/MeteorServiceInterceptor.java -8.197688646986052 -5.111801679768153 -8.197688646986052 -6.789775361354097 -1.4079132856319543
/home/ashley/reuse/Git_Scripts/Repos/atmosphere_buggy/142/b/ManagedServiceInterceptor.java -7.639874565367838 -5.353443882892507 -7.639874565367838 -8.9319875791079 1.292113013740063
/home/ashley/reuse/Git_Scripts/Repos/atmosphere_buggy/142/b/AtmosphereHandlerServiceInterceptor.java -8.363518603711386 -5.080541545626479 -8.363518603711386 -6.460852341983264 -1.9026662617281218
/home/ashley/reuse/Git_Scripts/Repos/atmosphere_buggy/143/b/AtmosphereRequest.java -6.976587201469594 -5.659479132480493 -6.976587201469594 -14.988842074649225 8.012254873179632
/home/ashley/reuse/Git_Scripts/Repos/atmosphere_buggy/144/b/BroadcasterFactory.java -7.937781091825561 -5.375585929274272 -7.937781091825561 -8.28626904219839 0.34848795037282887
/home/ashley/reuse/Git_Scripts/Repos/atmosphere_buggy/144/b/GlassFishWebSocketSupport.java -8.313805634056335 -5.595156112371246 -8.313805634056335 -8.545984953589594 0.23217931953325888
/home/ashley/reuse/Git_Scripts/Repos/atmosphere_buggy/144/b/Jetty7CometSupport.java -7.819376460999721 -4.928770900417037 -7.819376460999721 -6.666408534932135 -1.1529679260675865
/home/ashley/reuse/Git_Scripts/Repos/atmosphere_buggy/144/b/AbstractReflectorAtmosphereHandler.java -7.124389344355617 -4.720877098799127 -7.124389344355617 -6.984195636327152 -0.1401937080284652
/home/ashley/reuse/Git_Scripts/Repos/atmosphere_buggy/144/b/Broadcaster.java -6.862750136333075 -4.635593488315548 -6.862750136333075 -7.142048106997793 0.27929797066471806
/home/ashley/reuse/Git_Scripts/Repos/atmosphere_buggy/144/b/TomcatCometSupport.java -7.381743719862398 -4.923004232333381 -7.381743719862398 -7.381743719862398 0.0
/home/ashley/reuse/Git_Scripts/Repos/atmosphere_buggy/144/b/AtmosphereResourceEventImpl.java -7.622535304956648 -5.378017051387942 -7.622535304956648 -9.132054234730367 1.5095189297737184
/home/ashley/reuse/Git_Scripts/Repos/atmosphere_buggy/144/b/AtmosphereFilter.java -7.487088386184994 -4.810521717930261 -7.487088386184994 -6.727174985009009 -0.7599134011759849
/home/ashley/reuse/Git_Scripts/Repos/atmosphere_buggy/144/b/NettyCometSupport.java -7.61273366217579 -5.0975874025177115 -7.61273366217579 -7.714576252974129 0.10184259079833868
/home/ashley/reuse/Git_Scripts/Repos/atmosphere_buggy/144/b/BroadcastFilterTest.java -8.246181097229968 -5.502201434478718 -8.246181097229968 -8.26043551572129 0.014254418491322696
/home/ashley/reuse/Git_Scripts/Repos/atmosphere_buggy/144/b/BroadcastFilterLifecycle.java -8.317160438540505 -5.5447736256936695 -8.317160438540505 -8.317160438540505 0.0
/home/ashley/reuse/Git_Scripts/Repos/atmosphere_buggy/144/b/DefaultBroadcasterFactoryTest.java -7.363501070227275 -4.96100283968702 -7.363501070227275 -7.59025393948873 0.2267528692614551
/home/ashley/reuse/Git_Scripts/Repos/atmosphere_buggy/144/b/BroadcastFilter.java -8.436955940208442 -5.624637293472294 -8.436955940208442 -8.436955940208442 0.0
/home/ashley/reuse/Git_Scripts/Repos/atmosphere_buggy/144/b/JettyWebSocketUtil.java -7.947732641530966 -5.573734579774964 -7.947732641530966 -9.315481979840946 1.36774933830998
/home/ashley/reuse/Git_Scripts/Repos/atmosphere_buggy/144/b/Meteor.java -7.998417389130323 -4.852678415972772 -7.998417389130323 -6.169257487250208 -1.8291599018801152
/home/ashley/reuse/Git_Scripts/Repos/atmosphere_buggy/144/b/TrackMessageSizeFilter.java -9.546520041944483 -5.8339844700771835 -9.546520041944483 -7.500837175813522 -2.045682866130961
/home/ashley/reuse/Git_Scripts/Repos/atmosphere_buggy/144/b/DefaultBroadcasterFactory.java -6.6103777139863915 -4.7855340172628065 -6.6103777139863915 -8.667643008010884 2.057265294024493
/home/ashley/reuse/Git_Scripts/Repos/atmosphere_buggy/144/b/SessionBroadcasterCache.java -8.683145729283515 -6.520939480489596 -8.683145729283515 -12.990532980817855 4.30738725153434
/home/ashley/reuse/Git_Scripts/Repos/atmosphere_buggy/144/b/SimpleHttpProtocol.java -8.013644475177275 -5.358618830876117 -8.013644475177275 -8.074631115018807 0.06098663984153241
/home/ashley/reuse/Git_Scripts/Repos/atmosphere_buggy/144/b/AtmosphereResponse.java -6.6681654543599 -5.165042682433978 -6.6681654543599 -11.452520718015347 4.7843552636554465
/home/ashley/reuse/Git_Scripts/Repos/atmosphere_buggy/144/b/FilterConfigImpl.java -8.094493103314962 -5.40511754455885 -8.094493103314962 -8.094493103314962 0.0
/home/ashley/reuse/Git_Scripts/Repos/atmosphere_buggy/144/b/PerRequestBroadcastFilter.java -12.339204690814901 -9.460056929624757 -12.339204690814901 -19.57253157853398 7.233326887719079
/home/ashley/reuse/Git_Scripts/Repos/atmosphere_buggy/144/b/AtmosphereRequest.java -6.976587201469594 -5.688030316444801 -6.976587201469594 -15.398248990193514 8.42166178872392
/home/ashley/reuse/Git_Scripts/Repos/atmosphere_buggy/144/b/JBossWebCometSupport.java -7.285476091203935 -4.923939504263762 -7.285476091203935 -7.58659795031225 0.30112185910831446
/home/ashley/reuse/Git_Scripts/Repos/atmosphere_buggy/144/b/BroadcasterConfig.java -7.350642563048103 -4.852114292791376 -7.350642563048103 -7.137433317434829 -0.2132092456132737
/home/ashley/reuse/Git_Scripts/Repos/atmosphere_buggy/144/b/MeteorServlet.java -8.540669184730914 -6.189828424287303 -8.540669184730914 -11.243908513842992 2.703239329112078
/home/ashley/reuse/Git_Scripts/Repos/atmosphere_buggy/144/b/SimpleBroadcaster.java -7.072195979333986 -4.7371776865792 -7.072195979333986 -7.173872918333996 0.10167693900000963
/home/ashley/reuse/Git_Scripts/Repos/atmosphere_buggy/144/b/EchoProtocol.java -8.329961906010727 -4.187740411764955 -8.329961906010727 -4.21074997446696 -4.1192119315437665
/home/ashley/reuse/Git_Scripts/Repos/atmosphere_buggy/144/b/Tomcat7CometSupport.java -7.475103388513956 -4.922439243347295 -7.475103388513956 -7.207321483590056 -0.26778190492389964
/home/ashley/reuse/Git_Scripts/Repos/atmosphere_buggy/144/b/AtmosphereServletProcessor.java -10.838588815610075 -8.268614147991192 -10.838588815610075 -17.43599070337273 6.597401887762656
/home/ashley/reuse/Git_Scripts/Repos/atmosphere_buggy/144/b/DefaultBroadcaster.java -6.962215255551949 -5.2088985697336945 -6.962215255551949 -10.340344429477609 3.37812917392566
/home/ashley/reuse/Git_Scripts/Repos/atmosphere_buggy/144/b/BroadcasterCache.java -7.811035011376946 -5.365841442598076 -7.811035011376946 -8.453037889024365 0.6420028776474194
/home/ashley/reuse/Git_Scripts/Repos/atmosphere_buggy/144/b/ReflectorServletProcessor.java -7.301070431087125 -4.938447520431399 -7.301070431087125 -7.6304925776094725 0.32942214652234725
/home/ashley/reuse/Git_Scripts/Repos/atmosphere_buggy/144/b/AtmosphereResourceEventListenerAdapter.java -9.266917856232542 -6.700694449891223 -9.266917856232542 -12.015038323942884 2.7481204677103417
/home/ashley/reuse/Git_Scripts/Repos/atmosphere_buggy/144/b/AbstractBroadcasterProxy.java -6.544952654730129 -4.415284516147056 -6.544952654730129 -6.784584788541759 0.23963213381162962
/home/ashley/reuse/Git_Scripts/Repos/atmosphere_buggy/144/b/ClusterBroadcastFilter.java -9.658524618894536 -6.500930031948244 -9.658524618894536 -9.658524618894536 0.0
/home/ashley/reuse/Git_Scripts/Repos/atmosphere_buggy/144/b/AsynchronousProcessor.java -7.052549660260411 -5.061303332046831 -7.052549660260411 -8.959063084902237 1.906513424641826
/home/ashley/reuse/Git_Scripts/Repos/atmosphere_buggy/144/b/WebSocketEventListenerAdapter.java -8.156436726979411 -5.6951331331552275 -8.156436726979411 -9.436461468804648 1.2800247418252368
/home/ashley/reuse/Git_Scripts/Repos/atmosphere_buggy/144/b/AtmosphereResource.java -11.523059263202846 -8.317969931715963 -11.523059263202846 -14.952541186775122 3.4294819235722755
/home/ashley/reuse/Git_Scripts/Repos/atmosphere_buggy/144/b/Servlet30CometSupport.java -7.551278537683739 -5.188369238807056 -7.551278537683739 -8.290377734178728 0.7390991964949887
/home/ashley/reuse/Git_Scripts/Repos/atmosphere_buggy/144/b/AtmosphereFilterChain.java -7.1109345195565545 -4.664584258956899 -7.1109345195565545 -6.779395771860187 -0.33153874769636715
/home/ashley/reuse/Git_Scripts/Repos/atmosphere_buggy/144/b/GlassFishv2CometSupport.java -8.628667213724505 -5.811710177434534 -8.628667213724505 -8.900972293447566 0.2723050797230613
/home/ashley/reuse/Git_Scripts/Repos/atmosphere_buggy/144/b/AtmosphereServlet.java -8.17446783288409 -0.9125209562132445 -8.17446783288409 -0.5135932092371254 -7.660874623646965
/home/ashley/reuse/Git_Scripts/Repos/atmosphere_buggy/144/b/BroadcasterFuture.java -6.174697950870501 -4.120051071748087 -6.174697950870501 -6.174697950870501 0.0
/home/ashley/reuse/Git_Scripts/Repos/atmosphere_buggy/144/b/WebSocketProtocol.java -12.505616528132839 -8.453517317899852 -12.505616528132839 -12.93315897353909 0.4275424454062513
/home/ashley/reuse/Git_Scripts/Repos/atmosphere_buggy/144/b/GrizzlyCometSupport.java -8.186279848031711 -5.528895913459379 -8.186279848031711 -8.516098974140428 0.3298191261087169
/home/ashley/reuse/Git_Scripts/Repos/atmosphere_buggy/144/b/AtmosphereResourceEventListener.java -13.169470899784988 -10.130362230603838 -13.169470899784988 -21.501176979240796 8.331706079455808
/home/ashley/reuse/Git_Scripts/Repos/atmosphere_buggy/144/b/Serializer.java -5.543261448362128 -3.6955076322414184 -5.543261448362128 -5.543261448362128 0.0
/home/ashley/reuse/Git_Scripts/Repos/atmosphere_buggy/144/b/AtmosphereConfig.java -7.270822753417719 -5.014664420235978 -7.270822753417719 -8.064518804473066 0.7936960510553464
/home/ashley/reuse/Git_Scripts/Repos/atmosphere_buggy/144/b/BlockingIOCometSupport.java -7.865548927908342 -5.22347936514907 -7.865548927908342 -7.775255636644087 -0.09029329126425445
/home/ashley/reuse/Git_Scripts/Repos/atmosphere_buggy/144/b/AtmosphereResourceImpl.java -7.179451940473676 -5.3055988400448735 -7.179451940473676 -10.163894885575194 2.9844429451015184
/home/ashley/reuse/Git_Scripts/Repos/atmosphere_buggy/144/b/AtmosphereHandler.java -10.148234226297314 -7.391923695698043 -10.148234226297314 -13.607859530716853 3.4596253044195393
/home/ashley/reuse/Git_Scripts/Repos/atmosphere_buggy/144/b/WebSocket.java -7.21649890022581 -6.995726467331712 -7.21649890022581 -114.33640445045268 107.11990555022686
/home/ashley/reuse/Git_Scripts/Repos/atmosphere_buggy/144/b/Jetty8WebSocket.java -6.375993350584438 -4.299450322488789 -6.375993350584438 -6.60069796205878 0.2247046114743414
/home/ashley/reuse/Git_Scripts/Repos/atmosphere_buggy/144/b/ExcludeSessionBroadcaster.java -6.991574259296761 -4.755786284779098 -6.991574259296761 -7.435953979167318 0.44437971987055747
/home/ashley/reuse/Git_Scripts/Repos/atmosphere_buggy/144/b/HeaderBroadcasterCache.java -9.236681336374858 -5.680028178115574 -9.236681336374858 -7.348140542692267 -1.8885407936825906
/home/ashley/reuse/Git_Scripts/Repos/atmosphere_buggy/144/b/JettyCometSupport.java -7.652412125658411 -4.752550688566803 -7.652412125658411 -6.270726602970087 -1.3816855226883238
/home/ashley/reuse/Git_Scripts/Repos/atmosphere_buggy/144/b/AtmosphereResourceEvent.java -6.435570406644452 -4.4520041854184225 -6.435570406644452 -7.14277594583615 0.7072055391916985
/home/ashley/reuse/Git_Scripts/Repos/atmosphere_buggy/145/b/AsynchronousProcessor.java -7.052549660260411 -5.0878353764734365 -7.052549660260411 -9.127572108442717 2.075022448182306
/home/ashley/reuse/Git_Scripts/Repos/atmosphere_buggy/146/b/DefaultBroadcasterFactory.java -6.6103777139863915 -5.50004083234024 -6.6103777139863915 -16.372214570687223 9.761836856700832
/home/ashley/reuse/Git_Scripts/Repos/atmosphere_buggy/146/b/BroadcasterConfig.java -7.350642563048103 -5.450951183357401 -7.350642563048103 -10.545921881271054 3.1952793182229513
/home/ashley/reuse/Git_Scripts/Repos/atmosphere_buggy/146/b/DefaultBroadcaster.java -6.962215255551949 -5.7652902137998465 -6.962215255551949 -16.763374920053906 9.801159664501956
/home/ashley/reuse/Git_Scripts/Repos/atmosphere_buggy/146/b/AsynchronousProcessor.java -7.052549660260411 -5.321636688812686 -7.052549660260411 -10.84141942454925 3.7888697642888385
/home/ashley/reuse/Git_Scripts/Repos/atmosphere_buggy/146/b/AtmosphereServlet.java -8.17446783288409 -0.9951073015174386 -8.17446783288409 -0.5664151482245098 -7.60805268465958
/home/ashley/reuse/Git_Scripts/Repos/atmosphere_buggy/146/b/AtmosphereResourceImpl.java -7.179451940473676 -6.065489970275318 -7.179451940473676 -19.54595170302922 12.366499762555545
/home/ashley/reuse/Git_Scripts/Repos/atmosphere_buggy/147/b/DefaultBroadcaster.java -6.962215255551949 -5.189666972500585 -6.962215255551949 -10.19041501772828 3.228199762176332
/home/ashley/reuse/Git_Scripts/Repos/atmosphere_buggy/148/b/GlassFishWebSocketSupport.java -8.313805634056335 -5.654805964315503 -8.313805634056335 -8.830534952044298 0.5167293179879628
/home/ashley/reuse/Git_Scripts/Repos/atmosphere_buggy/148/b/DefaultBroadcaster.java -6.962215255551949 -6.198579523356393 -6.962215255551949 -28.25682658679745 21.294611331245502
/home/ashley/reuse/Git_Scripts/Repos/atmosphere_buggy/149/b/AtmosphereRequest.java -6.976587201469594 -6.232436944131964 -6.976587201469594 -29.215295828802855 22.23870862733326
/home/ashley/reuse/Git_Scripts/Repos/atmosphere_buggy/150/b/AtmosphereInitializer.java -7.914633002063283 -4.371454274395418 -7.914633002063283 -4.882403475298778 -3.032229526764505
/home/ashley/reuse/Git_Scripts/Repos/atmosphere_buggy/151/b/DefaultBroadcasterFactory.java -6.6103777139863915 -5.592274526792547 -6.6103777139863915 -18.128889953808173 11.518512239821781
/home/ashley/reuse/Git_Scripts/Repos/atmosphere_buggy/151/b/BroadcasterConfig.java -7.350642563048102 -6.319814580296962 -7.350642563048102 -22.532710996320418 15.182068433272317
/home/ashley/reuse/Git_Scripts/Repos/atmosphere_buggy/151/b/DefaultBroadcaster.java -6.962215255551949 -6.247821123504108 -6.962215255551949 -30.44445187093661 23.48223661538466
/home/ashley/reuse/Git_Scripts/Repos/atmosphere_buggy/151/b/ReflectorServletProcessor.java -7.301070431087125 -5.134271957424962 -7.301070431087125 -8.650015594242054 1.3489451631549292
/home/ashley/reuse/Git_Scripts/Repos/atmosphere_buggy/152/b/PathTest.java -7.938296088176632 -5.217999645831134 -7.938296088176632 -7.613513279621356 -0.32478280855527597
/home/ashley/reuse/Git_Scripts/Repos/atmosphere_buggy/153/b/BroadcasterConfig.java -7.350642563048102 -4.852114292791376 -7.350642563048102 -7.137433317434828 -0.2132092456132737
/home/ashley/reuse/Git_Scripts/Repos/atmosphere_buggy/153/b/AtmosphereFramework.java -7.030345792676553 -6.037634048331819 -7.030345792676553 -21.379144233570216 14.348798440893663
/home/ashley/reuse/Git_Scripts/Repos/atmosphere_buggy/154/b/BlockingIOCometSupport.java -7.865548927908339 -5.201194896867716 -7.865548927908339 -7.667673483181085 -0.19787544472725394
/home/ashley/reuse/Git_Scripts/Repos/atmosphere_buggy/156/b/Tomcat7AsyncSupportWithWebSocket.java -6.681514348134596 -4.360306770893763 -6.681514348134596 -6.2688116514447065 -0.41270269668988924
/home/ashley/reuse/Git_Scripts/Repos/atmosphere_buggy/158/b/EventCacheBroadcasterCache.java -6.9556877169519815 -4.745988721956247 -6.9556877169519815 -7.469708664588371 0.5140209476363893
/home/ashley/reuse/Git_Scripts/Repos/atmosphere_buggy/161/b/DefaultBroadcaster.java -6.962215255551949 -4.768275753152829 -6.962215255551949 -7.564921626008524 0.6027063704565752
/home/ashley/reuse/Git_Scripts/Repos/atmosphere_buggy/163/b/AtmosphereResourceImpl.java -7.179451940473676 -5.003432047579428 -7.179451940473676 -8.254037575741975 1.0745856352682992
/home/ashley/reuse/Git_Scripts/Repos/atmosphere_buggy/164/b/BroadcasterListenerAdapter.java -7.671191529444625 -5.114127686296417 -7.671191529444625 -7.671191529444625 0.0
/home/ashley/reuse/Git_Scripts/Repos/atmosphere_buggy/164/b/SimpleBroadcaster.java -7.072195979333985 -4.61072325141384 -7.072195979333985 -6.613909347388925 -0.45828663194506003
/home/ashley/reuse/Git_Scripts/Repos/atmosphere_buggy/164/b/BroadcasterListener.java -10.43012760145868 -5.21506380072934 -10.43012760145868 -5.21506380072934 -5.21506380072934
/home/ashley/reuse/Git_Scripts/Repos/atmosphere_buggy/164/b/DefaultBroadcaster.java -6.962215255551949 -4.664580989898499 -6.962215255551949 -7.067229413771122 0.1050141582191726
/home/ashley/reuse/Git_Scripts/Repos/atmosphere_buggy/164/b/AbstractBroadcasterProxy.java -6.544952654730129 -4.683828677081751 -6.544952654730129 -8.235732090535413 1.6907794358052834
/home/ashley/reuse/Git_Scripts/Repos/atmosphere_buggy/164/b/BroadcasterListenerTest.java -7.158046607667395 -3.409401346306034 -7.158046607667395 -3.2551297921745395 -3.9029168154928557
/home/ashley/reuse/Git_Scripts/Repos/atmosphere_buggy/164/b/ExcludeSessionBroadcaster.java -6.991574259296763 -4.755786284779099 -6.991574259296763 -7.435953979167319 0.4443797198705566
/home/ashley/reuse/Git_Scripts/Repos/atmosphere_buggy/165/b/ApplicationConfig.java -7.776680043459688 -4.403662193284402 -7.776680043459688 -5.0705751959667795 -2.7061048474929086
/home/ashley/reuse/Git_Scripts/Repos/atmosphere_buggy/166/b/ManagedServiceProcessor.java -7.708907166745274 -5.652560962216448 -7.708907166745274 -10.570682449063707 2.8617752823184324
/home/ashley/reuse/Git_Scripts/Repos/atmosphere_buggy/166/b/MeteorServiceProcessor.java -7.933198661243242 -5.042808451332914 -7.933198661243242 -6.920449895978147 -1.012748765265095
/home/ashley/reuse/Git_Scripts/Repos/atmosphere_buggy/166/b/ManagedService.java -5.542662488644907 -2.4440086564103525 -5.542662488644907 -2.178169118344665 -3.3644933703002415
/home/ashley/reuse/Git_Scripts/Repos/atmosphere_buggy/167/b/AtmosphereResponse.java -6.6681654543599 -4.435323627962069 -6.6681654543599 -6.6228318202449685 -0.04533363411493152
/home/ashley/reuse/Git_Scripts/Repos/atmosphere_buggy/168/b/ManagedAtmosphereHandlerTest.java -7.774661193743974 -4.220597655010361 -7.774661193743974 -4.614836985488307 -3.1598242082556665
/home/ashley/reuse/Git_Scripts/Repos/atmosphere_buggy/169/b/DefaultBroadcaster.java -6.962215255551949 -6.247821123504108 -6.962215255551949 -30.44445187093661 23.48223661538466
/home/ashley/reuse/Git_Scripts/Repos/atmosphere_buggy/170/b/AtmosphereInitializer.java -7.914633002063283 -3.2762097394161738 -7.914633002063283 -2.7951306141115686 -5.119502387951714
/home/ashley/reuse/Git_Scripts/Repos/atmosphere_buggy/171/b/AtmosphereResourceImpl.java -7.179451940473676 -5.098419258854666 -7.179451940473676 -8.792296613819373 1.6128446733456965
/home/ashley/reuse/Git_Scripts/Repos/atmosphere_buggy/172/b/ReflectorServletProcessor.java -7.3010704310871235 -4.6139838192003815 -7.3010704310871235 -6.263578941257661 -1.0374914898294625
/home/ashley/reuse/Git_Scripts/Repos/atmosphere_buggy/173/b/SimpleHttpProtocol.java -8.013644475177276 -5.347815163878384 -8.013644475177276 -8.025767991781176 0.012123516603899986
/home/ashley/reuse/Git_Scripts/Repos/atmosphere_buggy/174/b/ManagedAtmosphereHandler.java -6.922909325942102 -4.612492599091545 -6.922909325942102 -6.91041309972199 -0.012496226220112483
/home/ashley/reuse/Git_Scripts/Repos/atmosphere_buggy/175/b/AtmosphereResourceFactory.java -7.332015272839503 -4.889772261987412 -7.332015272839503 -7.332015272839503 0.0
/home/ashley/reuse/Git_Scripts/Repos/atmosphere_buggy/176/b/CookieTest.java -7.337881020463628 -3.967018926810326 -7.337881020463628 -4.317814268591588 -3.020066751872039
/home/ashley/reuse/Git_Scripts/Repos/atmosphere_buggy/176/b/AtmosphereResponse.java -6.6681654543599 -4.477953148832579 -6.6681654543599 -6.816629697936616 0.14846424357671584
/home/ashley/reuse/Git_Scripts/Repos/atmosphere_buggy/178/b/BuilderResponseTest.java -9.14544437487776 -6.119544260720674 -9.14544437487776 -9.213440243835958 0.06799586895819765
/home/ashley/reuse/Git_Scripts/Repos/atmosphere_buggy/179/b/ManagedService.java -5.542662488644907 -2.565199168298469 -5.542662488644907 -2.387608456647037 -3.15505403199787
/home/ashley/reuse/Git_Scripts/Repos/atmosphere_buggy/180/b/DefaultBroadcaster.java -6.962215255551949 -5.335524193178197 -6.962215255551949 -11.417984887648192 4.455769632096243
/home/ashley/reuse/Git_Scripts/Repos/atmosphere_buggy/181/b/AtmosphereFilter.java -7.487088386184994 -4.909884716537883 -7.487088386184994 -7.131904488505467 -0.3551838976795274
/home/ashley/reuse/Git_Scripts/Repos/atmosphere_buggy/182/b/JavaScriptProtocol.java -7.974106373297154 -5.27782580103121 -7.974106373297154 -7.804444535567428 -0.1696618377297261
/home/ashley/reuse/Git_Scripts/Repos/atmosphere_buggy/184/b/AtmosphereResponse.java -6.6681654543599 -4.5631264237713385 -6.6681654543599 -7.225719410085206 0.5575539557253055
/home/ashley/reuse/Git_Scripts/Repos/atmosphere_buggy/184/b/AtmosphereRequest.java -6.976587201469594 -5.316510348168455 -6.976587201469594 -11.171500276555074 4.19491307508548
/home/ashley/reuse/Git_Scripts/Repos/atmosphere_buggy/184/b/AtmosphereFramework.java -7.030345792676553 -5.9475729150127155 -7.030345792676553 -19.308524937340657 12.278179144664104
/home/ashley/reuse/Git_Scripts/Repos/atmosphere_buggy/184/b/AtmosphereResourceImpl.java -7.179451940473676 -5.17347821113851 -7.179451940473676 -9.25803205664781 2.078580116174134
/home/ashley/reuse/Git_Scripts/Repos/atmosphere_buggy/186/b/BroadcasterFactory.java -7.937781091825561 -5.25908716300517 -7.937781091825561 -7.756553213016757 -0.1812278788088033
/home/ashley/reuse/Git_Scripts/Repos/atmosphere_buggy/186/b/DefaultBroadcasterFactory.java -6.6103777139863915 -4.7657367723625095 -6.6103777139863915 -8.533396685327887 1.9230189713414951
/home/ashley/reuse/Git_Scripts/Repos/atmosphere_buggy/186/b/AsynchronousProcessor.java -7.052549660260411 -5.026354751702241 -7.052549660260411 -8.74758305500111 1.6950333947406993
/home/ashley/reuse/Git_Scripts/Repos/atmosphere_buggy/187/b/Tomcat7AsyncSupportWithWebSocket.java -6.681514348134597 -4.27791725342048 -6.681514348134597 -5.945872869400586 -0.7356414787340109
/home/ashley/reuse/Git_Scripts/Repos/atmosphere_buggy/189/b/AtmosphereRequest.java -6.976587201469594 -6.458542113845884 -6.976587201469594 -43.45801321001081 36.48142600854122
/home/ashley/reuse/Git_Scripts/Repos/atmosphere_buggy/190/b/DefaultBroadcaster.java -6.962215255551949 -5.527019205214795 -6.962215255551949 -13.40321780481486 6.441002549262911
/home/ashley/reuse/Git_Scripts/Repos/atmosphere_buggy/191/b/AtmosphereResponse.java -6.6681654543599 -4.368423108502389 -6.6681654543599 -6.333180783189338 -0.3349846711705622
/home/ashley/reuse/Git_Scripts/Repos/atmosphere_buggy/192/b/OnDisconnectInterceptor.java -8.49450562045848 -5.66300374697232 -8.49450562045848 -8.49450562045848 0.0
/home/ashley/reuse/Git_Scripts/Repos/atmosphere_buggy/193/b/WebSocketProcessor.java -7.222175254004401 -5.22709921698661 -7.222175254004401 -9.461049582745765 2.238874328741365
/home/ashley/reuse/Git_Scripts/Repos/atmosphere_buggy/194/b/AbstractReflectorAtmosphereHandler.java -7.124389344355617 -4.709487769248345 -7.124389344355617 -6.934574352942945 -0.1898149914126721
/home/ashley/reuse/Git_Scripts/Repos/atmosphere_buggy/195/b/MeteorServlet.java -8.540669184730914 -5.647861880225282 -8.540669184730914 -8.337319918427797 -0.20334926630311756
/home/ashley/reuse/Git_Scripts/Repos/atmosphere_buggy/196/b/AtmosphereFilter.java -7.487088386184994 -5.383814060693205 -7.487088386184994 -9.582461792702787 2.095373406517793
/home/ashley/reuse/Git_Scripts/Repos/atmosphere_buggy/197/b/ChatAtmosphereHandler.java -7.137847314826811 -5.725478236560281 -7.137847314826811 -14.467744333191563 7.329897018364752
/home/ashley/reuse/Git_Scripts/Repos/atmosphere_buggy/198/b/AtmosphereResourceFactory.java -7.332015272839503 -6.552767272827576 -7.332015272839503 -30.688299218898376 23.356283946058873
/home/ashley/reuse/Git_Scripts/Repos/atmosphere_buggy/198/b/AtmosphereFramework.java -7.030345792676553 -5.786652733514937 -7.030345792676553 -16.352994168405402 9.32264837572885
/home/ashley/reuse/Git_Scripts/Repos/atmosphere_buggy/199/b/AtmosphereResourceImpl.java -7.179451940473676 -5.3869305900390385 -7.179451940473676 -10.78441344372164 3.6049615032479636
/home/ashley/reuse/Git_Scripts/Repos/atmosphere_buggy/200/b/AtmosphereResponse.java -6.6681654543599 -4.581987693196847 -6.6681654543599 -7.322830445437148 0.6546649910772482
/home/ashley/reuse/Git_Scripts/Repos/atmosphere_buggy/201/b/JSR356Endpoint.java -7.117316998675172 -5.941236127099217 -7.117316998675172 -17.977361039757117 10.860044041081945
/home/ashley/reuse/Git_Scripts/Repos/atmosphere_buggy/202/b/DefaultBroadcaster.java -6.962215255551949 -5.765793381037916 -6.962215255551949 -16.771886407700546 9.809671152148596
/home/ashley/reuse/Git_Scripts/Repos/atmosphere_buggy/202/b/AbstractBroadcasterProxy.java -6.544952654730129 -4.639849065090373 -6.544952654730129 -7.970063313421367 1.4251106586912377
/home/ashley/reuse/Git_Scripts/Repos/atmosphere_buggy/203/b/WebSocketProcessorTest.java -7.12519315039826 -4.15314617000462 -7.12519315039826 -4.978381707680862 -2.1468114427173983
/home/ashley/reuse/Git_Scripts/Repos/atmosphere_buggy/204/b/ServiceTest.java -7.653926233540878 -4.955426599920697 -7.653926233540878 -7.006464195658267 -0.6474620378826117
/home/ashley/reuse/Git_Scripts/Repos/atmosphere_buggy/205/b/DefaultBroadcaster.java -6.962215255551949 -5.829388560834063 -6.962215255551949 -17.908501100550946 10.946285844998997
/home/ashley/reuse/Git_Scripts/Repos/atmosphere_buggy/205/b/AbstractBroadcasterProxy.java -6.544952654730129 -4.860432053430735 -6.544952654730129 -9.442240613352702 2.897287958622573
/home/ashley/reuse/Git_Scripts/Repos/atmosphere_buggy/206/b/ManagedAtmosphereHandler.java -6.922909325942102 -4.9835574814449135 -6.922909325942102 -8.89490905493955 1.9719997289974476
/home/ashley/reuse/Git_Scripts/Repos/atmosphere_buggy/207/b/AtmosphereResponse.java -6.6681654543599 -4.5527865253461375 -6.6681654543599 -7.175720012381491 0.5075545580215906
/home/ashley/reuse/Git_Scripts/Repos/atmosphere_buggy/208/b/DefaultBroadcaster.java -6.962215255551949 -5.099140209936126 -6.962215255551949 -9.526238004316141 2.5640227487641924
/home/ashley/reuse/Git_Scripts/Repos/atmosphere_buggy/209/b/DefaultAnnotationProcessor.java -6.976824423031284 -4.322238559516065 -6.976824423031284 -5.677531944416168 -1.2992924786151168
/home/ashley/reuse/Git_Scripts/Repos/atmosphere_buggy/210/b/AtmosphereFramework.java -7.030345792676553 -5.668251989627522 -7.030345792676553 -14.628130396711697 7.5977846040351436
/home/ashley/reuse/Git_Scripts/Repos/atmosphere_buggy/211/b/BroadcasterScopeTest.java -8.232548616577132 -5.466270874238279 -8.232548616577132 -8.133915845611751 -0.0986327709653807
/home/ashley/reuse/Git_Scripts/Repos/atmosphere_buggy/211/b/AtmosphereResourceImpl.java -7.179451940473676 -6.225529283475195 -7.179451940473676 -23.42741728944637 16.247965348972695
/home/ashley/reuse/Git_Scripts/Repos/atmosphere_buggy/212/b/DefaultAnnotationProcessor.java -6.976824423031286 -5.226624481858489 -6.976824423031286 -10.41745016589603 3.4406257428647438
/home/ashley/reuse/Git_Scripts/Repos/atmosphere_buggy/212/b/AtmosphereFramework.java -7.030345792676553 -5.726106128517396 -7.030345792676553 -15.430807351444875 8.40046155876832
/home/ashley/reuse/Git_Scripts/Repos/atmosphere_buggy/212/b/AsynchronousProcessor.java -7.052549660260411 -4.708216335909584 -7.052549660260411 -7.079495838191242 0.02694617793083154
/home/ashley/reuse/Git_Scripts/Repos/atmosphere_buggy/213/b/DefaultBroadcaster.java -6.962215255551949 -4.981109896700026 -6.962215255551949 -8.752578240584585 1.790362985032636
/home/ashley/reuse/Git_Scripts/Repos/atmosphere_buggy/214/b/AtmosphereFramework.java -7.030345792676553 -5.7857530673561195 -7.030345792676553 -16.341026227708383 9.31068043503183
/home/ashley/reuse/Git_Scripts/Repos/atmosphere_buggy/215/b/AtmosphereResourceImpl.java -7.179451940473676 -5.096845915463568 -7.179451940473676 -8.782945593756816 1.6034936532831399
/home/ashley/reuse/Git_Scripts/Repos/atmosphere_buggy/216/b/DefaultBroadcasterFactoryTest.java -7.363501070227275 -3.7495489837186122 -7.363501070227275 -3.8198912566594996 -3.5436098135677754
/home/ashley/reuse/Git_Scripts/Repos/atmosphere_buggy/216/b/DefaultBroadcasterFactory.java -6.6103777139863915 -4.593002565317837 -6.6103777139863915 -7.524996483201848 0.9146187692154566
/home/ashley/reuse/Git_Scripts/Repos/atmosphere_buggy/217/b/WebSocketAdapter.java -10.068433615305796 -7.8310039230156185 -10.068433615305796 -17.43029905445412 7.361865439148325
/home/ashley/reuse/Git_Scripts/Repos/atmosphere_buggy/217/b/GrizzlyWebSocket.java -7.0602436684227 -4.713294536886583 -7.0602436684227 -7.0602436684227 0.0
/home/ashley/reuse/Git_Scripts/Repos/atmosphere_buggy/217/b/Jetty8WebSocket.java -6.375993350584438 -4.756693452023311 -6.375993350584438 -9.335566588083134 2.959573237498696
/home/ashley/reuse/Git_Scripts/Repos/atmosphere_buggy/217/b/AsyncIOWriter.java -5.2921632842237 -3.5281088561491334 -5.2921632842237 -5.2921632842237 0.0
/home/ashley/reuse/Git_Scripts/Repos/atmosphere_buggy/218/b/HazelcastBroadcaster.java -7.638376448328511 -5.126427146529203 -7.638376448328511 -7.7678404559273 0.12946400759878873
/home/ashley/reuse/Git_Scripts/Repos/atmosphere_buggy/219/b/BroadcasterConfig.java -7.350642563048101 -5.450951183357399 -7.350642563048101 -10.54592188127105 3.1952793182229495
/home/ashley/reuse/Git_Scripts/Repos/atmosphere_buggy/219/b/DefaultBroadcaster.java -6.962215255551949 -5.7652902137998465 -6.962215255551949 -16.763374920053906 9.801159664501956
/home/ashley/reuse/Git_Scripts/Repos/atmosphere_buggy/220/b/AtmosphereFramework.java -7.030345792676553 -5.253488832888037 -7.030345792676553 -10.392059125728723 3.36171333305217
/home/ashley/reuse/Git_Scripts/Repos/atmosphere_buggy/221/b/Meteor.java -7.998417389130323 -5.5156372701995355 -7.998417389130323 -8.871189391232734 0.872772002102411
/home/ashley/reuse/Git_Scripts/Repos/atmosphere_buggy/221/b/AtmosphereServlet.java -8.17446783288409 -1.1026294887576704 -8.17446783288409 -0.637274839216678 -7.5371929936674125
/home/ashley/reuse/Git_Scripts/Repos/atmosphere_buggy/221/b/AtmosphereResourceImpl.java -7.179451940473676 -6.4116184740138555 -7.179451940473676 -29.94801303546635 22.768561094992673
/home/ashley/reuse/Git_Scripts/Repos/atmosphere_buggy/222/b/DefaultBroadcaster.java -6.962215255551949 -6.028879408645048 -6.962215255551949 -22.486201688200286 15.523986432648336
/home/ashley/reuse/Git_Scripts/Repos/atmosphere_buggy/223/b/WebSocketProcessor.java -7.222175254004401 -4.8130339447107815 -7.222175254004401 -7.210380738075161 -0.011794515929239857
/home/ashley/reuse/Git_Scripts/Repos/atmosphere_buggy/224/b/AtmosphereRequest.java -6.976587201469594 -5.218984785464182 -6.976587201469594 -10.358059970606524 3.3814727691369297
/home/ashley/reuse/Git_Scripts/Repos/atmosphere_buggy/225/b/DefaultBroadcaster.java -6.962215255551949 -5.492555749911244 -6.962215255551949 -13.009937093330532 6.047721837778583
/home/ashley/reuse/Git_Scripts/Repos/atmosphere_buggy/225/b/AtmosphereServlet.java -8.17446783288409 -0.9346443316856398 -8.17446783288409 -0.527563222193229 -7.646904610690862
/home/ashley/reuse/Git_Scripts/Repos/atmosphere_buggy/226/b/WebSocketProcessor.java -7.222175254004401 -4.8130339447107815 -7.222175254004401 -7.210380738075161 -0.011794515929239857
/home/ashley/reuse/Git_Scripts/Repos/atmosphere_buggy/227/b/AtmosphereRequest.java -6.976587201469594 -5.094099440028878 -6.976587201469594 -9.438021470659612 2.4614342691900175
/home/ashley/reuse/Git_Scripts/Repos/atmosphere_buggy/227/b/AtmosphereFramework.java -7.030345792676553 -5.616071793737294 -7.030345792676553 -13.956981021090595 6.926635228414042
/home/ashley/reuse/Git_Scripts/Repos/atmosphere_buggy/228/b/AtmosphereRequest.java -6.976587201469594 -4.615972441791141 -6.976587201469594 -6.820284138817649 -0.15630306265194527
/home/ashley/reuse/Git_Scripts/Repos/atmosphere_buggy/229/b/DefaultBroadcaster.java -6.962215255551949 -5.527019205214795 -6.962215255551949 -13.40321780481486 6.441002549262911
/home/ashley/reuse/Git_Scripts/Repos/atmosphere_buggy/230/b/DefaultWebSocketProcessor.java -7.0693022848121085 -5.29285738661629 -7.0693022848121085 -10.528670890697839 3.4593686058857305
/home/ashley/reuse/Git_Scripts/Repos/atmosphere_buggy/231/b/AtmosphereRequest.java -6.976587201469594 -4.825224005961734 -6.976587201469594 -7.823782640352756 0.847195438883162
/home/ashley/reuse/Git_Scripts/Repos/atmosphere_buggy/232/b/AtmosphereFramework.java -7.030345792676553 -5.368689165073512 -7.030345792676553 -11.357262582675856 4.326916789999303
/home/ashley/reuse/Git_Scripts/Repos/atmosphere_buggy/233/b/JSONPAtmosphereInterceptor.java -7.535239355826391 -5.0815200496387 -7.535239355826391 -7.789378963105528 0.25413960727913665
/home/ashley/reuse/Git_Scripts/Repos/atmosphere_buggy/233/b/AsyncIOWriterAdapter.java -6.878914153122752 -4.550666285911975 -6.878914153122752 -6.705641756318653 -0.17327239680409878
/home/ashley/reuse/Git_Scripts/Repos/atmosphere_buggy/233/b/SSEAtmosphereInterceptor.java -6.84481777773718 -5.195383640077586 -6.84481777773718 -10.779895204614425 3.9350774268772444
/home/ashley/reuse/Git_Scripts/Repos/atmosphere_buggy/234/b/BroadcasterFuture.java -6.174697950870501 -3.3075654757809816 -6.174697950870501 -3.5616104144328338 -2.613087536437667
/home/ashley/reuse/Git_Scripts/Repos/atmosphere_buggy/235/b/DefaultBroadcaster.java -6.962215255551949 -6.017347714721964 -6.962215255551949 -22.161845206283946 15.199629950731996
/home/ashley/reuse/Git_Scripts/Repos/atmosphere_buggy/236/b/DefaultBroadcaster.java -6.962215255551949 -6.247821123504108 -6.962215255551949 -30.44445187093661 23.48223661538466
/home/ashley/reuse/Git_Scripts/Repos/atmosphere_buggy/237/b/AnnotationDetector.java -6.122740716794175 -3.6599163118774154 -6.122740716794175 -4.548126706874693 -1.5746140099194825
/home/ashley/reuse/Git_Scripts/Repos/atmosphere_buggy/238/b/BaseTest.java -6.901657548011719 -4.260615846188843 -6.901657548011719 -5.566154125324742 -1.335503422686977
/home/ashley/reuse/Git_Scripts/Repos/atmosphere_buggy/238/b/ChatAtmosphereHandler.java -7.137847314826811 -4.755058196465319 -7.137847314826811 -7.114238117534109 -0.023609197292701722
/home/ashley/reuse/Git_Scripts/Repos/atmosphere_buggy/238/b/TwitterAtmosphereHandler.java -6.664352517326726 -4.45694371892015 -6.664352517326726 -6.7279436673012185 0.06359114997449211
/home/ashley/reuse/Git_Scripts/Repos/atmosphere_buggy/238/b/WebSocketAtmosphereHandler.java -8.392789295673838 -5.575210032126192 -8.392789295673838 -8.303504303166669 -0.08928499250716904
/home/ashley/reuse/Git_Scripts/Repos/atmosphere_buggy/238/b/AtmosphereServlet.java -8.17446783288409 -0.9804228295641201 -8.17446783288409 -0.5570186785875352 -7.617449154296556
/home/ashley/reuse/Git_Scripts/Repos/atmosphere_buggy/238/b/FlickrAtmosphereHandler.java -7.457610506464875 -4.97174033764325 -7.457610506464875 -7.457610506464875 0.0
/home/ashley/reuse/Git_Scripts/Repos/atmosphere_buggy/240/b/AnnotationHandler.java -7.087359339899481 -4.725599231326348 -7.087359339899481 -7.087359339899481 0.0
/home/ashley/reuse/Git_Scripts/Repos/atmosphere_buggy/240/b/WebSocketHandlerService.java -5.844698806574106 -2.6121558912063043 -5.844698806574106 -2.349627660934314 -3.4950711456397925
/home/ashley/reuse/Git_Scripts/Repos/atmosphere_buggy/241/b/DefaultBroadcaster.java -6.962215255551949 -4.579223716637724 -6.962215255551949 -6.688717278519028 -0.2734979770329211
/home/ashley/reuse/Git_Scripts/Repos/atmosphere_buggy/242/b/DefaultAsyncSupportResolver.java -7.613788972554587 -5.076983785420759 -7.613788972554587 -7.613788972554587 0.0
/home/ashley/reuse/Git_Scripts/Repos/atmosphere_buggy/245/b/ApplicationConfig.java -7.776680043459688 -4.452840146711943 -7.776680043459688 -5.202903374271963 -2.5737766691877253
/home/ashley/reuse/Git_Scripts/Repos/atmosphere_buggy/246/b/AbstractReflectorAtmosphereHandler.java -7.124389344355617 -4.837875292077916 -7.124389344355617 -7.536998765843394 0.4126094214877769
/home/ashley/reuse/Git_Scripts/Repos/atmosphere_buggy/247/b/AtmosphereResponse.java -6.6681654543599 -4.465512662240461 -6.6681654543599 -6.757878001990557 0.08971254763065684
/home/ashley/reuse/Git_Scripts/Repos/atmosphere_buggy/247/b/AtmosphereResource.java -11.523059263202846 -7.218468159132818 -11.523059263202846 -9.62462421217709 -1.8984350510257553
/home/ashley/reuse/Git_Scripts/Repos/atmosphere_buggy/247/b/AtmosphereResourceImpl.java -7.179451940473676 -5.10709003990714 -7.179451940473676 -8.846453770251577 1.6670018297779006
/home/ashley/reuse/Git_Scripts/Repos/atmosphere_buggy/248/b/BroadcasterConfig.java -7.350642563048102 -5.520835172887623 -7.350642563048102 -11.08113307038488 3.7304905073367776
/home/ashley/reuse/Git_Scripts/Repos/atmosphere_buggy/249/b/Jetty8WebSocket.java -6.375993350584438 -4.049617398344171 -6.375993350584438 -5.549475694027196 -0.8265176565572423
/home/ashley/reuse/Git_Scripts/Repos/atmosphere_buggy/250/b/FakeHttpSession.java -6.403420301255185 -4.20863619308541 -6.403420301255185 -6.128497068285374 -0.2749232329698108
/home/ashley/reuse/Git_Scripts/Repos/atmosphere_buggy/251/b/JSR356Endpoint.java -7.117316998675172 -5.654484491897574 -7.117316998675172 -13.755764383983017 6.638447385307845
/home/ashley/reuse/Git_Scripts/Repos/atmosphere_buggy/252/b/JerseyBroadcasterUtil.java -7.236976640470609 -5.306736608118496 -7.236976640470609 -9.933523164828584 2.6965465243579745
/home/ashley/reuse/Git_Scripts/Repos/atmosphere_buggy/253/b/WebSocketProcessor.java -7.222175254004401 -5.03821582953369 -7.222175254004401 -8.330483909335893 1.1083086553314923
/home/ashley/reuse/Git_Scripts/Repos/atmosphere_buggy/253/b/AtmosphereRequest.java -6.976587201469594 -6.210187322238387 -6.976587201469594 -28.25275011936202 21.276162917892425
/home/ashley/reuse/Git_Scripts/Repos/atmosphere_buggy/253/b/AtmosphereServlet.java -8.17446783288409 -0.8937168609506934 -8.17446783288409 -0.5016299939215618 -7.672837838962529
/home/ashley/reuse/Git_Scripts/Repos/atmosphere_buggy/253/b/AtmosphereResourceImpl.java -7.179451940473676 -5.307303723990904 -7.179451940473676 -10.176419709833452 2.9969677693597756
/home/ashley/reuse/Git_Scripts/Repos/atmosphere_buggy/254/b/AndroidAtmosphereInterceptor.java -7.68380307129765 -5.1749950805486575 -7.68380307129765 -7.924807964677834 0.24100489338018427
/home/ashley/reuse/Git_Scripts/Repos/atmosphere_buggy/254/b/JSONPAtmosphereInterceptor.java -7.535239355826391 -5.103979806764174 -7.535239355826391 -7.9094207621944825 0.3741814063680913
/home/ashley/reuse/Git_Scripts/Repos/atmosphere_buggy/254/b/AsyncIOWriterAdapter.java -6.878914153122752 -4.589896167687078 -6.878914153122752 -6.878914153122752 0.0
/home/ashley/reuse/Git_Scripts/Repos/atmosphere_buggy/254/b/AtmosphereInterceptorWriter.java -6.8828653416991665 -4.5934376750746555 -6.8828653416991665 -6.8828653416991665 0.0
/home/ashley/reuse/Git_Scripts/Repos/atmosphere_buggy/254/b/AsyncIOInterceptorTest.java -7.526185555105437 -5.821034140276861 -7.526185555105437 -12.818793461598938 5.292607906493501
/home/ashley/reuse/Git_Scripts/Repos/atmosphere_buggy/254/b/AsyncIOInterceptor.java -8.705957389863295 -7.407278663198604 -8.705957389863295 -24.82810070442495 16.122143314561654
/home/ashley/reuse/Git_Scripts/Repos/atmosphere_buggy/254/b/MessageLengthInterceptor.java -7.387819655171591 -4.7848136421179746 -7.387819655171591 -6.79009961834541 -0.597720036826181
/home/ashley/reuse/Git_Scripts/Repos/atmosphere_buggy/254/b/SSEAtmosphereInterceptor.java -6.84481777773718 -4.594709431475001 -6.84481777773718 -6.979381692109471 0.13456391437229076
/home/ashley/reuse/Git_Scripts/Repos/atmosphere_buggy/254/b/AtmosphereInterceptorAdapter.java -7.725835533461718 -5.1505570223078125 -7.725835533461718 -7.637032826180549 -0.08880270728116901
/home/ashley/reuse/Git_Scripts/Repos/atmosphere_buggy/255/b/ApplicationConfig.java -7.776680043459688 -4.035002340856729 -7.776680043459688 -4.189157158081437 -3.5875228853782515
/home/ashley/reuse/Git_Scripts/Repos/atmosphere_buggy/256/b/ApplicationConfig.java -7.776680043459688 -3.9478375738175195 -7.776680043459688 -4.005522871699784 -3.7711571717599037
/home/ashley/reuse/Git_Scripts/Repos/atmosphere_buggy/257/b/NettyCometSupport.java -7.612733662175792 -5.884332397038941 -7.612733662175792 -12.958754492355421 5.346020830179629
/home/ashley/reuse/Git_Scripts/Repos/atmosphere_buggy/259/b/AtmosphereRequest.java -6.976587201469594 -5.3230177047757605 -6.976587201469594 -11.22919153582168 4.252604334352086
/home/ashley/reuse/Git_Scripts/Repos/atmosphere_buggy/261/b/WebSocketProcessor.java -7.222175254004401 -5.030561874608458 -7.222175254004401 -8.283595632172652 1.0614203781682514
/home/ashley/reuse/Git_Scripts/Repos/atmosphere_buggy/262/b/Jetty9WebSocket.java -8.920778291591343 -5.498002330769288 -8.920778291591343 -7.136622633273075 -1.7841556583182685
/home/ashley/reuse/Git_Scripts/Repos/atmosphere_buggy/263/b/WebSocketProcessor.java -7.222175254004401 -4.985122098548766 -7.222175254004401 -8.042179366025543 0.8200041120211425
/home/ashley/reuse/Git_Scripts/Repos/atmosphere_buggy/264/b/AtmosphereInitializer.java -7.914633002063283 -3.5300006347230606 -7.914633002063283 -3.185975149135644 -4.72865785292764
/home/ashley/reuse/Git_Scripts/Repos/atmosphere_buggy/265/b/AtmosphereServlet.java -8.187038856304364 -5.473194748302513 -8.187038856304364 -8.249392541424731 0.06235368512036743
/home/ashley/reuse/Git_Scripts/Repos/atmosphere_buggy/266/b/WebSocketProcessorFactory.java -8.12989082184264 -4.903406735889424 -8.12989082184264 -6.177647302123847 -1.9522435197187926
/home/ashley/reuse/Git_Scripts/Repos/atmosphere_buggy/267/b/BlockingIOCometSupport.java -7.865548927908342 -4.681874361850204 -7.865548927908342 -5.7834918587561335 -2.0820570691522082
/home/ashley/reuse/Git_Scripts/Repos/atmosphere_buggy/268/b/ApplicationConfig.java -7.776680043459688 -5.202903374271963 -7.776680043459688 -7.86030025898076 0.0836202155210719
/home/ashley/reuse/Git_Scripts/Repos/atmosphere_buggy/269/b/HeartbeatInterceptor.java -7.384758006468472 -5.7072803392027875 -7.384758006468472 -12.544553055464377 5.159795048995905
/home/ashley/reuse/Git_Scripts/Repos/atmosphere_buggy/270/b/MetaBroadcaster.java -6.65741134509937 -4.672622761610693 -6.65741134509937 -7.8364950411591385 1.1790836960597684
/home/ashley/reuse/Git_Scripts/Repos/atmosphere_buggy/271/b/AtmosphereResponse.java -6.6681654543599 -4.438385428064211 -6.6681654543599 -6.635134294214464 -0.033031160145435834
/home/ashley/reuse/Git_Scripts/Repos/atmosphere_buggy/271/b/TrackMessageSizeInterceptor.java -8.020693650381986 -5.3495552023872595 -8.020693650381986 -8.020693650381986 0.0
/home/ashley/reuse/Git_Scripts/Repos/atmosphere_buggy/271/b/ApplicationConfig.java -7.776680043459688 -4.612037375931929 -7.776680043459688 -5.666728093683804 -2.1099519497758843
/home/ashley/reuse/Git_Scripts/Repos/atmosphere_buggy/272/b/AtmosphereFramework.java -7.030345792676553 -4.886715013030888 -7.030345792676553 -8.013342749619845 0.9829969569432917
/home/ashley/reuse/Git_Scripts/Repos/atmosphere_buggy/273/b/AtmosphereResponse.java -6.6681654543599 -4.8334424380497785 -6.6681654543599 -8.783394987833082 2.1152295334731823
/home/ashley/reuse/Git_Scripts/Repos/atmosphere_buggy/274/b/WebSocketServlet.java -10.173171981534168 -6.7821146543561115 -10.173171981534168 -10.173171981534168 0.0
/home/ashley/reuse/Git_Scripts/Repos/atmosphere_buggy/275/b/AbstractReflectorAtmosphereHandler.java -7.124389344355617 -4.861974297268839 -7.124389344355617 -7.640245324279604 0.5158559799239875
/home/ashley/reuse/Git_Scripts/Repos/atmosphere_buggy/275/b/Meteor.java -7.998417389130323 -4.7707602112015275 -7.998417389130323 -5.905299206701194 -2.093118182429129
/home/ashley/reuse/Git_Scripts/Repos/atmosphere_buggy/275/b/MeteorServlet.java -8.540669184730914 -5.727037514060216 -8.540669184730914 -8.661385356953259 0.12071617222234465
/home/ashley/reuse/Git_Scripts/Repos/atmosphere_buggy/275/b/AtmosphereFramework.java -7.030345792676553 -5.9752671369997685 -7.030345792676553 -19.90406332460397 12.873717531927419
/home/ashley/reuse/Git_Scripts/Repos/atmosphere_buggy/275/b/AtmosphereResource.java -11.523059263202846 -7.924375139994386 -11.523059263202846 -12.623250851146837 1.100191587943991
/home/ashley/reuse/Git_Scripts/Repos/atmosphere_buggy/275/b/AtmosphereFilterChain.java -7.110934519556555 -4.6389264797547165 -7.110934519556555 -6.672126851419363 -0.4388076681371924
/home/ashley/reuse/Git_Scripts/Repos/atmosphere_buggy/275/b/AtmosphereServlet.java -8.17446783288409 -3.202714576576126 -8.17446783288409 -2.6307048965136666 -5.543762936370424
/home/ashley/reuse/Git_Scripts/Repos/atmosphere_buggy/275/b/AtmosphereResourceImpl.java -7.179451940473676 -5.17347821113851 -7.179451940473676 -9.25803205664781 2.078580116174134
/home/ashley/reuse/Git_Scripts/Repos/atmosphere_buggy/275/b/AtmosphereResourceEvent.java -6.435570406644452 -4.4520041854184225 -6.435570406644452 -7.14277594583615 0.7072055391916985
/home/ashley/reuse/Git_Scripts/Repos/atmosphere_buggy/276/b/BaseTest.java -6.901657548011719 -4.514694035065227 -6.901657548011719 -6.52573437115016 -0.3759231768615585
/home/ashley/reuse/Git_Scripts/Repos/atmosphere_buggy/277/b/AtmosphereFilter.java -7.487088386184994 -4.784162694818314 -7.487088386184994 -6.626051368042295 -0.8610370181426994
/home/ashley/reuse/Git_Scripts/Repos/atmosphere_buggy/280/b/JSR356Endpoint.java -7.117316998675172 -4.872368879934172 -7.117316998675172 -7.7178900096662675 0.6005730109910958
/home/ashley/reuse/Git_Scripts/Repos/atmosphere_buggy/281/b/AtmosphereFramework.java -7.030345792676553 -5.170281627736011 -7.030345792676553 -9.770863923306816 2.740518130630263
/home/ashley/reuse/Git_Scripts/Repos/atmosphere_buggy/282/b/DefaultBroadcaster.java -6.962215255551949 -4.6257149250757905 -6.962215255551949 -6.891046266812605 -0.07116898873934385
/home/ashley/reuse/Git_Scripts/Repos/atmosphere_buggy/283/b/JSONPAtmosphereInterceptor.java -7.535239355826393 -5.120955349358735 -7.535239355826393 -7.991525475988891 0.45628612016249814
/home/ashley/reuse/Git_Scripts/Repos/atmosphere_buggy/283/b/SSEAtmosphereInterceptor.java -6.84481777773718 -5.512700032173423 -6.84481777773718 -14.162947423083846 7.318129645346666
/home/ashley/reuse/Git_Scripts/Repos/atmosphere_buggy/285/b/UnboundedApachePoolableProvider.java -8.089056512676656 -5.472360240481401 -8.089056512676656 -8.439152352633048 0.35009583995639204
/home/ashley/reuse/Git_Scripts/Repos/atmosphere_buggy/286/b/BroadcasterListenerAdapter.java -7.6711915294446245 -5.114127686296416 -7.6711915294446245 -7.6711915294446245 0.0
/home/ashley/reuse/Git_Scripts/Repos/atmosphere_buggy/286/b/BroadcasterListener.java -10.43012760145868 -5.21506380072934 -10.43012760145868 -5.21506380072934 -5.21506380072934
/home/ashley/reuse/Git_Scripts/Repos/atmosphere_buggy/286/b/DefaultBroadcaster.java -6.962215255551949 -4.711486275847414 -6.962215255551949 -7.286253508319449 0.3240382527675001
/home/ashley/reuse/Git_Scripts/Repos/atmosphere_buggy/286/b/BroadcasterListenerTest.java -7.158046607667395 -4.774670469494955 -7.158046607667395 -7.158046607667395 0.0
/home/ashley/reuse/Git_Scripts/Repos/atmosphere_buggy/287/b/GlassFishWebSocketSupport.java -8.313805634056335 -5.579461424819013 -8.313805634056335 -8.482208946473254 0.16840331241691864
/home/ashley/reuse/Git_Scripts/Repos/atmosphere_buggy/287/b/AtmosphereRequest.java -6.976587201469594 -5.185646580974802 -6.976587201469594 -10.098636010486839 3.1220488090172447
/home/ashley/reuse/Git_Scripts/Repos/atmosphere_buggy/288/b/AtmosphereFramework.java -7.030345792676553 -5.124478618732382 -7.030345792676553 -9.451565457814398 2.421219665137845
/home/ashley/reuse/Git_Scripts/Repos/atmosphere_buggy/288/b/QueryStringTest.java -6.7201679468301405 -3.6027013127417766 -6.7201679468301405 -3.8789467808114333 -2.8412211660187072
/home/ashley/reuse/Git_Scripts/Repos/atmosphere_buggy/289/b/AtmosphereFrameworkTest.java -6.850054445822981 -3.0135174826356184 -6.850054445822981 -2.690285409415626 -4.159769036407355
/home/ashley/reuse/Git_Scripts/Repos/atmosphere_buggy/289/b/AtmosphereFramework.java -7.030345792676553 -4.680609223029669 -7.030345792676553 -7.0016864965634165 -0.02865929611313689
/home/ashley/reuse/Git_Scripts/Repos/atmosphere_buggy/290/b/AtmosphereFramework.java -7.030345792676553 -5.155240634821928 -7.030345792676553 -9.66429113466964 2.633945341993086
/home/ashley/reuse/Git_Scripts/Repos/atmosphere_buggy/291/b/AtmosphereClassInstantiator.java -8.889409707508301 -5.926273138338868 -8.889409707508301 -8.889409707508301 0.0
/home/ashley/reuse/Git_Scripts/Repos/atmosphere_buggy/292/b/AtmosphereRequest.java -6.976587201469594 -5.688030316444801 -6.976587201469594 -15.398248990193514 8.42166178872392
/home/ashley/reuse/Git_Scripts/Repos/atmosphere_buggy/293/b/DefaultBroadcaster.java -6.962215255551949 -5.4779818043061725 -6.962215255551949 -12.848008665875621 5.885793410323672
/home/ashley/reuse/Git_Scripts/Repos/atmosphere_buggy/294/b/AtmosphereResponse.java -6.6681654543599 -4.890799582453838 -6.6681654543599 -9.174436545510583 2.5062710911506825
/home/ashley/reuse/Git_Scripts/Repos/atmosphere_buggy/295/b/AtmosphereFramework.java -7.030345792676553 -5.012431697018977 -7.030345792676553 -8.731572906906278 1.7012271142297246
/home/ashley/reuse/Git_Scripts/Repos/atmosphere_buggy/296/b/AtmosphereConfig.java -7.270822753417719 -4.919260578709491 -7.270822753417719 -7.591005773751711 0.3201830203339915
/home/ashley/reuse/Git_Scripts/Repos/atmosphere_buggy/297/b/DefaultBroadcaster.java -6.962215255551949 -4.687084821563139 -6.962215255551949 -7.171565410327013 0.20935015477506358
/home/ashley/reuse/Git_Scripts/Repos/atmosphere_buggy/298/b/AtmosphereResponse.java -6.6681654543599 -4.428602514873822 -6.6681654543599 -6.591598453038564 -0.07656700132133576
/home/ashley/reuse/Git_Scripts/Repos/atmosphere_buggy/299/b/EventCacheBroadcasterCacheTest.java -6.619813747837297 -4.437581178456778 -6.619813747837297 -6.73071268948921 0.1108989416519135
/home/ashley/reuse/Git_Scripts/Repos/atmosphere_buggy/299/b/EventCacheBroadcasterCache.java -6.955687716951983 -4.745988721956248 -6.955687716951983 -7.469708664588372 0.5140209476363884
/home/ashley/reuse/Git_Scripts/Repos/atmosphere_buggy/301/b/NativeJSONObjectSerializer.java -9.813566639273164 -6.5423777595154435 -9.813566639273164 -9.813566639273164 0.0
/home/ashley/reuse/Git_Scripts/Repos/atmosphere_buggy/301/b/JsUserInterface.java -9.357189787797997 -6.264463609442568 -9.357189787797997 -9.476715934722424 0.11952614692442687
/home/ashley/reuse/Git_Scripts/Repos/atmosphere_buggy/302/b/JBossWebCometSupport.java -7.285476091203933 -4.873102370738914 -7.285476091203933 -7.350307914040008 0.06483182283607469
/home/ashley/reuse/Git_Scripts/Repos/atmosphere_buggy/304/b/DefaultBroadcaster.java -6.962215255551949 -5.4315925807722145 -6.962215255551949 -12.353115287945483 5.390900032393534
/home/ashley/reuse/Git_Scripts/Repos/atmosphere_buggy/304/b/AtmosphereResourceImpl.java -7.179451940473676 -5.70118370350697 -7.179451940473676 -13.84436646191089 6.664914521437215
/home/ashley/reuse/Git_Scripts/Repos/atmosphere_buggy/305/b/AtmosphereFramework.java -7.030345792676553 -5.644751298801885 -7.030345792676553 -14.32040677112669 7.2900609784501365
/home/ashley/reuse/Git_Scripts/Repos/atmosphere_buggy/305/b/AtmosphereServlet.java -8.17446783288409 -3.350479304894552 -8.17446783288409 -2.836191382526542 -5.338276450357549
/home/ashley/reuse/Git_Scripts/Repos/atmosphere_buggy/306/b/MeteorServiceInterceptor.java -8.197688646986053 -5.122484650885748 -8.197688646986053 -6.82760140793546 -1.3700872390505934
/home/ashley/reuse/Git_Scripts/Repos/atmosphere_buggy/306/b/ManagedServiceProcessor.java -7.708907166745274 -5.68784536272966 -7.708907166745274 -10.847533656062994 3.13862648931772
/home/ashley/reuse/Git_Scripts/Repos/atmosphere_buggy/306/b/MeteorServiceProcessor.java -7.933198661243242 -5.098137070704905 -7.933198661243242 -7.132919848924845 -0.800278812318397
/home/ashley/reuse/Git_Scripts/Repos/atmosphere_buggy/306/b/ManagedServiceInterceptor.java -7.639874565367834 -5.362071512034959 -7.639874565367834 -8.980203436484999 1.3403288711171646
/home/ashley/reuse/Git_Scripts/Repos/atmosphere_buggy/306/b/WebSocketHandlerTest.java -7.203243183679745 -4.8526000734217725 -7.203243183679745 -7.435084094531713 0.23184091085196812
/home/ashley/reuse/Git_Scripts/Repos/atmosphere_buggy/306/b/AtmosphereHandlerServiceProcessor.java -7.606902014197654 -4.962397297350547 -7.606902014197654 -7.122963913890845 -0.4839381003068093
/home/ashley/reuse/Git_Scripts/Repos/atmosphere_buggy/306/b/AtmosphereHandlerServiceInterceptor.java -8.363518603711388 -5.093652620582935 -8.363518603711388 -6.503427975208854 -1.8600906285025331
/home/ashley/reuse/Git_Scripts/Repos/atmosphere_buggy/307/b/WebSocketProcessor.java -7.222175254004401 -6.9022769233163475 -7.222175254004401 -77.45888547277234 70.23671021876794
/home/ashley/reuse/Git_Scripts/Repos/atmosphere_buggy/307/b/DefaultWebSocketProcessor.java -7.0693022848121085 -6.130319805924022 -7.0693022848121085 -23.063648376081773 15.994346091269664
/home/ashley/reuse/Git_Scripts/Repos/atmosphere_buggy/308/b/AtmosphereFramework.java -7.030345792676553 -5.5595782674022045 -7.030345792676553 -13.28753763243319 6.257191839756637
/home/ashley/reuse/Git_Scripts/Repos/atmosphere_buggy/309/b/AtmosphereServlet.java -8.17446783288409 -2.982470594232782 -8.17446783288409 -2.3478546707982875 -5.826613162085803
/home/ashley/reuse/Git_Scripts/Repos/atmosphere_buggy/310/b/AtmosphereRequestTest.java -7.131635852865154 -3.2929969575645814 -7.131635852865154 -3.0570501350599537 -4.0745857178052
/home/ashley/reuse/Git_Scripts/Repos/atmosphere_buggy/311/b/Tomcat7CometSupport.java -7.475103388513956 -5.559086294221137 -7.475103388513956 -10.844043333107974 3.3689399445940182
/home/ashley/reuse/Git_Scripts/Repos/atmosphere_buggy/311/b/AtmosphereServlet.java -8.17446783288409 -0.9456834379653914 -8.17446783288409 -0.534608236973416 -7.639859595910675
/home/ashley/reuse/Git_Scripts/Repos/atmosphere_buggy/312/b/AtmosphereResourceFactory.java -7.332015272839503 -4.936036482806798 -7.332015272839503 -7.552465620686571 0.22045034784706807
/home/ashley/reuse/Git_Scripts/Repos/atmosphere_buggy/312/b/AtmosphereFramework.java -7.030345792676553 -5.078555756161746 -7.030345792676553 -9.145727139158161 2.115381346481608
/home/ashley/reuse/Git_Scripts/Repos/atmosphere_buggy/313/b/DefaultBroadcaster.java -6.962215255551949 -5.409355650530782 -6.962215255551949 -12.126369412616087 5.1641541570641385
/home/ashley/reuse/Git_Scripts/Repos/atmosphere_buggy/313/b/AbstractBroadcasterProxy.java -6.544952654730129 -4.363301769820086 -6.544952654730129 -6.544952654730129 0.0
/home/ashley/reuse/Git_Scripts/Repos/atmosphere_buggy/314/b/ApplicationConfig.java -7.776680043459688 -5.094131875158263 -7.776680043459688 -7.383918425103139 -0.3927616183565492
/home/ashley/reuse/Git_Scripts/Repos/atmosphere_buggy/315/b/DefaultBroadcaster.java -6.962215255551949 -5.518708592426067 -6.962215255551949 -13.306034352453665 6.343819096901716
/home/ashley/reuse/Git_Scripts/Repos/atmosphere_buggy/316/b/ManagedServiceInterceptor.java -7.639874565367838 -6.804019168134342 -7.639874565367838 -31.095003488015823 23.455128922647987
/home/ashley/reuse/Git_Scripts/Repos/atmosphere_buggy/317/b/AtmosphereServlet.java -8.17446783288409 -1.0850058068664776 -8.17446783288409 -0.625404909305372 -7.5490629235787186
/home/ashley/reuse/Git_Scripts/Repos/atmosphere_buggy/318/b/AtmosphereFramework.java -7.030345792676553 -5.8808412972873825 -7.030345792676553 -17.98355205987495 10.953206267198397
/home/ashley/reuse/Git_Scripts/Repos/atmosphere_buggy/319/b/AtmosphereFilter.java -7.487088386184994 -5.159284542480205 -7.487088386184994 -8.29709502445647 0.8100066382714752
/home/ashley/reuse/Git_Scripts/Repos/atmosphere_buggy/319/b/JSONPTransportFilter.java -9.086718802278357 -6.904603534347712 -9.086718802278357 -14.26951397098527 5.182795168706914
/home/ashley/reuse/Git_Scripts/Repos/atmosphere_buggy/319/b/HeaderConfig.java -7.814160073418293 -4.864444019214036 -7.814160073418293 -6.443254797379996 -1.3709052760382967
