/home/ashley/reuse/Git_Scripts/Repos/openjpa/568/b/DetachManager.java -3.1085773726985675 -2.031663336544313 -3.1085773726985675 -2.9322594306024525 -0.17631794209611495
/home/ashley/reuse/Git_Scripts/Repos/openjpa/523/b/AbstractBrokerFactory.java -1.0064371907501948 -0.6685235911465977 -1.0064371907501948 -0.995202205905666 -0.011234984844528784
/home/ashley/reuse/Git_Scripts/Repos/openjpa/741/b/TestUUIDGenerator.java -3.726682658361458 -2.2116294280930147 -3.726682658361458 -2.704506843496601 -1.0221758148648572
/home/ashley/reuse/Git_Scripts/Repos/openjpa/741/b/UUIDGenerator.java -4.584191798881748 -3.05000336117984 -4.584191798881748 -4.549930275721197 -0.0342615231605512
/home/ashley/reuse/Git_Scripts/Repos/openjpa/2194/b/DBDictionary.java -2.4423300541247435 -1.5737227999140035 -2.4423300541247435 -2.212372316652583 -0.22995773747216042
/home/ashley/reuse/Git_Scripts/Repos/openjpa/2194/b/DB2Dictionary.java -1.5454034764229496 -0.4332855489650379 -1.5454034764229496 -0.30097315910538514 -1.2444303173175646
/home/ashley/reuse/Git_Scripts/Repos/openjpa/1994/b/DerbyDictionary.java -2.4698713064946323 -1.7201710775214012 -2.4698713064946323 -2.8248680997828512 0.354996793288219
/home/ashley/reuse/Git_Scripts/Repos/openjpa/1994/b/DBDictionary.java -2.401980243223068 -1.5611187368231385 -2.401980243223068 -2.2296258460082985 -0.17235439721476942
/home/ashley/reuse/Git_Scripts/Repos/openjpa/2846/b/TestMySQLDictionary.java -5.97281961650583 -3.3506061263325386 -5.97281961650583 -3.806356078025126 -2.166463538480704
/home/ashley/reuse/Git_Scripts/Repos/openjpa/2846/b/SQLBuffer.java -1.0179766894714861 -0.6783500388581065 -1.0179766894714861 -1.0162851363151693 -0.0016915531563168607
/home/ashley/reuse/Git_Scripts/Repos/openjpa/285/b/RowManagerImpl.java -0.41493110696254265 -0.263221920979363 -0.41493110696254265 -0.35996160133929983 -0.05496950562324282
/home/ashley/reuse/Git_Scripts/Repos/openjpa/1447/b/TestM2MInDataCache.java -4.4907392277431875 -2.4103648251145544 -4.4907392277431875 -2.6015316905546744 -1.889207537188513
/home/ashley/reuse/Git_Scripts/Repos/openjpa/1509/b/Configurations.java -3.321332055068891 -2.140251777024613 -3.321332055068891 -3.0083860319623072 -0.3129460231065839
/home/ashley/reuse/Git_Scripts/Repos/openjpa/1582/b/MappingRepository.java -2.7418768754482974 -1.6700431997699563 -2.7418768754482974 -2.135834915555335 -0.6060419598929623
/home/ashley/reuse/Git_Scripts/Repos/openjpa/1903/b/PCClassFileTransformer.java -3.791501804114588 -2.513625270135227 -3.791501804114588 -3.725592806604819 -0.06590899750976886
/home/ashley/reuse/Git_Scripts/Repos/openjpa/2091/b/Unique.java -2.714579718165092 -1.4984480044271307 -2.714579718165092 -1.672375004940994 -1.042204713224098
/home/ashley/reuse/Git_Scripts/Repos/openjpa/2614/b/Joins.java -2.9562046365138612 -1.8918364196936073 -2.9562046365138612 -2.626625514320711 -0.3295791221931501
/home/ashley/reuse/Git_Scripts/Repos/openjpa/1479/b/AnnotationPersistenceMappingParser.java -1.9833129022533347 -1.0776662033958513 -1.9833129022533347 -1.1800127401853984 -0.8033001620679363
/home/ashley/reuse/Git_Scripts/Repos/openjpa/2349/b/DB2Dictionary.java -2.717873352722862 -1.781314756803231 -2.717873352722862 -2.5846689846317754 -0.1332043680910866
/home/ashley/reuse/Git_Scripts/Repos/openjpa/413/b/TestSimpleXmlEntity.java -3.6114185164782624 -2.2829892383904435 -3.6114185164782624 -3.1032248929019803 -0.5081936235762821
/home/ashley/reuse/Git_Scripts/Repos/openjpa/413/b/MetaDataRepository.java -2.460083500672091 -1.4334744232087449 -2.460083500672091 -1.7173851510356748 -0.7426983496364161
/home/ashley/reuse/Git_Scripts/Repos/openjpa/833/b/PCEnhancer.java -2.1011953033506803 -1.355021057547807 -2.1011953033506803 -1.9077500140880188 -0.19344528926266147
/home/ashley/reuse/Git_Scripts/Repos/openjpa/3193/b/MetaDataRepository.java -2.5070624860218267 -1.6107767089510219 -2.5070624860218267 -2.2525321640730582 -0.25453032194876846
/home/ashley/reuse/Git_Scripts/Repos/openjpa/2828/b/MatchesExpression.java -4.09895094830815 -2.7304822852509405 -4.09895094830815 -4.089283611165913 -0.009667337142236221
/home/ashley/reuse/Git_Scripts/Repos/openjpa/2030/b/EntityMapping.java -8.314899190059206 -5.624426684930239 -8.314899190059206 -8.691138972414826 0.3762397823556203
/home/ashley/reuse/Git_Scripts/Repos/openjpa/1658/b/FieldMetaData.java -0.3772720803538596 -0.21797540992434314 -0.3772720803538596 -0.25812227005877375 -0.11914981029508587
/home/ashley/reuse/Git_Scripts/Repos/openjpa/960/b/TestPreparedQueryCache.java -3.4652794874774195 -2.27803615486351 -3.4652794874774195 -3.3235502650857054 -0.14172922239171415
/home/ashley/reuse/Git_Scripts/Repos/openjpa/2569/b/TestFindAbstractClass.java -4.0776532102891965 -2.377705141694518 -4.0776532102891965 -2.8516921143852554 -1.225961095903941
/home/ashley/reuse/Git_Scripts/Repos/openjpa/585/b/SelectImpl.java -2.9013865069507196 -1.9342576713004798 -2.9013865069507196 -2.90118294373547 -2.035632152495026E-4
/home/ashley/reuse/Git_Scripts/Repos/openjpa/2367/b/RelationFieldStrategy.java -2.440772703675805 -1.601115521804533 -2.440772703675805 -2.3267962280200196 -0.1139764756557855
/home/ashley/reuse/Git_Scripts/Repos/openjpa/2367/b/TestSpecCompatibilityOptions.java -3.3145687939120396 -1.0861196430816804 -3.3145687939120396 -0.8074122438199722 -2.507156550092067
/home/ashley/reuse/Git_Scripts/Repos/openjpa/2305/b/WASManagedRuntime.java -1.157907599896185 -0.808514034840229 -1.157907599896185 -1.339727801532776 0.18182020163659107
/home/ashley/reuse/Git_Scripts/Repos/openjpa/2955/b/MySQLDictionary.java -2.920951379313558 -1.9235533473528308 -2.920951379313558 -2.8154759089074877 -0.1054754704060703
/home/ashley/reuse/Git_Scripts/Repos/openjpa/2045/b/ClassMapping.java -3.0229180758465004 -2.033079286342189 -3.0229180758465004 -3.103713622780996 0.08079554693449564
/home/ashley/reuse/Git_Scripts/Repos/openjpa/752/b/IngresDictionary.java -4.1064576222979445 -2.688049711535444 -4.1064576222979445 -3.891109935052663 -0.21534768724528153
/home/ashley/reuse/Git_Scripts/Repos/openjpa/2662/b/ConfigurationImpl.java -3.260331622365143 -2.142528375924192 -3.260331622365143 -3.1245896977314276 -0.13574192463371526
/home/ashley/reuse/Git_Scripts/Repos/openjpa/1649/b/JPAFacadeHelper.java -2.977435321037873 -1.9399831546225648 -2.977435321037873 -2.782070479783653 -0.19536484125422016
/home/ashley/reuse/Git_Scripts/Repos/openjpa/2599/b/JDBCFetchConfigurationImpl.java -3.8814607863526773 -2.588009344150203 -3.8814607863526773 -3.8814607863526773 0.0
/home/ashley/reuse/Git_Scripts/Repos/openjpa/2063/b/DBDictionary.java -2.4423300541247435 -1.5422694889986919 -2.4423300541247435 -2.0923922292982295 -0.3499378248265139
/home/ashley/reuse/Git_Scripts/Repos/openjpa/2063/b/SQLStoreQuery.java -3.200447400563263 -1.8565640551245257 -3.200447400563263 -2.2096529245040366 -0.9907944760592264
/home/ashley/reuse/Git_Scripts/Repos/openjpa/2063/b/DB2Dictionary.java -1.54540347642295 -0.41823677302092904 -1.54540347642295 -0.2867120546781852 -1.258691421744765
/home/ashley/reuse/Git_Scripts/Repos/openjpa/3177/b/PersistenceExceptions.java -1.0345774824705092 -0.6389251119133118 -1.0345774824705092 -0.8353514132109854 -0.1992260692595238
/home/ashley/reuse/Git_Scripts/Repos/openjpa/355/b/BatchingOperationOrderUpdateManager.java -0.6268841145681141 -0.30567076660759285 -0.6268841145681141 -0.2958893020761499 -0.3309948124919642
/home/ashley/reuse/Git_Scripts/Repos/openjpa/2840/b/TestDataCacheScheduler.java -3.7050477212427495 -2.150127320173252 -3.7050477212427495 -2.5578551675542536 -1.147192553688496
/home/ashley/reuse/Git_Scripts/Repos/openjpa/599/b/JDBCStoreManager.java -2.5454821188601 -1.635362502386796 -2.5454821188601 -2.2869444479235663 -0.25853767093653346
/home/ashley/reuse/Git_Scripts/Repos/openjpa/1395/b/DB2Dictionary.java -0.4738615505988167 -0.315099131931335 -0.4738615505988167 -0.4702415234743032 -0.0036200271245134807
/home/ashley/reuse/Git_Scripts/Repos/openjpa/1271/b/CacheTest.java -1.3307719366251458 -0.8810356548049104 -1.3307719366251458 -1.30334439757438 -0.027427539050765892
/home/ashley/reuse/Git_Scripts/Repos/openjpa/1841/b/VersionAttachStrategy.java -2.0675126968971327 -1.359746967605197 -2.0675126968971327 -1.9850565036678527 -0.08245619322928
/home/ashley/reuse/Git_Scripts/Repos/openjpa/1841/b/AttachManager.java -3.2407902970054234 -2.091210367882397 -3.2407902970054234 -2.947674231925952 -0.2931160650794715
/home/ashley/reuse/Git_Scripts/Repos/openjpa/2924/b/JavaTypes.java -3.135107945850335 -2.090071963900223 -3.135107945850335 -3.135107945850335 0.0
/home/ashley/reuse/Git_Scripts/Repos/openjpa/579/b/OracleDictionary.java -3.0096129137509067 -1.791298161871419 -3.0096129137509067 -2.212252107965717 -0.7973608057851895
/home/ashley/reuse/Git_Scripts/Repos/openjpa/3151/b/AbstractCFMetaDataFactory.java -3.319225841363106 -2.201246941418147 -3.319225841363106 -3.266994005532214 -0.05223183583089197
/home/ashley/reuse/Git_Scripts/Repos/openjpa/2103/b/FieldMetaData.java -3.409006228432092 -2.2725795616940894 -3.409006228432092 -3.4085956037358223 -4.1062469626984566E-4
/home/ashley/reuse/Git_Scripts/Repos/openjpa/1332/b/RelationFieldStrategy.java -0.8218343309954689 -0.5494768541463487 -0.8218343309954689 -0.8290188102216554 0.00718447922618648
/home/ashley/reuse/Git_Scripts/Repos/openjpa/2617/b/JPQLExpressionBuilder.java -1.209416683862276 -0.7882870735435054 -1.209416683862276 -1.1317936668856081 -0.07762301697666785
/home/ashley/reuse/Git_Scripts/Repos/openjpa/1510/b/TestEmbeddable.java -3.0071318987641105 -1.8423499392401128 -3.0071318987641105 -2.3780702378031484 -0.629061660960962
/home/ashley/reuse/Git_Scripts/Repos/openjpa/1982/b/QueryResultMapping.java -3.843093243741424 -2.5061427860437817 -3.843093243741424 -3.6019810432924593 -0.24111220044896475
/home/ashley/reuse/Git_Scripts/Repos/openjpa/308/b/AbstractOpenJpaMojo.java -4.361437223078648 -2.4184596993855716 -4.361437223078648 -2.71438038443363 -1.6470568386450175
/home/ashley/reuse/Git_Scripts/Repos/openjpa/1919/b/ApplicationIdTool.java -1.133630346002119 -0.7532685543376185 -1.133630346002119 -1.122406283170415 -0.011224062831704185
/home/ashley/reuse/Git_Scripts/Repos/openjpa/1919/b/PCEnhancer.java -2.1120570707924564 -1.2900911221433307 -2.1120570707924564 -1.6574567845343393 -0.4546002862581171
/home/ashley/reuse/Git_Scripts/Repos/openjpa/2092/b/Order.java -6.93770028976023 -4.625133526506819 -6.93770028976023 -6.93770028976023 0.0
/home/ashley/reuse/Git_Scripts/Repos/openjpa/989/b/TestQueryEscapeCharacters.java -3.1893924368098348 -2.1532740226737905 -3.1893924368098348 -3.3094950808738033 0.12010264406396853
/home/ashley/reuse/Git_Scripts/Repos/openjpa/1100/b/DB2Dictionary.java -2.3429753832207174 -1.3580761077636403 -2.3429753832207174 -1.6153625900241044 -0.727612793196613
/home/ashley/reuse/Git_Scripts/Repos/openjpa/2116/b/Configurations.java -3.4336487838748493 -2.158687119090026 -3.4336487838748493 -2.9068220660896213 -0.5268267177852279
/home/ashley/reuse/Git_Scripts/Repos/openjpa/820/b/TableJDBCSeq.java -3.124311360550028 -1.972732722944154 -3.124311360550028 -2.6754457994011838 -0.44886556114884435
/home/ashley/reuse/Git_Scripts/Repos/openjpa/785/b/ExpressionStoreQuery.java -3.4657210095851276 -2.178539012437653 -3.4657210095851276 -2.9321600423991736 -0.533560967185954
/home/ashley/reuse/Git_Scripts/Repos/openjpa/654/b/JPQLExpressionBuilder.java -1.2094166838622766 -0.8061526296964632 -1.2094166838622766 -1.208853640713365 -5.630431489116461E-4
/home/ashley/reuse/Git_Scripts/Repos/openjpa/654/b/ClassMetaData.java -3.263213421754137 -2.109042116502877 -3.263213421754137 -2.981184137053851 -0.28202928470028565
/home/ashley/reuse/Git_Scripts/Repos/openjpa/654/b/FetchConfigurationImpl.java -1.4364265376498093 -0.779384742433281 -1.4364265376498093 -0.8519465087465139 -0.5844800289032954
/home/ashley/reuse/Git_Scripts/Repos/openjpa/654/b/FieldMetaData.java -0.3772720803538598 -0.24949304546601614 -0.3772720803538598 -0.36826882321180326 -0.00900325714205652
/home/ashley/reuse/Git_Scripts/Repos/openjpa/374/b/SchemaTool.java -2.0440931422065547 -1.3407254069778136 -2.0440931422065547 -1.9479194866788974 -0.09617365552765733
/home/ashley/reuse/Git_Scripts/Repos/openjpa/374/b/Column.java -3.8381073614711263 -2.495023197062724 -3.8381073614711263 -3.5640307107597686 -0.27407665071135767
/home/ashley/reuse/Git_Scripts/Repos/openjpa/1756/b/QueryImpl.java -3.233430762854099 -2.147615771422525 -3.233430762854099 -3.1973701967256143 -0.03606056612848452
/home/ashley/reuse/Git_Scripts/Repos/openjpa/666/b/Filters.java -3.400971205100617 -2.226895783936297 -3.400971205100617 -3.2248163172640307 -0.1761548878365864
/home/ashley/reuse/Git_Scripts/Repos/openjpa/666/b/DBDictionary.java -2.6500001146986283 -1.7668463965447117 -2.6500001146986283 -2.650707616922317 7.075022236886497E-4
/home/ashley/reuse/Git_Scripts/Repos/openjpa/666/b/OracleDictionary.java -2.952790084799955 -1.9715793787299654 -2.952790084799955 -2.9665697718623547 0.013779687062399848
/home/ashley/reuse/Git_Scripts/Repos/openjpa/2302/b/ProxyMaps.java -3.8124598292362615 -2.551680224308243 -3.8124598292362615 -3.854712154709468 0.042252325473206565
/home/ashley/reuse/Git_Scripts/Repos/openjpa/3146/b/AbstractUpdateManager.java -2.9375894527011726 -1.9884520233322975 -2.9375894527011726 -3.0771390476231573 0.1395495949219847
/home/ashley/reuse/Git_Scripts/Repos/openjpa/2876/b/RelationFieldStrategy.java -2.3645881227605345 -1.5506088423483175 -2.3645881227605345 -2.252238687087632 -0.11234943567290268
/home/ashley/reuse/Git_Scripts/Repos/openjpa/2876/b/FieldMapping.java -2.964331476525053 -1.9000515703206036 -2.964331476525053 -2.6456414270286883 -0.3186900494963645
/home/ashley/reuse/Git_Scripts/Repos/openjpa/1076/b/LoggingConnectionDecorator.java -3.1536785311730298 -2.0185270857763356 -3.1536785311730298 -2.8036941392090995 -0.3499843919639303
/home/ashley/reuse/Git_Scripts/Repos/openjpa/2781/b/QueryImpl.java -1.2583903716992197 -0.7435489140714834 -1.2583903716992197 -0.9087018736470117 -0.34968849805220803
/home/ashley/reuse/Git_Scripts/Repos/openjpa/2802/b/Abs.java -3.021310033545676 -1.8021849322904033 -3.021310033545676 -2.2170764274939496 -0.8042336060517266
/home/ashley/reuse/Git_Scripts/Repos/openjpa/2484/b/AbstractDataCache.java -3.4482783559595784 -2.1489270913950995 -3.4482783559595784 -2.8514609481973436 -0.5968174077622348
/home/ashley/reuse/Git_Scripts/Repos/openjpa/2484/b/DataCacheStoreManager.java -3.068030386863317 -1.9250693041808697 -3.068030386863317 -2.58371488388011 -0.48431550298320714
/home/ashley/reuse/Git_Scripts/Repos/openjpa/1863/b/SelectImpl.java -2.908201530811276 -1.935272346881185 -2.908201530811276 -2.892197132482439 -0.01600439832883671
/home/ashley/reuse/Git_Scripts/Repos/openjpa/1863/b/TestSubquery.java -2.7611654847328593 -1.7657238507519142 -2.7611654847328593 -2.448890816816643 -0.3122746679162165
/home/ashley/reuse/Git_Scripts/Repos/openjpa/2785/b/InValueDiscriminatorStrategy.java -2.8782530999424765 -1.8470764096863463 -2.8782530999424765 -2.5751211259130815 -0.30313197402939496
/home/ashley/reuse/Git_Scripts/Repos/openjpa/1490/b/JPQLExpressionBuilder.java -2.028269838545436 -1.35169311149662 -2.028269838545436 -2.0258622667073007 -0.002407571838135336
/home/ashley/reuse/Git_Scripts/Repos/openjpa/1597/b/RelationFieldStrategy.java -2.2339511437024897 -1.479204506607653 -2.2339511437024897 -2.188677620012306 -0.04527352369018356
/home/ashley/reuse/Git_Scripts/Repos/openjpa/1597/b/RelationToManyInverseKeyFieldStrategy.java -2.8023199221609985 -1.8239852774748844 -2.8023199221609985 -2.6111706868012394 -0.19114923535975903
/home/ashley/reuse/Git_Scripts/Repos/openjpa/2534/b/TestConstraints.java -3.0954695277400375 -0.5357701439040362 -3.0954695277400375 -0.3239560404633233 -2.771513487276714
/home/ashley/reuse/Git_Scripts/Repos/openjpa/2356/b/Expressions.java -4.11692370223305 -1.741036407078269 -4.11692370223305 -1.5083044176841938 -2.6086192845488565
/home/ashley/reuse/Git_Scripts/Repos/openjpa/2356/b/TestTypesafeCriteria.java -3.055215888455042 -0.4115041735997507 -3.055215888455042 -0.23775796696874488 -2.817457921486297
/home/ashley/reuse/Git_Scripts/Repos/openjpa/1233/b/DBDictionary.java -0.7536501794356033 -0.5020114656330613 -0.7536501794356033 -0.7517544209234168 -0.001895758512186485
/home/ashley/reuse/Git_Scripts/Repos/openjpa/628/b/Joins.java -2.9562046365138617 -1.8089178821813916 -2.9562046365138617 -2.330512145365453 -0.6256924911484085
/home/ashley/reuse/Git_Scripts/Repos/openjpa/1469/b/PreparedQueryImpl.java -3.5894210269588815 -1.8734036194453003 -3.5894210269588815 -1.9585898099043657 -1.6308312170545158
/home/ashley/reuse/Git_Scripts/Repos/openjpa/1469/b/TestPreparedQueryCache.java -3.488824124245067 -1.5445315133376598 -3.488824124245067 -1.385747899816966 -2.1030762244281007
/home/ashley/reuse/Git_Scripts/Repos/openjpa/1141/b/DB2Dictionary.java -0.8027835961973557 -0.5304872503519578 -0.8027835961973557 -0.7819907778273791 -0.020792818369976596
/home/ashley/reuse/Git_Scripts/Repos/openjpa/2216/b/TestUUIDGenerator.java -4.593261889439558 -2.5534909845897538 -4.593261889439558 -2.875041701167723 -1.7182201882718346
/home/ashley/reuse/Git_Scripts/Repos/openjpa/2216/b/UUIDGenerator.java -4.6656408840096715 -3.09287405478745 -4.6656408840096715 -4.587533056710403 -0.07810782729926835
/home/ashley/reuse/Git_Scripts/Repos/openjpa/3039/b/SQLStoreQuery.java -3.219278451106989 -2.0783652929334964 -3.219278451106989 -2.9308236977016193 -0.28845475340536986
/home/ashley/reuse/Git_Scripts/Repos/openjpa/2835/b/DB2Dictionary.java -2.337531716918724 -1.4641000445123005 -2.337531716918724 -1.9591574240492635 -0.37837429286946067
/home/ashley/reuse/Git_Scripts/Repos/openjpa/2386/b/TestSQLBigIntegerId.java -2.9711759790496695 -1.9833766352294913 -2.9711759790496695 -2.9711759790496695 0.0
/home/ashley/reuse/Git_Scripts/Repos/openjpa/2386/b/TestSQLBigDecimalId.java -0.919605072322297 -0.6130700482148647 -0.919605072322297 -0.919605072322297 0.0
/home/ashley/reuse/Git_Scripts/Repos/openjpa/2514/b/Employee3.java -4.427154670211075 -2.9538204827094896 -4.427154670211075 -4.427154670211075 0.0
/home/ashley/reuse/Git_Scripts/Repos/openjpa/2514/b/Parent3.java -5.304455679285647 -3.536303786190431 -5.304455679285647 -5.304455679285647 0.0
/home/ashley/reuse/Git_Scripts/Repos/openjpa/2523/b/TestQueryMultiThreaded.java -2.6287645688054964 -1.7578595975849094 -2.6287645688054964 -2.651700953797498 0.022936384992001457
/home/ashley/reuse/Git_Scripts/Repos/openjpa/635/b/PostgresDictionary.java -3.097158084177029 -1.8654446383185883 -3.097158084177029 -2.345341346065455 -0.7518167381115743
/home/ashley/reuse/Git_Scripts/Repos/openjpa/1945/b/ValueStrategyEntity.java -3.671938552872229 -2.206872160564622 -3.671938552872229 -2.748180426363492 -0.9237581265087367
/home/ashley/reuse/Git_Scripts/Repos/openjpa/1945/b/TestValueStrategy.java -4.512182620244669 -2.7472132279720944 -4.512182620244669 -3.4964531992372114 -1.0157294210074577
/home/ashley/reuse/Git_Scripts/Repos/openjpa/2913/b/AnnotationProcessor6.java -0.9262067122728268 -0.48909200901390504 -0.9262067122728268 -0.5181709723904543 -0.4080357398823725
/home/ashley/reuse/Git_Scripts/Repos/openjpa/2913/b/SourceAnnotationHandler.java -4.495381171350312 -2.8655537098496433 -4.495381171350312 -3.95081579174274 -0.544565379607572
/home/ashley/reuse/Git_Scripts/Repos/openjpa/1264/b/DBDictionary.java -2.593001754772841 -1.709604754755267 -2.593001754772841 -2.5089742778836506 -0.08402747688919021
/home/ashley/reuse/Git_Scripts/Repos/openjpa/1264/b/DB2Dictionary.java -2.240266727850187 -1.4170461849457519 -2.240266727850187 -1.9281354476169423 -0.31213128023324455
/home/ashley/reuse/Git_Scripts/Repos/openjpa/1805/b/DBDictionary.java -2.4198085072777853 -1.580845838245193 -2.4198085072777853 -2.2798059730663613 -0.14000253421142395
/home/ashley/reuse/Git_Scripts/Repos/openjpa/1805/b/DB2Dictionary.java -2.449260106490893 -1.3781411418230314 -2.449260106490893 -1.57565416686821 -0.8736059396226832
/home/ashley/reuse/Git_Scripts/Repos/openjpa/772/b/SingleFieldManager.java -1.1622234708684418 -0.7435323074914202 -1.1622234708684418 -1.0317720531799448 -0.130451417688497
/home/ashley/reuse/Git_Scripts/Repos/openjpa/804/b/AbstractBrokerFactory.java -1.0064371907501948 -0.5841632901712185 -1.0064371907501948 -0.6961401828211674 -0.31029700792902737
/home/ashley/reuse/Git_Scripts/Repos/openjpa/1770/b/HSQLDictionary.java -0.49394952224644095 -0.305193330032477 -0.49394952224644095 -0.39914198682671637 -0.09480753541972459
/home/ashley/reuse/Git_Scripts/Repos/openjpa/2300/b/InformixDictionary.java -3.0604818791595982 -2.0403212527730656 -3.0604818791595982 -3.0604818791595982 0.0
/home/ashley/reuse/Git_Scripts/Repos/openjpa/1928/b/AnnotationProcessor6.java -3.407059585359813 -1.8477439550231791 -3.407059585359813 -2.018633569360583 -1.3884260159992299
/home/ashley/reuse/Git_Scripts/Repos/openjpa/1928/b/SourceAnnotationHandler.java -4.5339059436547124 -2.9294946561206907 -4.5339059436547124 -4.1381177535693565 -0.39578819008535593
/home/ashley/reuse/Git_Scripts/Repos/openjpa/1041/b/TestUseSchemaElement.java -3.686712422810042 -2.541212168426858 -3.686712422810042 -4.089356782980422 0.4026443601703802
/home/ashley/reuse/Git_Scripts/Repos/openjpa/1635/b/AbstractPCData.java -3.12412611646363 -2.007495102180731 -3.12412611646363 -2.8067654077458606 -0.3173607087177692
/home/ashley/reuse/Git_Scripts/Repos/openjpa/1616/b/LifecycleEventManager.java -4.1932167398061555 -2.7481022355281017 -4.1932167398061555 -3.987015652601167 -0.20620108720498864
/home/ashley/reuse/Git_Scripts/Repos/openjpa/798/b/FinderQueryImpl.java -3.535845932086917 -2.2602710341324324 -3.535845932086917 -3.132693405250839 -0.4031525268360783
/home/ashley/reuse/Git_Scripts/Repos/openjpa/870/b/TestMultipleMappedSuperclassHierarchy.java -3.346122770822449 -2.253281327153164 -3.346122770822449 -3.4407432090719268 0.09462043824947797
/home/ashley/reuse/Git_Scripts/Repos/openjpa/1930/b/Math.java -2.8813199414829214 -1.9485346530339758 -2.8813199414829214 -3.0094555638805995 0.12813562239767817
/home/ashley/reuse/Git_Scripts/Repos/openjpa/1930/b/JDBCStoreQuery.java -0.5053865167801954 -0.3052446786481971 -0.5053865167801954 -0.385320205762863 -0.1200663110173324
/home/ashley/reuse/Git_Scripts/Repos/openjpa/1272/b/XMLPersistenceMetaDataParser.java -2.183980637390336 -1.428531262206227 -2.183980637390336 -2.064658563866544 -0.11932207352379232
/home/ashley/reuse/Git_Scripts/Repos/openjpa/1272/b/AnnotationPersistenceMetaDataParser.java -3.0979453427491093 -2.021184634611789 -3.0979453427491093 -2.90757244312128 -0.1903728996278291
/home/ashley/reuse/Git_Scripts/Repos/openjpa/1272/b/MetaDataRepository.java -2.507062486021827 -1.603640090746131 -2.507062486021827 -2.225108616752497 -0.28195386926932997
/home/ashley/reuse/Git_Scripts/Repos/openjpa/575/b/SQLStoreQuery.java -3.200447400563263 -1.8684176165299498 -3.200447400563263 -2.243533563499786 -0.9569138370634769
/home/ashley/reuse/Git_Scripts/Repos/openjpa/1942/b/JMXProvider.java -4.52317521218143 -3.015450141454287 -4.52317521218143 -4.52317521218143 0.0
/home/ashley/reuse/Git_Scripts/Repos/openjpa/1942/b/PreparedQueryCacheJMXInstrument.java -5.197508828700078 -3.4579774762953868 -5.197508828700078 -5.166008775192805 -0.031500053507273584
/home/ashley/reuse/Git_Scripts/Repos/openjpa/1942/b/DataCacheJMXInstrument.java -4.935833068478244 -2.9523351643019735 -4.935833068478244 -3.6733675146595512 -1.2624655538186929
/home/ashley/reuse/Git_Scripts/Repos/openjpa/1942/b/QueryCacheJMXInstrument.java -5.226049736027742 -3.4773715260758205 -5.226049736027742 -5.196186594679012 -0.029863141348729805
/home/ashley/reuse/Git_Scripts/Repos/openjpa/1269/b/InheritanceComparator.java -3.9394611963841695 -2.514356570042431 -3.9394611963841695 -3.4642246076140157 -0.47523658877015373
/home/ashley/reuse/Git_Scripts/Repos/openjpa/1346/b/TestStringCriteria.java -3.136382681220158 -2.0847130201805983 -3.136382681220158 -3.107549745437746 -0.028832935782411973
/home/ashley/reuse/Git_Scripts/Repos/openjpa/1063/b/MaxEmbeddedLobFieldStrategy.java -2.3967298386608404 -1.6017483722833958 -2.3967298386608404 -2.414495356332855 0.017765517672014397
/home/ashley/reuse/Git_Scripts/Repos/openjpa/553/b/TestParentChild.java -5.66229493495474 -3.7391671832088824 -5.66229493495474 -5.4982655335945205 -0.16402940136021904
/home/ashley/reuse/Git_Scripts/Repos/openjpa/2064/b/EntityManagerFactoryImpl.java -3.4254263004043115 -2.279869289805414 -3.4254263004043115 -3.406524499850272 -0.01890180055403956
/home/ashley/reuse/Git_Scripts/Repos/openjpa/2064/b/AutoDetachValue.java -3.9423795196886133 -2.4453910699955315 -3.9423795196886133 -3.2200180549009483 -0.722361464787665
/home/ashley/reuse/Git_Scripts/Repos/openjpa/1838/b/MappingInfo.java -0.9379981432370469 -0.6206385732414477 -0.9379981432370469 -0.9171896554590121 -0.02080848777803479
/home/ashley/reuse/Git_Scripts/Repos/openjpa/1838/b/SequenceMapping.java -4.943732900703084 -2.9985316194000045 -4.943732900703084 -3.810387018328464 -1.1333458823746203
/home/ashley/reuse/Git_Scripts/Repos/openjpa/1838/b/FieldMapping.java -0.7975526929602341 -0.5270569183694045 -0.7975526929602341 -0.7768415215351685 -0.020711171425065622
/home/ashley/reuse/Git_Scripts/Repos/openjpa/1838/b/FieldMappingInfo.java -3.0851290679070753 -1.8964862668519684 -3.0851290679070753 -2.4611703800157567 -0.6239586878913186
/home/ashley/reuse/Git_Scripts/Repos/openjpa/1838/b/ClassMappingInfo.java -1.0006296046823513 -0.5684691407405927 -1.0006296046823513 -0.6581201880258476 -0.3425094166565037
/home/ashley/reuse/Git_Scripts/Repos/openjpa/1838/b/TableJDBCSeq.java -0.7678150404470645 -0.4532686180616517 -0.7678150404470645 -0.5530752221952374 -0.21473981825182709
/home/ashley/reuse/Git_Scripts/Repos/openjpa/1838/b/Table.java -0.5387771341310178 -0.35579828180549977 -0.5387771341310178 -0.5236637200431886 -0.01511341408782918
/home/ashley/reuse/Git_Scripts/Repos/openjpa/1838/b/Unique.java -2.714579718165092 -1.178025160713153 -2.714579718165092 -1.040588891963285 -1.6739908262018068
/home/ashley/reuse/Git_Scripts/Repos/openjpa/991/b/XMLMetaData.java -4.261271622550194 -3.3225261413448295 -4.261271622550194 -7.541014388220849 3.2797427656706546
/home/ashley/reuse/Git_Scripts/Repos/openjpa/991/b/AbstractExpressionBuilder.java -3.493289114175509 -2.2275422574247083 -3.493289114175509 -3.073856781759198 -0.41943233241631095
/home/ashley/reuse/Git_Scripts/Repos/openjpa/991/b/Path.java -4.004390212645223 -2.3861777294529753 -4.004390212645223 -2.9523893940689354 -1.0520008185762877
/home/ashley/reuse/Git_Scripts/Repos/openjpa/991/b/MetaDataRepository.java -2.4352736033635676 -1.4007637613612185 -2.4352736033635676 -1.6487242914908355 -0.786549311872732
/home/ashley/reuse/Git_Scripts/Repos/openjpa/1267/b/DistributedStoreQuery.java -1.3152521313502252 -0.8911363334645134 -1.3152521313502252 -1.381779419389452 0.0665272880392267
/home/ashley/reuse/Git_Scripts/Repos/openjpa/1267/b/ReplicationPolicy.java -1.1902470514946748 -0.7966220423389555 -1.1902470514946748 -1.1902470514946748 0.0
/home/ashley/reuse/Git_Scripts/Repos/openjpa/704/b/DB2Dictionary.java -2.4492601064908928 -1.3171893014558582 -2.4492601064908928 -1.4245640412781075 -1.0246960652127852
/home/ashley/reuse/Git_Scripts/Repos/openjpa/2430/b/Proxies.java -3.217374953932051 -1.9186180917943425 -3.217374953932051 -2.3764701364270833 -0.8409048175049678
/home/ashley/reuse/Git_Scripts/Repos/openjpa/1792/b/SelectImpl.java -0.86132162486546 -0.5691081122268553 -0.86132162486546 -0.8387447923285916 -0.022576832536868485
/home/ashley/reuse/Git_Scripts/Repos/openjpa/2039/b/DBDictionary.java -2.441846621523872 -1.5665680849467114 -2.441846621523872 -2.1852009536149675 -0.2566456679089044
/home/ashley/reuse/Git_Scripts/Repos/openjpa/2656/b/PrimaryRow.java -3.5719619036965935 -2.3342015714470232 -3.5719619036965935 -3.368050692658796 -0.20391121103779764
/home/ashley/reuse/Git_Scripts/Repos/openjpa/617/b/DBDictionary.java -2.4372257265567048 -1.5325850004981365 -2.4372257265567048 -2.064420954807855 -0.37280477174884963
/home/ashley/reuse/Git_Scripts/Repos/openjpa/1702/b/ResultPacker.java -3.444045796411602 -2.18750982601475 -3.444045796411602 -2.9978783729190606 -0.44616742349254146
/home/ashley/reuse/Git_Scripts/Repos/openjpa/2298/b/DetachedStateManager.java -1.0852659007351009 -0.7007000975438884 -1.0852659007351009 -0.9887071551809754 -0.09655874555412547
/home/ashley/reuse/Git_Scripts/Repos/openjpa/2298/b/OpenJPAConfiguration.java -3.5720550853013564 -2.1184389294590895 -3.5720550853013564 -2.6017935702800936 -0.9702615150212628
/home/ashley/reuse/Git_Scripts/Repos/openjpa/2298/b/StoreContext.java -0.7548681573993031 -0.4585067636413033 -0.7548681573993031 -0.5831726549320106 -0.17169550246729248
/home/ashley/reuse/Git_Scripts/Repos/openjpa/2298/b/AbstractBrokerFactory.java -1.0064371907501959 -0.5852766890724349 -1.0064371907501959 -0.6993108617915076 -0.3071263289586883
/home/ashley/reuse/Git_Scripts/Repos/openjpa/2298/b/StateManagerImpl.java -1.161595106468354 -0.7364951706974038 -1.161595106468354 -1.006182971700366 -0.15541213476798799
/home/ashley/reuse/Git_Scripts/Repos/openjpa/2298/b/BrokerImpl.java -0.9519315343577102 -0.6139487906138489 -0.9519315343577102 -0.8645610426821582 -0.087370491675552
/home/ashley/reuse/Git_Scripts/Repos/openjpa/2298/b/DelegatingBroker.java -1.8761916214485796 -1.2005676396608485 -1.8761916214485796 -1.6669737955081017 -0.209217825940478
/home/ashley/reuse/Git_Scripts/Repos/openjpa/2298/b/OpenJPAConfigurationImpl.java -3.2251411936462246 -1.9123245346101658 -3.2251411936462246 -2.3489634252204405 -0.8761777684257841
/home/ashley/reuse/Git_Scripts/Repos/openjpa/222/b/DistributedBrokerImpl.java -3.2847215570078285 -2.0727384523889762 -3.2847215570078285 -2.808772106910776 -0.4759494500970525
/home/ashley/reuse/Git_Scripts/Repos/openjpa/3117/b/ExpressionStoreQuery.java -3.713893203437516 -2.469932909929536 -3.713893203437516 -3.6862088854539063 -0.027684317983609485
/home/ashley/reuse/Git_Scripts/Repos/openjpa/3117/b/TestBulkUpdatesDataCacheEviction.java -3.9710531854590245 -2.0491652655734067 -3.9710531854590245 -2.1170184200625926 -1.854034765396432
/home/ashley/reuse/Git_Scripts/Repos/openjpa/3117/b/AbstractStoreQuery.java -3.1101925480656556 -2.0560109881627593 -3.1101925480656556 -3.032964290664477 -0.07722825740117845
/home/ashley/reuse/Git_Scripts/Repos/openjpa/2466/b/MapTableFieldStrategy.java -2.7592514106092674 -1.4004166201316142 -2.7592514106092674 -1.4218437596746114 -1.337407650934656
/home/ashley/reuse/Git_Scripts/Repos/openjpa/2466/b/ProxyManagerImpl.java -2.728603874836844 -1.714354933325398 -2.728603874836844 -2.306039140127883 -0.42256473470896116
/home/ashley/reuse/Git_Scripts/Repos/openjpa/2466/b/ProxyCollections.java -4.023794565082237 -2.6825297100548244 -4.023794565082237 -4.023794565082237 0.0
/home/ashley/reuse/Git_Scripts/Repos/openjpa/3089/b/TestIsolationLevelOverride.java -2.853339285967768 -1.4033511198444744 -2.853339285967768 -1.3807826076832328 -1.4725566782845354
/home/ashley/reuse/Git_Scripts/Repos/openjpa/3089/b/DBDictionary.java -2.419577309950383 -1.5793350915560513 -2.419577309950383 -2.2739415305980604 -0.14563577935232264
/home/ashley/reuse/Git_Scripts/Repos/openjpa/3089/b/DB2Dictionary.java -2.4938008984157976 -1.3349779047613655 -2.4938008984157976 -1.4364441836627508 -1.0573567147530467
/home/ashley/reuse/Git_Scripts/Repos/openjpa/871/b/TestM2MInDataCache.java -4.152376631049366 -2.156482891263207 -4.152376631049366 -2.243237950107129 -1.9091386809422368
/home/ashley/reuse/Git_Scripts/Repos/openjpa/167/b/TestJPQLScalarExpressions.java -3.5633939079074146 -2.3421434769546154 -3.5633939079074146 -3.4169813109968667 -0.14641259691054787
/home/ashley/reuse/Git_Scripts/Repos/openjpa/1033/b/PCEnhancer.java -1.9328859274344083 -1.2886111398627087 -1.9328859274344083 -1.9328859274344083 0.0
/home/ashley/reuse/Git_Scripts/Repos/openjpa/2360/b/Configurations.java -3.4048206309413365 -2.250957663280625 -3.4048206309413365 -3.3201470037557272 -0.08467362718560922
/home/ashley/reuse/Git_Scripts/Repos/openjpa/2968/b/BrokerImpl.java -1.918002451356754 -1.2462682164561478 -1.918002451356754 -1.7791599966651002 -0.1388424546916538
/home/ashley/reuse/Git_Scripts/Repos/openjpa/1520/b/QueryCacheStoreQuery.java -3.544892743384899 -2.261075134389051 -3.544892743384899 -3.121654034023187 -0.42323870936171204
/home/ashley/reuse/Git_Scripts/Repos/openjpa/1421/b/TableJDBCSeq.java -3.217974011944626 -2.146569113107922 -3.217974011944626 -3.2228118581164296 0.004837846171803495
/home/ashley/reuse/Git_Scripts/Repos/openjpa/1421/b/Table.java -3.335252783486053 -2.2292011268093983 -3.335252783486053 -3.36013609761811 0.0248833141320568
/home/ashley/reuse/Git_Scripts/Repos/openjpa/316/b/ColumnVersionStrategy.java -2.90393312631042 -1.6936061598093397 -2.90393312631042 -2.031731576059753 -0.8722015502506673
/home/ashley/reuse/Git_Scripts/Repos/openjpa/2315/b/Options.java -3.4253379228757392 -2.286581194489739 -3.4253379228757392 -3.4378350098248713 0.012497086949132097
/home/ashley/reuse/Git_Scripts/Repos/openjpa/323/b/MetaDataRepository.java -2.5344458262724148 -1.3241523729925506 -2.5344458262724148 -1.3864374982716094 -1.1480083280008053
/home/ashley/reuse/Git_Scripts/Repos/openjpa/2628/b/TableJDBCSeq.java -3.149555827270644 -2.071422011998692 -3.149555827270644 -3.0248678240862885 -0.12468800318435536
/home/ashley/reuse/Git_Scripts/Repos/openjpa/2628/b/Table.java -3.2515446479893555 -2.0845467984335815 -3.2515446479893555 -2.903257691290256 -0.34828695669909937
/home/ashley/reuse/Git_Scripts/Repos/openjpa/3011/b/LoggingConnectionDecorator.java -2.9169509480709324 -1.834268573663486 -2.9169509480709324 -2.470691407546337 -0.44625954052459527
/home/ashley/reuse/Git_Scripts/Repos/openjpa/37/b/XMLPersistenceMetaDataParser.java -2.309131407992825 -1.4958927110962197 -2.309131407992825 -2.123524157587666 -0.1856072504051589
/home/ashley/reuse/Git_Scripts/Repos/openjpa/307/b/TestMethodQLQuery.java -3.7753658833353403 -2.4534871125123567 -3.7753658833353403 -3.5036539447619637 -0.2717119385733766
/home/ashley/reuse/Git_Scripts/Repos/openjpa/2885/b/Compatibility.java -4.1585803260607515 -1.5136595056542965 -4.1585803260607515 -1.1881658074459291 -2.970414518614822
/home/ashley/reuse/Git_Scripts/Repos/openjpa/2885/b/MetaDataRepository.java -2.5344458262724148 -1.354522840263022 -2.5344458262724148 -1.4547410296268035 -1.0797047966456113
/home/ashley/reuse/Git_Scripts/Repos/openjpa/1764/b/PCEnhancer.java -1.9104293835013113 -1.2745291046646807 -1.9104293835013113 -1.914453379550345 0.004023996049033585
/home/ashley/reuse/Git_Scripts/Repos/openjpa/1521/b/TestEntityManagerMethodsThrowAfterClose.java -3.9312017590781103 -2.632245719324499 -3.9312017590781103 -3.978774057592807 0.04757229851469669
/home/ashley/reuse/Git_Scripts/Repos/openjpa/2137/b/ClassMappingInfo.java -2.6697016001498404 -1.5686716719283984 -2.6697016001498404 -1.901803559246526 -0.7678980409033143
/home/ashley/reuse/Git_Scripts/Repos/openjpa/2137/b/AnnotationPersistenceMappingParser.java -1.9867937254003638 -1.2116858507757409 -1.9867937254003638 -1.5527827238008918 -0.43401100159947203
/home/ashley/reuse/Git_Scripts/Repos/openjpa/997/b/AbstractDataCache.java -3.482569542190928 -2.3646496756506976 -3.482569542190928 -3.6816571662926374 0.19908762410170944
/home/ashley/reuse/Git_Scripts/Repos/openjpa/997/b/TestStatistics.java -3.8317740803045255 -2.342815828105161 -3.8317740803045255 -3.0110035376594144 -0.8207705426451111
/home/ashley/reuse/Git_Scripts/Repos/openjpa/939/b/PCDataGenerator.java -1.0268643898210283 -0.6860194770787834 -1.0268643898210283 -1.0332467384133492 0.006382348592320897
/home/ashley/reuse/Git_Scripts/Repos/openjpa/1832/b/PCPath.java -0.8757954666291373 -0.5799759325013778 -0.8757954666291373 -0.8585306814446919 -0.017264785184445408
/home/ashley/reuse/Git_Scripts/Repos/openjpa/831/b/JDBCStoreManager.java -2.707633593684547 -1.8526942325500075 -2.707633593684547 -2.933450173530282 0.225816579845735
/home/ashley/reuse/Git_Scripts/Repos/openjpa/1438/b/DataCacheStoreManager.java -0.5448748960472924 -0.34241462181110266 -0.5448748960472924 -0.4606450796928786 -0.08422981635441384
/home/ashley/reuse/Git_Scripts/Repos/openjpa/1438/b/BrokerImpl.java -0.9519315343577115 -0.640128989472259 -0.9519315343577115 -0.9771552239239109 0.02522368956619936
/home/ashley/reuse/Git_Scripts/Repos/openjpa/31/b/DistributedStoreQuery.java -1.380083249951717 -0.9202322977195345 -1.380083249951717 -1.380083249951717 0.0
/home/ashley/reuse/Git_Scripts/Repos/openjpa/31/b/DistributedBrokerImpl.java -3.2918552909192287 -2.0698787056537573 -3.2918552909192287 -2.787999889247918 -0.5038554016713106
/home/ashley/reuse/Git_Scripts/Repos/openjpa/31/b/DistributedQueryImpl.java -3.5140239882197752 -2.3426826588131835 -3.5140239882197752 -3.5140239882197752 0.0
/home/ashley/reuse/Git_Scripts/Repos/openjpa/31/b/DistributedJDBCConfigurationImpl.java -3.149123486883601 -2.0075760910366 -3.149123486883601 -2.769094407726486 -0.38002907915711504
