before_file_path change CE-Avg CE-Left CE-Right CE-Diff
/home/ashley/reuse/Git_Scripts/Repos/derby/1/b/SQLState.java -7.7716933687441125 -4.940962988190193 -7.7716933687441125 -6.781502763505969 -0.9901906052381433
/home/ashley/reuse/Git_Scripts/Repos/derby/1/b/SQLStateConstants.java -5.769726747180184 -3.8215478076947083 -5.769726747180184 -5.658947993634324 -0.1107787535458602
/home/ashley/reuse/Git_Scripts/Repos/derby/3/b/ClientConnectionPoolDataSource.java -6.94750118446277 -3.770847682356438 -6.94750118446277 -4.116113807670941 -2.831387376791829
/home/ashley/reuse/Git_Scripts/Repos/derby/3/b/ClientXADataSource.java -7.491623712141954 -4.162013173412197 -7.491623712141954 -4.6664996186742815 -2.8251240934676725
/home/ashley/reuse/Git_Scripts/Repos/derby/4/b/DatabaseClassLoadingTest.java -5.80225957408442 -3.4807063589359255 -5.80225957408442 -4.348652246622115 -1.4536073274623051
/home/ashley/reuse/Git_Scripts/Repos/derby/5/b/NetworkServerTestSetup.java -6.447793286776177 -2.395477632492162 -6.447793286776177 -1.9048085854743915 -4.542984701301785
/home/ashley/reuse/Git_Scripts/Repos/derby/6/b/ValueNode.java -8.161861441444094 -5.440543723525394 -8.161861441444094 -8.155590322395732 -0.006271119048362195
/home/ashley/reuse/Git_Scripts/Repos/derby/7/b/SQLState.java -7.7717079155920885 -4.89753878022273 -7.7717079155920885 -6.620343779948816 -1.1513641356432727
/home/ashley/reuse/Git_Scripts/Repos/derby/7/b/ResultSet.java -6.640898847772586 -4.3206914796859035 -6.640898847772586 -6.18334280454603 -0.45755604322655596
/home/ashley/reuse/Git_Scripts/Repos/derby/7/b/splitmessages.java -6.63285930019118 -3.9879551568851315 -6.63285930019118 -5.0004733664992695 -1.6323859336919107
/home/ashley/reuse/Git_Scripts/Repos/derby/8/b/OptimizerImpl.java -7.492991043484556 -4.902933999878919 -7.492991043484556 -7.090916399953029 -0.40207464353152744
/home/ashley/reuse/Git_Scripts/Repos/derby/10/b/NetworkServerControl.java -6.648377983166426 -4.196377192345144 -6.648377983166426 -5.684279583260481 -0.9640983999059447
/home/ashley/reuse/Git_Scripts/Repos/derby/11/b/derbyStress.java -4.897134432906198 -3.2647562886041324 -4.897134432906198 -4.897134432906198 0.0
/home/ashley/reuse/Git_Scripts/Repos/derby/12/b/TestJDBC40Exception.java -6.09526208039155 -4.361165779637433 -6.09526208039155 -7.651929344703821 1.5566672643122708
/home/ashley/reuse/Git_Scripts/Repos/derby/12/b/TestDbMetaData.java -5.570798371168848 -2.5681845229436364 -5.570798371168848 -2.3815959400456124 -3.189202431123235
/home/ashley/reuse/Git_Scripts/Repos/derby/14/b/LuceneSupportPermsTest.java -5.818362957563182 -3.8803902688713965 -5.818362957563182 -5.8250353921475435 0.0066724345843613975
/home/ashley/reuse/Git_Scripts/Repos/derby/16/b/CollationTest2.java -5.402705678049979 -3.1397302734281674 -5.402705678049979 -3.7473371625931473 -1.6553685154568316
/home/ashley/reuse/Git_Scripts/Repos/derby/17/b/AnsiSignatures.java -6.100841977220638 -4.064859875361174 -6.100841977220638 -6.089312547695435 -0.011529429525202417
/home/ashley/reuse/Git_Scripts/Repos/derby/18/b/DateTime.java -8.222353035784465 -5.505296684120985 -8.222353035784465 -8.330061479192832 0.1077084434083666
/home/ashley/reuse/Git_Scripts/Repos/derby/19/b/CatalogRowFactory.java -9.351529822658607 -6.2784642048352595 -9.351529822658607 -9.552878550897667 0.20134872823905958
/home/ashley/reuse/Git_Scripts/Repos/derby/20/b/EmbedClob.java -6.77379323546341 -4.534804531795135 -6.77379323546341 -6.856854547864441 0.0830613124010311
/home/ashley/reuse/Git_Scripts/Repos/derby/20/b/EmbedDatabaseMetaData.java -5.633470351438101 -3.71749268252705 -5.633470351438101 -5.464288646840408 -0.1691817045976931
/home/ashley/reuse/Git_Scripts/Repos/derby/20/b/EmbedBlob.java -7.02852529161901 -4.6852135494583695 -7.02852529161901 -7.026410813492771 -0.0021144781262387724
/home/ashley/reuse/Git_Scripts/Repos/derby/20/b/EmbedResultSet.java -6.700603632788965 -4.2430022689643305 -6.700603632788965 -5.784232714842951 -0.916370917946014
/home/ashley/reuse/Git_Scripts/Repos/derby/20/b/EmbedPreparedStatement.java -6.55830760773399 -4.277675511446284 -6.55830760773399 -6.150556219874502 -0.4077513878594887
/home/ashley/reuse/Git_Scripts/Repos/derby/20/b/UTF8Reader.java -7.337026894537304 -4.891351263024869 -7.337026894537304 -7.337026894537304 0.0
/home/ashley/reuse/Git_Scripts/Repos/derby/20/b/StoreStreamClob.java -7.5012285330474056 -5.005554646105497 -7.5012285330474056 -7.5154488714986805 0.014220338451274905
/home/ashley/reuse/Git_Scripts/Repos/derby/20/b/EmbedStatement.java -6.943832006768346 -4.457243811725039 -6.943832006768346 -6.222019947852718 -0.7218120589156287
/home/ashley/reuse/Git_Scripts/Repos/derby/20/b/EmbedConnection.java -7.065218297805605 -4.383916836643869 -7.065218297805605 -5.775801397000397 -1.2894169008052074
/home/ashley/reuse/Git_Scripts/Repos/derby/20/b/InterruptStatus.java -7.099280903915857 -4.3798344893943595 -7.099280903915857 -5.707494367563324 -1.3917865363525328
/home/ashley/reuse/Git_Scripts/Repos/derby/20/b/TransactionResourceImpl.java -8.315479613876914 -5.362510281205457 -8.315479613876914 -7.550339996627822 -0.7651396172490914
/home/ashley/reuse/Git_Scripts/Repos/derby/21/b/SetRoleConstantAction.java -8.986119765481385 -5.626496722500634 -8.986119765481385 -7.511713240920536 -1.474406524560849
/home/ashley/reuse/Git_Scripts/Repos/derby/21/b/RolesTest.java -5.506060484277334 -3.5848359768513833 -5.506060484277334 -5.136912328169929 -0.36914815610740526
/home/ashley/reuse/Git_Scripts/Repos/derby/22/b/testSecMec.java -5.816911278876681 -3.113399290193366 -5.816911278876681 -3.3494150428370566 -2.4674962360396244
/home/ashley/reuse/Git_Scripts/Repos/derby/24/b/MissingPermissionsTest.java -6.178687051263531 -4.2540161646878305 -6.178687051263531 -6.822410211173139 0.6437231599096078
/home/ashley/reuse/Git_Scripts/Repos/derby/26/b/SlaveDatabase.java -7.836703684178064 -5.261996539969656 -7.836703684178064 -8.008038460543174 0.17133477636510985
/home/ashley/reuse/Git_Scripts/Repos/derby/27/b/utilMain.java -6.7539294954339235 -4.66691290448059 -6.7539294954339235 -7.551449484116115 0.7975199886821915
/home/ashley/reuse/Git_Scripts/Repos/derby/28/b/FormatableBitSet.java -7.4647944878744275 -5.511404939298027 -7.4647944878744275 -10.526584944085426 3.061790456210999
/home/ashley/reuse/Git_Scripts/Repos/derby/29/b/ClientJDBCObjectFactoryImpl.java -9.713003436009497 -6.22836785291357 -9.713003436009497 -8.674464343468385 -1.0385390925411127
/home/ashley/reuse/Git_Scripts/Repos/derby/29/b/ClientJDBCObjectFactoryImpl40.java -9.88228638901617 -7.0904522944139465 -9.88228638901617 -12.549076669084611 2.666790280068442
/home/ashley/reuse/Git_Scripts/Repos/derby/29/b/ClientJDBCObjectFactory.java -11.361642140013045 -7.683958199252426 -11.361642140013045 -11.86920690915452 0.5075647691414762
/home/ashley/reuse/Git_Scripts/Repos/derby/29/b/NetPreparedStatement.java -8.23714577108811 -5.857167316170391 -8.23714577108811 -10.135877677644014 1.8987319065559038
/home/ashley/reuse/Git_Scripts/Repos/derby/31/b/GeneratedColumnsTest.java -5.300947503220577 -2.1977874981187915 -5.300947503220577 -1.8771761900140997 -3.423771313206477
/home/ashley/reuse/Git_Scripts/Repos/derby/31/b/TableElementList.java -8.070130439924915 -5.07756907892411 -8.070130439924915 -6.845186983532504 -1.2249434563924106
/home/ashley/reuse/Git_Scripts/Repos/derby/31/b/CreateTableNode.java -8.423905097750128 -5.571924688480492 -8.423905097750128 -8.224676493895883 -0.19922860385424457
/home/ashley/reuse/Git_Scripts/Repos/derby/31/b/AlterTableNode.java -7.493334820163969 -4.886535109605631 -7.493334820163969 -7.023256051942503 -0.470078768221466
/home/ashley/reuse/Git_Scripts/Repos/derby/32/b/Configuration.java -6.827747140748831 -5.088280968481827 -6.827747140748831 -9.96663285967855 3.1388857189297186
/home/ashley/reuse/Git_Scripts/Repos/derby/33/b/IndexSplitDeadlockTest.java -5.775732057963513 -2.949012617617184 -5.775732057963513 -3.012804608727568 -2.762927449235945
/home/ashley/reuse/Git_Scripts/Repos/derby/34/b/Version.java -5.9663556190211136 -3.9998935119355834 -5.9663556190211136 -6.06794990974748 0.10159429072636605
/home/ashley/reuse/Git_Scripts/Repos/derby/35/b/ConcurrencyTest.java -5.686724037964385 -3.767865565616576 -5.686724037964385 -5.5820230601727046 -0.10470097779168075
/home/ashley/reuse/Git_Scripts/Repos/derby/36/b/DriverTest.java -6.444068140805256 -4.0575242946137315 -6.444068140805256 -5.475704615251013 -0.9683635255542429
/home/ashley/reuse/Git_Scripts/Repos/derby/37/b/NestedLoopJoinStrategy.java -8.89014978861727 -5.895173953645994 -8.89014978861727 -8.740263174689055 -0.14988661392821534
/home/ashley/reuse/Git_Scripts/Repos/derby/37/b/InsertNode.java -7.7478615404433935 -5.166404631609021 -7.7478615404433935 -7.753100121606641 0.005238581163247602
/home/ashley/reuse/Git_Scripts/Repos/derby/37/b/UpdateNode.java -7.964093659012785 -5.359552008044591 -7.964093659012785 -8.194143131969138 0.23004947295635336
/home/ashley/reuse/Git_Scripts/Repos/derby/37/b/DeleteNode.java -8.212575029990518 -5.57251868210529 -8.212575029990518 -8.667377084483945 0.4548020544934275
/home/ashley/reuse/Git_Scripts/Repos/derby/37/b/BaseJoinStrategy.java -8.427120118324032 -5.782014592225479 -8.427120118324032 -9.1989893386975 0.7718692203734676
/home/ashley/reuse/Git_Scripts/Repos/derby/37/b/FromBaseTable.java -7.750306696281592 -5.167650918226996 -7.750306696281592 -7.753231561062436 0.002924864780844416
/home/ashley/reuse/Git_Scripts/Repos/derby/37/b/HashJoinStrategy.java -7.698142487980118 -5.112691986345964 -7.698142487980118 -7.607915782776413 -0.09022670520370557
/home/ashley/reuse/Git_Scripts/Repos/derby/37/b/DataTypeDescriptor.java -7.5998403978212155 -5.064046734253371 -7.5998403978212155 -7.586929222798372 -0.012911175022843224
/home/ashley/reuse/Git_Scripts/Repos/derby/37/b/ResultColumnList.java -7.730525334408398 -5.245243843654742 -7.730525334408398 -8.157091017504012 0.42656568309561393
/home/ashley/reuse/Git_Scripts/Repos/derby/40/b/Changes10_3.java -5.6802934744016085 -2.9962464051996274 -5.6802934744016085 -3.1705030620448396 -2.509790412356769
/home/ashley/reuse/Git_Scripts/Repos/derby/41/b/StatementSchemaPermission.java -8.771341250524864 -5.550330044419261 -8.771341250524864 -7.535941074394602 -1.2354001761302627
/home/ashley/reuse/Git_Scripts/Repos/derby/42/b/ReplicationRun_Local_3_p3.java -4.975610282928031 -2.8686279599713824 -4.975610282928031 -3.3814012546711574 -1.5942090282568735
/home/ashley/reuse/Git_Scripts/Repos/derby/44/b/ClientDataSource.java -7.091690608968447 -4.735000741963689 -7.091690608968447 -7.091690608968447 0.0
/home/ashley/reuse/Git_Scripts/Repos/derby/44/b/ClobOutputStream.java -7.243988797743519 -4.829325865162346 -7.243988797743519 -7.243988797743519 0.0
/home/ashley/reuse/Git_Scripts/Repos/derby/44/b/PreparedStatement40.java -6.377230563707429 -4.371286480758828 -6.377230563707429 -6.948524135039553 0.5712935713321237
/home/ashley/reuse/Git_Scripts/Repos/derby/44/b/ClientDriver.java -6.8139307794135835 -4.463228215694915 -6.8139307794135835 -6.468731643011574 -0.3451991364020097
/home/ashley/reuse/Git_Scripts/Repos/derby/44/b/Configuration.java -7.0069276430731025 -4.962301650761578 -7.0069276430731025 -8.502897043453723 1.4959694003806208
/home/ashley/reuse/Git_Scripts/Repos/derby/44/b/NetResultSet40.java -7.096650357946621 -3.6000715878333382 -7.096650357946621 -3.653349602875269 -3.443300755071352
/home/ashley/reuse/Git_Scripts/Repos/derby/44/b/NetCallableStatement.java -8.467770353863568 -5.580143597246498 -8.467770353863568 -8.163311195072966 -0.3044591587906016
/home/ashley/reuse/Git_Scripts/Repos/derby/44/b/NetConnection40.java -7.458045295992533 -3.519646109835851 -7.458045295992533 -3.3325316800397324 -4.1255136159528005
/home/ashley/reuse/Git_Scripts/Repos/derby/44/b/ClientConnectionPoolDataSource.java -7.160932237321074 -4.793088912355187 -7.160932237321074 -7.247731415955268 0.08679917863419462
/home/ashley/reuse/Git_Scripts/Repos/derby/44/b/ClientJDBCObjectFactoryImpl.java -9.589236679549492 -5.709439862652836 -9.589236679549492 -7.050259968540609 -2.538976711008883
/home/ashley/reuse/Git_Scripts/Repos/derby/44/b/PreparedStatement.java -6.504814595219311 -4.142530724350175 -6.504814595219311 -5.7034623673282905 -0.8013522278910203
/home/ashley/reuse/Git_Scripts/Repos/derby/44/b/ClientPooledConnection.java -7.885046693067588 -5.104220346402741 -7.885046693067588 -7.230632728305266 -0.6544139647623224
/home/ashley/reuse/Git_Scripts/Repos/derby/44/b/NetStatementReply.java -8.655616033554287 -5.73149155219467 -8.655616033554287 -8.48187016441008 -0.17374586914420753
/home/ashley/reuse/Git_Scripts/Repos/derby/44/b/NetConnection.java -7.502735006628509 -4.826413217689682 -7.502735006628509 -6.764172989381995 -0.7385620172465135
/home/ashley/reuse/Git_Scripts/Repos/derby/44/b/ClientJDBCObjectFactoryImpl40.java -9.73998221522426 -5.647210250309343 -9.73998221522426 -6.71484203892504 -3.025140176299219
/home/ashley/reuse/Git_Scripts/Repos/derby/44/b/ClientJDBCObjectFactory.java -10.686477012520578 -6.360659420235284 -10.686477012520578 -7.856669777297202 -2.8298072352233765
/home/ashley/reuse/Git_Scripts/Repos/derby/44/b/Blob.java -6.977346260344497 -4.478163542092931 -6.977346260344497 -6.251183119874631 -0.7261631404698656
/home/ashley/reuse/Git_Scripts/Repos/derby/44/b/NetPreparedStatement.java -8.133827802821202 -5.369240263098265 -8.133827802821202 -7.8985517919957955 -0.23527601082540617
/home/ashley/reuse/Git_Scripts/Repos/derby/44/b/BlobOutputStream.java -7.944661795589053 -5.300598529239164 -7.944661795589053 -7.944661795589053 0.0
/home/ashley/reuse/Git_Scripts/Repos/derby/45/b/NetServlet.java -6.421405361383278 -4.187995103825084 -6.421405361383278 -6.019311078021268 -0.40209428336201025
/home/ashley/reuse/Git_Scripts/Repos/derby/45/b/NetworkServerControl.java -6.215864396114011 -2.4396181065167752 -6.215864396114011 -2.0078583552915044 -4.208006040822506
/home/ashley/reuse/Git_Scripts/Repos/derby/47/b/IdUtil.java -6.2185713049476075 -4.157775260224161 -6.2185713049476075 -6.270661451498825 0.05209014655121713
/home/ashley/reuse/Git_Scripts/Repos/derby/47/b/AuthenticationTest.java -5.544045607096212 -3.5288377185627207 -5.544045607096212 -4.854099014566242 -0.6899465925299699
/home/ashley/reuse/Git_Scripts/Repos/derby/48/b/SQLBinary.java -7.2845912697899005 -4.57480129699562 -7.2845912697899005 -6.147629170381311 -1.1369620994085894
/home/ashley/reuse/Git_Scripts/Repos/derby/50/b/checkDataSource.java -5.9609996548449145 -3.973999769896609 -5.9609996548449145 -5.9609996548449145 0.0
/home/ashley/reuse/Git_Scripts/Repos/derby/51/b/AbstractPool.java -7.3216372777241805 -4.710989731608334 -7.3216372777241805 -6.602119617912096 -0.7195176598120847
/home/ashley/reuse/Git_Scripts/Repos/derby/52/b/IndexChanger.java -8.41083052582587 -5.601449909143075 -8.41083052582587 -8.381227954683501 -0.029602571142369527
/home/ashley/reuse/Git_Scripts/Repos/derby/52/b/ConstraintCharacteristicsTest.java -5.884443539056143 -3.3822362970557895 -5.884443539056143 -3.9770044206770594 -1.9074391183790835
/home/ashley/reuse/Git_Scripts/Repos/derby/53/b/RoutineTest.java -5.224297146075416 -2.8892060100744756 -5.224297146075416 -3.23200890966209 -1.9922882364133256
/home/ashley/reuse/Git_Scripts/Repos/derby/56/b/DMLModStatementNode.java -8.340250914766802 -5.527493358667365 -8.340250914766802 -8.193566561528826 -0.14668435323797624
/home/ashley/reuse/Git_Scripts/Repos/derby/57/b/AllPackages.java -7.207937088041449 -4.676478219514071 -7.207937088041449 -6.650417092281337 -0.5575199957601118
/home/ashley/reuse/Git_Scripts/Repos/derby/59/b/ValueNodeList.java -7.589079156878267 -4.99865234654508 -7.589079156878267 -7.318454836459785 -0.2706243204184817
/home/ashley/reuse/Git_Scripts/Repos/derby/59/b/SimpleStringOperatorNode.java -8.261319253539558 -5.651185599664169 -8.261319253539558 -8.922224793822723 0.6609055402831654
/home/ashley/reuse/Git_Scripts/Repos/derby/59/b/ValueNode.java -8.26944258402079 -5.695436137981355 -8.26944258402079 -9.144819586407372 0.8753770023865819
/home/ashley/reuse/Git_Scripts/Repos/derby/59/b/UnaryArithmeticOperatorNode.java -8.001082451457783 -5.395015595840106 -8.001082451457783 -8.271456952320563 0.27037450086277914
/home/ashley/reuse/Git_Scripts/Repos/derby/59/b/UnaryOperatorNode.java -7.98632324974882 -5.495127291507844 -7.98632324974882 -8.803448407235237 0.8171251574864167
/home/ashley/reuse/Git_Scripts/Repos/derby/59/b/BinaryListOperatorNode.java -7.983326545368407 -5.509696637672177 -7.983326545368407 -8.881120710338173 0.897794164969766
/home/ashley/reuse/Git_Scripts/Repos/derby/60/b/PreparedStatementTest.java -5.53816935704851 -2.167674099907268 -5.53816935704851 -1.7805066403516385 -3.7576627166968715
/home/ashley/reuse/Git_Scripts/Repos/derby/61/b/BatchUpdateException.java -7.993278218860139 -5.517940447858289 -7.993278218860139 -8.909174681437863 0.9158964625777237
/home/ashley/reuse/Git_Scripts/Repos/derby/61/b/ResultSet.java -6.730925229508034 -4.174132495317571 -6.730925229508034 -5.494099741471281 -1.2368254880367529
/home/ashley/reuse/Git_Scripts/Repos/derby/61/b/PreparedStatement.java -6.665498979107194 -4.217870608635303 -6.665498979107194 -5.743153775923212 -0.9223452031839816
/home/ashley/reuse/Git_Scripts/Repos/derby/61/b/Savepoint.java -8.778395697964564 -5.3351456612629455 -8.778395697964564 -6.763681931218598 -2.014713766745966
/home/ashley/reuse/Git_Scripts/Repos/derby/61/b/SqlException.java -8.505546255556526 -4.823134847617979 -8.505546255556526 -5.570181057820293 -2.9353651977362327
/home/ashley/reuse/Git_Scripts/Repos/derby/62/b/CheapDateFormatter.java -7.936797982746104 -6.179284184027996 -7.936797982746104 -13.90829360785984 5.971495625113735
/home/ashley/reuse/Git_Scripts/Repos/derby/63/b/CreateIndexNode.java -7.830207737569448 -5.439980389752884 -7.830207737569448 -8.902243579530852 1.0720358419614042
/home/ashley/reuse/Git_Scripts/Repos/derby/63/b/WindowNode.java -7.541136727816427 -4.578547299031402 -7.541136727816427 -5.827242016949057 -1.71389471086737
/home/ashley/reuse/Git_Scripts/Repos/derby/63/b/SingleChildResultSetNode.java -8.138302698211188 -5.377173816199704 -8.138302698211188 -7.917987694896201 -0.22031500331498677
/home/ashley/reuse/Git_Scripts/Repos/derby/63/b/GroupByList.java -8.214523066584835 -5.453904658962062 -8.214523066584835 -8.114345956016727 -0.10017711056810796
/home/ashley/reuse/Git_Scripts/Repos/derby/63/b/GroupByNode.java -8.278744532018756 -5.6067178500067225 -8.278744532018756 -8.685651430015561 0.40690689799680513
/home/ashley/reuse/Git_Scripts/Repos/derby/63/b/ParameterNode.java -8.497237347060906 -5.589437494454513 -8.497237347060906 -8.166789228008538 -0.3304481190523685
/home/ashley/reuse/Git_Scripts/Repos/derby/63/b/ColumnDefinitionNode.java -8.18483789860304 -5.4535263353292835 -8.18483789860304 -8.17120786047048 -0.01363003813256114
/home/ashley/reuse/Git_Scripts/Repos/derby/63/b/QueryTreeNodeVector.java -7.592801349723085 -5.015640465418294 -7.592801349723085 -7.371981623668498 -0.22081972605458677
/home/ashley/reuse/Git_Scripts/Repos/derby/63/b/DeleteNode.java -8.194262809923478 -5.5638609148703955 -8.194262809923478 -8.666306593690551 0.4720437837670737
/home/ashley/reuse/Git_Scripts/Repos/derby/63/b/CompilerContextImpl.java -8.023513178734223 -5.321003504221649 -8.023513178734223 -7.898795357303121 -0.12471782143110222
/home/ashley/reuse/Git_Scripts/Repos/derby/63/b/JoinNode.java -8.374257565077793 -5.638842459569166 -8.374257565077793 -8.629703511273222 0.2554459461954295
/home/ashley/reuse/Git_Scripts/Repos/derby/63/b/ResultSetNode.java -8.306120296213113 -5.628278424654059 -8.306120296213113 -8.72651169079696 0.4203913945838469
/home/ashley/reuse/Git_Scripts/Repos/derby/63/b/IndexToBaseRowNode.java -8.584785953967916 -5.675655830031944 -8.584785953967916 -8.367538309418524 -0.21724764454939205
/home/ashley/reuse/Git_Scripts/Repos/derby/63/b/DistinctNode.java -9.055870813023901 -5.986084096744612 -9.055870813023901 -8.829474042698303 -0.22639677032559824
/home/ashley/reuse/Git_Scripts/Repos/derby/63/b/RowResultSetNode.java -8.366294315390041 -5.602429229055831 -8.366294315390041 -8.475881469746357 0.10958715435631561
/home/ashley/reuse/Git_Scripts/Repos/derby/63/b/FromBaseTable.java -7.743789821823766 -5.166935417133692 -7.743789821823766 -7.763077697446091 0.019287875622325146
/home/ashley/reuse/Git_Scripts/Repos/derby/63/b/UntypedNullConstantNode.java -9.951058741477672 -6.12097498126864 -9.951058741477672 -7.91456299903573 -2.036495742441942
/home/ashley/reuse/Git_Scripts/Repos/derby/63/b/RowCountNode.java -8.282027664543474 -5.453433556247874 -8.282027664543474 -7.983734295269663 -0.2982933692738108
/home/ashley/reuse/Git_Scripts/Repos/derby/63/b/CreateAliasNode.java -7.80521135704942 -5.179008887516189 -7.80521135704942 -7.692783607253423 -0.11242774979599712
/home/ashley/reuse/Git_Scripts/Repos/derby/63/b/TableElementList.java -8.01582794892002 -5.3554184161765 -8.01582794892002 -8.067951961944631 0.05212401302461167
/home/ashley/reuse/Git_Scripts/Repos/derby/63/b/CreateTriggerNode.java -7.424785776756463 -5.025118898417983 -7.424785776756463 -7.774085574185519 0.34929979742905637
/home/ashley/reuse/Git_Scripts/Repos/derby/63/b/PredicateList.java -7.81687113058275 -5.24141907057602 -7.81687113058275 -7.954234142483806 0.13736301190105582
/home/ashley/reuse/Git_Scripts/Repos/derby/63/b/WindowReferenceNode.java -6.608365076071191 -3.748027953592616 -6.608365076071191 -4.329618498115608 -2.278746577955583
/home/ashley/reuse/Git_Scripts/Repos/derby/63/b/SelectNode.java -7.386924512139061 -4.903836384362371 -7.386924512139061 -7.2931685953300756 -0.09375591680898587
/home/ashley/reuse/Git_Scripts/Repos/derby/64/b/MBeanTest.java -6.719659044797346 -4.286855655865381 -6.719659044797346 -5.914147865925741 -0.8055111788716056
/home/ashley/reuse/Git_Scripts/Repos/derby/65/b/ClosedObjectTest.java -6.526592971040069 -4.324531114957444 -6.526592971040069 -6.4086424956598265 -0.11795047538024228
/home/ashley/reuse/Git_Scripts/Repos/derby/66/b/InterruptResilienceTest.java -6.520476562132984 -2.4566738424154493 -6.520476562132984 -1.9708983574119634 -4.549578204721021
/home/ashley/reuse/Git_Scripts/Repos/derby/66/b/RAFContainer4.java -6.764723995380332 -4.5273046503983965 -6.764723995380332 -6.844038081559149 0.07931408617881708
/home/ashley/reuse/Git_Scripts/Repos/derby/68/b/IsNullNode.java -8.8628061545069 -5.92248206278917 -8.8628061545069 -8.925854572272701 0.06304841776580083
/home/ashley/reuse/Git_Scripts/Repos/derby/69/b/InternationalConnectTest.java -5.610809970067993 -3.5607063271585337 -5.610809970067993 -4.872545500322204 -0.738264469745789
/home/ashley/reuse/Git_Scripts/Repos/derby/70/b/EncryptionAESTest.java -5.854844102780861 -3.874226132931254 -5.854844102780861 -5.726240590696658 -0.1286035120842035
/home/ashley/reuse/Git_Scripts/Repos/derby/71/b/CollationTest.java -5.890295054494937 -3.293706368641753 -5.890295054494937 -3.735457735066229 -2.1548373194287076
/home/ashley/reuse/Git_Scripts/Repos/derby/73/b/UngroupedAggregatesNegativeTest.java -6.431265754053377 -4.068990635253455 -6.431265754053377 -5.538889166170372 -0.892376587883005
/home/ashley/reuse/Git_Scripts/Repos/derby/75/b/RuntimeStatisticsParser.java -6.625519888756619 -3.671910294335181 -6.625519888756619 -4.114670103171608 -2.5108497855850107
/home/ashley/reuse/Git_Scripts/Repos/derby/76/b/TableFunctionTest.java -4.67206284573018 -2.5754353165804305 -4.67206284573018 -2.869175624051156 -1.8028872216790237
/home/ashley/reuse/Git_Scripts/Repos/derby/77/b/SQLState.java -7.771801486223938 -5.1081782687378094 -7.771801486223938 -7.450776064602777 -0.32102542162116166
/home/ashley/reuse/Git_Scripts/Repos/derby/78/b/UnsupportedVetter.java -5.511659299604441 -2.7454771717789215 -5.511659299604441 -2.734690451365945 -2.7769688482384955
/home/ashley/reuse/Git_Scripts/Repos/derby/80/b/SystemProcedures.java -6.3601182899348325 -3.97776674877574 -6.3601182899348325 -5.309683859602511 -1.0504344303323219
/home/ashley/reuse/Git_Scripts/Repos/derby/82/b/UTF8Reader.java -7.262561219422107 -4.327619931175531 -7.262561219422107 -5.354383886726843 -1.9081773326952636
/home/ashley/reuse/Git_Scripts/Repos/derby/84/b/Connection.java -6.832603149006728 -4.170602824042735 -6.832603149006728 -5.352379885452529 -1.4802232635541985
/home/ashley/reuse/Git_Scripts/Repos/derby/84/b/ClientPooledConnection.java -8.133856062565819 -4.945342531914615 -8.133856062565819 -6.302568830730951 -1.8312872318348683
/home/ashley/reuse/Git_Scripts/Repos/derby/84/b/NetConnection.java -7.582564445716523 -4.809766871867592 -7.582564445716523 -6.57645686413807 -1.006107581578453
/home/ashley/reuse/Git_Scripts/Repos/derby/85/b/NetServlet.java -6.383199454740437 -4.20994355708455 -6.383199454740437 -6.181343304443932 -0.2018561502965044
/home/ashley/reuse/Git_Scripts/Repos/derby/86/b/ScriptTestCase.java -6.629394332727662 -4.29841374476858 -6.629394332727662 -6.098435976559542 -0.5309583561681199
/home/ashley/reuse/Git_Scripts/Repos/derby/86/b/ToolScripts.java -7.156545158318255 -4.7663708964580564 -7.156545158318255 -7.135619587679898 -0.020925570638357094
/home/ashley/reuse/Git_Scripts/Repos/derby/87/b/ClobUtf8Writer.java -6.417562275908141 -4.449509844629644 -6.417562275908141 -7.223230267255916 0.8056679913477751
/home/ashley/reuse/Git_Scripts/Repos/derby/87/b/LOBInputStream.java -6.33394937393326 -3.8577878623106256 -6.33394937393326 -4.9340547659262715 -1.3998946080069885
/home/ashley/reuse/Git_Scripts/Repos/derby/88/b/FileUtil.java -5.8118899635848456 -4.548181253967042 -5.8118899635848456 -10.45387148933563 4.641981525750784
/home/ashley/reuse/Git_Scripts/Repos/derby/90/b/XMLXXETest.java -5.596765579627433 -3.732803547005219 -5.596765579627433 -5.596765579627433 0.0
/home/ashley/reuse/Git_Scripts/Repos/derby/91/b/BlobClob4BlobTest.java -5.788653071679403 -3.851153330901024 -5.788653071679403 -5.752676580371815 -0.035976491307588176
/home/ashley/reuse/Git_Scripts/Repos/derby/92/b/JDBCDataSource.java -5.059344566053356 -3.372896377368904 -5.059344566053356 -5.059344566053356 0.0
/home/ashley/reuse/Git_Scripts/Repos/derby/92/b/XADSAuthenticationTest.java -5.984299882606302 -4.358780821315988 -5.984299882606302 -8.017221954432772 2.0329220718264702
/home/ashley/reuse/Git_Scripts/Repos/derby/92/b/PoolDSAuthenticationTest.java -5.992879233155313 -4.3455828270268 -5.992879233155313 -7.898678054852029 1.9057988216967159
/home/ashley/reuse/Git_Scripts/Repos/derby/92/b/AuthenticationTest.java -5.552477736425828 -3.7904761629498824 -5.552477736425828 -5.970947796114586 0.41847005968875717
/home/ashley/reuse/Git_Scripts/Repos/derby/96/b/BlobClob4BlobTest.java -5.809008233260306 -3.7826922525430846 -5.809008233260306 -5.4217635450329595 -0.38724468822734615
/home/ashley/reuse/Git_Scripts/Repos/derby/98/b/UserDefinedAggregatesTest.java -4.812702433425072 -3.208928350362286 -4.812702433425072 -4.812702433425072 0.0
/home/ashley/reuse/Git_Scripts/Repos/derby/101/b/derbyrunjartest.java -6.880653267495702 -4.207121723748862 -6.880653267495702 -5.413765531020391 -1.4668877364753108
/home/ashley/reuse/Git_Scripts/Repos/derby/103/b/UpdatableResultSetTest.java -5.394321399819748 -3.5986464797174325 -5.394321399819748 -5.405069998819193 0.010748598999445136
/home/ashley/reuse/Git_Scripts/Repos/derby/104/b/StoredPage.java -7.418392950539858 -4.918499609754135 -7.418392950539858 -7.297476551101753 -0.12091639943810506
/home/ashley/reuse/Git_Scripts/Repos/derby/104/b/StoredFieldHeader.java -7.322345141705054 -4.8815634278033695 -7.322345141705054 -7.322345141705054 0.0
/home/ashley/reuse/Git_Scripts/Repos/derby/104/b/DataInputUtil.java -6.748218255313194 -4.513418703228955 -6.748218255313194 -6.748218255313194 0.0
/home/ashley/reuse/Git_Scripts/Repos/derby/105/b/ErrorStreamTest.java -5.966152642707185 -4.080709802083972 -5.966152642707185 -6.456344643621506 0.4901920009143206
/home/ashley/reuse/Git_Scripts/Repos/derby/107/b/DatabaseMetaDataTest.java -5.713610276379253 -1.1731326296961535 -5.713610276379253 -0.738089591311018 -4.9755206850682345
/home/ashley/reuse/Git_Scripts/Repos/derby/108/b/ValueNodeList.java -7.776782561818498 -5.1054549280202774 -7.776782561818498 -7.427587359623796 -0.3491952021947027
/home/ashley/reuse/Git_Scripts/Repos/derby/108/b/SimpleStringOperatorNode.java -8.15626554867058 -5.3133662935022965 -8.15626554867058 -7.605406655405248 -0.5508588932653327
/home/ashley/reuse/Git_Scripts/Repos/derby/108/b/ValueNode.java -8.168218484006111 -5.4722831605284465 -8.168218484006111 -8.286784228968145 0.11856574496203365
/home/ashley/reuse/Git_Scripts/Repos/derby/108/b/UnaryArithmeticOperatorNode.java -8.198219057045948 -5.404601507078971 -8.198219057045948 -7.930238530968175 -0.267980526077773
/home/ashley/reuse/Git_Scripts/Repos/derby/108/b/UnaryOperatorNode.java -7.923575293883119 -5.223436211390637 -7.923575293883119 -7.660359309523543 -0.2632159843595758
/home/ashley/reuse/Git_Scripts/Repos/derby/108/b/BinaryListOperatorNode.java -8.297621259854758 -5.395469202278909 -8.297621259854758 -7.70552142763519 -0.5920998322195672
/home/ashley/reuse/Git_Scripts/Repos/derby/110/b/DataDictionaryImpl.java -8.201876221420594 -5.089496912053368 -8.201876221420594 -6.705869477969454 -1.4960067434511402
/home/ashley/reuse/Git_Scripts/Repos/derby/110/b/DDLConstantAction.java -8.571843079164776 -3.7777473973052813 -8.571843079164776 -3.3763415041897242 -5.195501574975051
/home/ashley/reuse/Git_Scripts/Repos/derby/111/b/DataType.java -7.107886876580902 -4.5419002374176705 -7.107886876580902 -6.290623770123826 -0.8172631064570757
/home/ashley/reuse/Git_Scripts/Repos/derby/112/b/Submitter.java -6.896776167941 -3.649816644042666 -6.896776167941 -3.8741826910532375 -3.0225934768877623
/home/ashley/reuse/Git_Scripts/Repos/derby/115/b/GeneratedColumnsTest.java -4.70451840408114 -2.568240517212925 -4.70451840408114 -2.8276543547282036 -1.8768640493529367
/home/ashley/reuse/Git_Scripts/Repos/derby/115/b/GeneratedColumnsHelper.java -6.109612927713181 -3.4862585108136557 -6.109612927713181 -4.059628758090331 -2.0499841696228502
/home/ashley/reuse/Git_Scripts/Repos/derby/117/b/InsertResultSet.java -7.7806380796933725 -5.16440689287362 -7.7806380796933725 -7.679440015117404 -0.1011980645759687
/home/ashley/reuse/Git_Scripts/Repos/derby/117/b/SQLState.java -7.771285577177141 -5.150745426272362 -7.771285577177141 -7.636132784530583 -0.13515279264655877
/home/ashley/reuse/Git_Scripts/Repos/derby/117/b/LanguageConnectionContext.java -8.811953029828405 -5.827034552926056 -8.811953029828405 -8.59615009848567 -0.21580293134273631
/home/ashley/reuse/Git_Scripts/Repos/derby/117/b/AlterTableConstantAction.java -7.763702840971086 -5.134168995863118 -7.763702840971086 -7.5793210445579025 -0.18438179641318353
/home/ashley/reuse/Git_Scripts/Repos/derby/117/b/ForeignKeyRIChecker.java -9.03930035903251 -5.360515329193697 -9.03930035903251 -6.585775975866542 -2.453524383165967
/home/ashley/reuse/Git_Scripts/Repos/derby/117/b/CreateConstraintConstantAction.java -7.727300394988655 -5.1197340065562695 -7.727300394988655 -7.5859473389827645 -0.1413530560058902
/home/ashley/reuse/Git_Scripts/Repos/derby/117/b/SetConstraintsConstantAction.java -8.310414505622383 -5.209513570688658 -8.310414505622383 -6.980748184722802 -1.3296663208995811
/home/ashley/reuse/Git_Scripts/Repos/derby/117/b/IndexChanger.java -8.41362798229423 -5.582501978773423 -8.41362798229423 -8.291476762137737 -0.12215122015649271
/home/ashley/reuse/Git_Scripts/Repos/derby/117/b/RIBulkChecker.java -9.090734048010752 -5.887720770364426 -9.090734048010752 -8.347622272969 -0.7431117750417524
/home/ashley/reuse/Git_Scripts/Repos/derby/117/b/TableElementList.java -8.03055352487003 -5.346243106613918 -8.03055352487003 -7.997080205895582 -0.03347331897444761
/home/ashley/reuse/Git_Scripts/Repos/derby/117/b/GenericRIChecker.java -9.23600237404795 -5.963209348075364 -9.23600237404795 -8.414252789389549 -0.8217495846584022
/home/ashley/reuse/Git_Scripts/Repos/derby/117/b/GenericLanguageConnectionContext.java -7.667334215699019 -5.109473847801934 -7.667334215699019 -7.657252250918349 -0.010081964780670027
/home/ashley/reuse/Git_Scripts/Repos/derby/117/b/ConstraintCharacteristicsTest.java -5.883725041618773 -3.132780699431251 -5.883725041618773 -3.35019868785974 -2.5335263537590333
/home/ashley/reuse/Git_Scripts/Repos/derby/118/b/JDBCDriversPropertyTest.java -6.75687222514551 -4.514044889908135 -6.75687222514551 -6.75687222514551 0.0
/home/ashley/reuse/Git_Scripts/Repos/derby/119/b/RAMTransaction.java -8.151855811109083 -5.476832808909433 -8.151855811109083 -8.345040645083966 0.1931848339748825
/home/ashley/reuse/Git_Scripts/Repos/derby/120/b/MaxLogNumberRecovery.java -6.200425071163752 -4.137733862230791 -6.200425071163752 -6.200425071163752 0.0
/home/ashley/reuse/Git_Scripts/Repos/derby/120/b/MaxLogNumber.java -5.467785515590919 -3.64668182913797 -5.467785515590919 -5.467785515590919 0.0
/home/ashley/reuse/Git_Scripts/Repos/derby/121/b/CollationTest.java -5.563504998471024 -3.586589590045715 -5.563504998471024 -5.046116584102173 -0.5173884143688507
/home/ashley/reuse/Git_Scripts/Repos/derby/122/b/dbMetaDataJdbc30.java -5.162909137228729 -3.3673490926363874 -5.162909137228729 -4.837564525430369 -0.32534461179835983
/home/ashley/reuse/Git_Scripts/Repos/derby/123/b/LockFactory.java -9.63341081355071 -6.8778585213451295 -9.63341081355071 -11.974598302102876 2.3411874885521655
/home/ashley/reuse/Git_Scripts/Repos/derby/124/b/ErrorMessageTest.java -6.440669305273928 -4.127234633040594 -6.440669305273928 -5.745170532744347 -0.6954987725295805
/home/ashley/reuse/Git_Scripts/Repos/derby/125/b/SQLState.java -7.7716933687441125 -5.039449854779258 -7.7716933687441125 -7.165928075166184 -0.605765293577929
/home/ashley/reuse/Git_Scripts/Repos/derby/125/b/SQLStateConstants.java -5.769726747180184 -3.813307273338493 -5.769726747180184 -5.622961042959384 -0.14676570422080015
/home/ashley/reuse/Git_Scripts/Repos/derby/126/b/EmbedResultSet.java -6.624226678121645 -4.045186294037067 -6.624226678121645 -5.19500026682281 -1.4292264112988349
/home/ashley/reuse/Git_Scripts/Repos/derby/127/b/Agent.java -7.47384022411956 -4.976042739145659 -7.47384022411956 -7.437311190766092 -0.03652903335346824
/home/ashley/reuse/Git_Scripts/Repos/derby/128/b/NetworkServerControlImpl.java -6.710678316368048 -4.456795507654066 -6.710678316368048 -6.63479947982868 -0.07587883653936789
/home/ashley/reuse/Git_Scripts/Repos/derby/129/b/BaseTestCase.java -5.809997673046475 -3.425841795031972 -5.809997673046475 -4.174251574929958 -1.6357460981165168
/home/ashley/reuse/Git_Scripts/Repos/derby/130/b/DRDAConnThread.java -7.114211921028588 -4.558043053073693 -7.114211921028588 -6.342649563945603 -0.7715623570829848
/home/ashley/reuse/Git_Scripts/Repos/derby/130/b/BaseTypeIdImpl.java -8.670867168115798 -5.962974994254392 -8.670867168115798 -9.538702018419018 0.86783485030322
/home/ashley/reuse/Git_Scripts/Repos/derby/130/b/JDBC20Translation.java -6.932429331494173 -5.0001142592098775 -6.932429331494173 -8.969277124768235 2.0368477932740614
/home/ashley/reuse/Git_Scripts/Repos/derby/130/b/SQLTypes.java -7.945131163266192 -5.859770133477797 -7.945131163266192 -11.15011627658374 3.204985113317548
/home/ashley/reuse/Git_Scripts/Repos/derby/130/b/FdocaConstants.java -7.314579177615637 -5.701520511205168 -7.314579177615637 -12.915890457967802 5.6013112803521645
/home/ashley/reuse/Git_Scripts/Repos/derby/130/b/JVMInfo.java -7.351597547192672 -4.054986436556801 -7.351597547192672 -4.521405064235869 -2.8301924829568037
/home/ashley/reuse/Git_Scripts/Repos/derby/131/b/TestConfiguration.java -7.3619724662099255 -5.268405206598836 -7.3619724662099255 -9.263101983889136 1.9011295176792107
/home/ashley/reuse/Git_Scripts/Repos/derby/132/b/NodeFactoryImpl.java -8.324038503146763 -8.316926979436257 -8.324038503146763 -4867.481514715069 4859.157476211923
/home/ashley/reuse/Git_Scripts/Repos/derby/132/b/DataDictionary.java -10.368766117178168 -6.455678639338188 -10.368766117178168 -8.553018852508513 -1.815747264669655
/home/ashley/reuse/Git_Scripts/Repos/derby/132/b/C_NodeNames.java -7.4948808702567975 -4.868657068608658 -7.4948808702567975 -6.947238217941583 -0.5476426523152149
/home/ashley/reuse/Git_Scripts/Repos/derby/132/b/GrantRoleNode.java -6.892537104024022 -4.71454850082568 -6.892537104024022 -7.437236084889142 0.5446989808651201
/home/ashley/reuse/Git_Scripts/Repos/derby/132/b/ColumnDefinitionNode.java -8.244168830463556 -5.3650624723982085 -8.244168830463556 -7.681286362438568 -0.5628824680249878
/home/ashley/reuse/Git_Scripts/Repos/derby/132/b/RevokeRoleNode.java -6.892537104024022 -4.531204948015792 -6.892537104024022 -6.595284829996032 -0.2972522740279899
/home/ashley/reuse/Git_Scripts/Repos/derby/132/b/SpecialFunctionNode.java -8.146269685826699 -5.43541019373647 -8.146269685826699 -8.156542409264059 0.010272723437360298
/home/ashley/reuse/Git_Scripts/Repos/derby/132/b/CompilerContextImpl.java -8.071751252127381 -5.101278386672877 -8.071751252127381 -6.930925154028779 -1.1408260980986018
/home/ashley/reuse/Git_Scripts/Repos/derby/132/b/DropRoleNode.java -8.363009554516935 -5.22982569324721 -8.363009554516935 -6.979654590611878 -1.3833549639050577
/home/ashley/reuse/Git_Scripts/Repos/derby/132/b/CreateRoleNode.java -8.135666356655346 -5.087656144161935 -8.135666356655346 -6.78991703450183 -1.345749322153516
/home/ashley/reuse/Git_Scripts/Repos/derby/132/b/DataDictionaryImpl.java -8.258300840175963 -5.091375666369129 -8.258300840175963 -6.638158328739582 -1.6201425114363808
/home/ashley/reuse/Git_Scripts/Repos/derby/132/b/EmptyDictionary.java -9.8166710439193 -6.060138182787604 -9.8166710439193 -7.915612878485845 -1.9010581654334544
/home/ashley/reuse/Git_Scripts/Repos/derby/132/b/SetRoleNode.java -7.810481605801455 -5.111446677802787 -7.810481605801455 -7.379439574576209 -0.4310420312252452
/home/ashley/reuse/Git_Scripts/Repos/derby/133/b/Conditional.java -8.878346410994506 -4.38788622366224 -8.878346410994506 -4.332272963539778 -4.546073447454728
/home/ashley/reuse/Git_Scripts/Repos/derby/134/b/Driver20.java -7.788769073815132 -5.380774138121865 -7.788769073815132 -8.694275378491188 0.9055063046760559
/home/ashley/reuse/Git_Scripts/Repos/derby/134/b/InternalDriver.java -7.578010580645024 -4.689240884117608 -7.578010580645024 -6.147282183019244 -1.4307283976257805
/home/ashley/reuse/Git_Scripts/Repos/derby/134/b/Driver169.java -6.972258155447535 -4.06566460215355 -6.972258155447535 -4.876303249822203 -2.095954905625332
/home/ashley/reuse/Git_Scripts/Repos/derby/135/b/ParameterMappingTest.java -5.216801821094936 -3.051925801222043 -5.216801821094936 -3.6771833424891844 -1.5396184786057519
/home/ashley/reuse/Git_Scripts/Repos/derby/136/b/CollationTest.java -5.564752407702138 -3.3838144586610253 -5.564752407702138 -4.316970518196133 -1.2477818895060055
/home/ashley/reuse/Git_Scripts/Repos/derby/138/b/ClientPooledConnection.java -7.903110489121798 -5.228655570100666 -7.903110489121798 -7.718491555862888 -0.18461893325890966
/home/ashley/reuse/Git_Scripts/Repos/derby/139/b/GenericLanguageConnectionContext.java -7.620890779111651 -5.086143381799256 -7.620890779111651 -7.6450216634831785 0.02413088437152755
/home/ashley/reuse/Git_Scripts/Repos/derby/141/b/GrantRevokeTest.java -4.918920964753285 -3.2110653570624463 -4.918920964753285 -4.62421314568963 -0.29470781906365495
/home/ashley/reuse/Git_Scripts/Repos/derby/142/b/NetServlet.java -6.421405361383278 -4.2898821488882914 -6.421405361383278 -6.460375454608126 0.038970093224848235
/home/ashley/reuse/Git_Scripts/Repos/derby/143/b/RawStore.java -7.088969198220045 -4.71783738807501 -7.088969198220045 -7.052455663405094 -0.036513534814951676
/home/ashley/reuse/Git_Scripts/Repos/derby/144/b/ReferencedKeyRIChecker.java -7.6117353681785875 -5.074490245452392 -7.6117353681785875 -7.6117353681785875 0.0
/home/ashley/reuse/Git_Scripts/Repos/derby/144/b/DeleteResultSet.java -8.072235382894013 -5.407841404499543 -8.072235382894013 -8.187489704670643 0.11525432177663042
/home/ashley/reuse/Git_Scripts/Repos/derby/145/b/ReplicationRun_Local_3_p3.java -4.975610282928031 -3.319819443741716 -4.975610282928031 -4.975610282928031 0.0
/home/ashley/reuse/Git_Scripts/Repos/derby/146/b/Decorator.java -6.435424252239158 -4.181392407546254 -6.435424252239158 -5.9547058141200875 -0.48071843811907033
/home/ashley/reuse/Git_Scripts/Repos/derby/147/b/IndexSplitDeadlockTest.java -5.775732057963513 -2.341363043670127 -5.775732057963513 -1.9679926753819963 -3.8077393825815165
/home/ashley/reuse/Git_Scripts/Repos/derby/148/b/BatchUpdateException.java -8.176728249979071 -5.339377753140908 -8.176728249979071 -7.67611223467423 -0.5006160153048409
/home/ashley/reuse/Git_Scripts/Repos/derby/148/b/Agent.java -7.573741604946185 -5.0090086956502935 -7.573741604946185 -7.3886550554606965 -0.1850865494854883
/home/ashley/reuse/Git_Scripts/Repos/derby/149/b/ImportExportBinaryDataTest.java -5.184307535977632 -3.801371360151798 -5.184307535977632 -7.125230554373198 1.9409230183955666
/home/ashley/reuse/Git_Scripts/Repos/derby/152/b/DynamicByteArrayOutputStream.java -7.671007973833642 -5.16317844392649 -7.671007973833642 -7.896625855416984 0.22561788158334206
/home/ashley/reuse/Git_Scripts/Repos/derby/152/b/InputStreamUtil.java -6.650307542358813 -3.8319099826535123 -6.650307542358813 -4.509790864105731 -2.140516678253082
/home/ashley/reuse/Git_Scripts/Repos/derby/153/b/DatabaseMetaDataTest.java -5.580089914674519 -2.5254443224140486 -5.580089914674519 -2.306592024530431 -3.273497890144088
/home/ashley/reuse/Git_Scripts/Repos/derby/156/b/ConnectionHandling.java -5.140043439277162 -3.2714726018335143 -5.140043439277162 -4.492478911494212 -0.6475645277829498
/home/ashley/reuse/Git_Scripts/Repos/derby/158/b/StoredPage.java -7.4582108864625205 -4.9697462791588345 -7.4582108864625205 -7.447446850035841 -0.010764036426679446
/home/ashley/reuse/Git_Scripts/Repos/derby/159/b/UUID.java -8.773763013672783 -6.675689249533639 -8.773763013672783 -13.648075799046552 4.874312785373769
/home/ashley/reuse/Git_Scripts/Repos/derby/159/b/LanguageConnectionContext.java -8.704766442971877 -5.550269715677646 -8.704766442971877 -7.657925454865662 -1.046840988106215
/home/ashley/reuse/Git_Scripts/Repos/derby/160/b/DataDictionaryImpl.java -8.167949957370467 -4.690769663808808 -8.167949957370467 -5.50934502109136 -2.658604936279107
/home/ashley/reuse/Git_Scripts/Repos/derby/161/b/resultsetStream.java -5.691923914726699 -3.795235775876247 -5.691923914726699 -5.691923914726699 0.0
/home/ashley/reuse/Git_Scripts/Repos/derby/162/b/BlobLocatorInputStream.java -6.34231392306161 -3.6773025351953312 -6.34231392306161 -4.367241308723275 -1.9750726143383348
/home/ashley/reuse/Git_Scripts/Repos/derby/163/b/ReplicationRun_Local_Derby4910.java -5.493035169500977 -3.6801164475510495 -5.493035169500977 -5.558623649136809 0.06558847963583236
/home/ashley/reuse/Git_Scripts/Repos/derby/164/b/ReferencedKeyRIChecker.java -8.008695365997232 -4.146191061415461 -8.008695365997232 -4.29845231508326 -3.710243050913972
/home/ashley/reuse/Git_Scripts/Repos/derby/165/b/GeneratedColumnsTest.java -4.851273235941231 -2.8369803182044158 -4.851273235941231 -3.4163270315373686 -1.4349462044038623
/home/ashley/reuse/Git_Scripts/Repos/derby/165/b/TableElementList.java -8.08132545079461 -5.222143054460845 -8.08132545079461 -7.3787277288286335 -0.7025977219659767
/home/ashley/reuse/Git_Scripts/Repos/derby/166/b/SQLExceptionFactory40.java -6.099321081463793 -3.5022603382963475 -6.099321081463793 -4.112612762397785 -1.9867083190660075
/home/ashley/reuse/Git_Scripts/Repos/derby/167/b/JDBCDataSource.java -5.27020539230024 -3.310995126541723 -5.27020539230024 -4.449242332085163 -0.8209630602150773
/home/ashley/reuse/Git_Scripts/Repos/derby/167/b/JDBCClient.java -7.485954741479883 -4.792309176987844 -7.485954741479883 -6.645847596143463 -0.84010714533642
/home/ashley/reuse/Git_Scripts/Repos/derby/167/b/_Suite.java -6.893422643657603 -3.821981398744835 -6.893422643657603 -4.288952810245614 -2.604469833411989
/home/ashley/reuse/Git_Scripts/Repos/derby/167/b/TestConfiguration.java -7.435797260895027 -3.8002999563621627 -7.435797260895027 -3.8857793905235303 -3.550017870371497
/home/ashley/reuse/Git_Scripts/Repos/derby/170/b/SqlException.java -8.521583273422841 -5.066532295657876 -8.521583273422841 -6.244124032520727 -2.2774592409021146
/home/ashley/reuse/Git_Scripts/Repos/derby/171/b/TriggerTest.java -5.8639142528282155 -3.1671222569389457 -5.8639142528282155 -3.4433010353083797 -2.420613217519836
/home/ashley/reuse/Git_Scripts/Repos/derby/171/b/CreateTriggerNode.java -7.63692699136295 -4.583461094773577 -7.63692699136295 -5.731774798538966 -1.9051521928239836
/home/ashley/reuse/Git_Scripts/Repos/derby/172/b/CollationTest.java -5.877755554667573 -3.7196976846906304 -5.877755554667573 -5.064539820840424 -0.8132157338271488
/home/ashley/reuse/Git_Scripts/Repos/derby/173/b/AnsiSignatures.java -6.079998005130907 -4.044895453077915 -6.079998005130907 -6.041424232734442 -0.03857377239646542
/home/ashley/reuse/Git_Scripts/Repos/derby/173/b/AnsiSignaturesTest.java -4.405681863243137 -2.897486793581779 -4.405681863243137 -4.232013905978366 -0.17366795726477058
/home/ashley/reuse/Git_Scripts/Repos/derby/174/b/InsertResultSet.java -7.879351534686633 -5.24537246185019 -7.879351534686633 -7.844660843188767 -0.03469069149786641
/home/ashley/reuse/Git_Scripts/Repos/derby/174/b/UpdateResultSet.java -8.252864201915694 -5.63507868373411 -8.252864201915694 -8.88261066862957 0.6297464667138755
/home/ashley/reuse/Git_Scripts/Repos/derby/174/b/UpdateVTIResultSet.java -7.216120137699498 -4.858236854798674 -7.216120137699498 -7.43412980953332 0.2180096718338218
/home/ashley/reuse/Git_Scripts/Repos/derby/174/b/InsertVTIResultSet.java -6.879887156432357 -4.626696768157213 -6.879887156432357 -7.063573464007008 0.18368630757465088
/home/ashley/reuse/Git_Scripts/Repos/derby/174/b/NoRowsResultSetImpl.java -8.221783254992479 -5.014781607156801 -8.221783254992479 -6.424570915309616 -1.7972123396828632
/home/ashley/reuse/Git_Scripts/Repos/derby/174/b/DeleteResultSet.java -8.409207588876486 -5.801816858803161 -8.409207588876486 -9.35584410031001 0.9466365114335247
/home/ashley/reuse/Git_Scripts/Repos/derby/174/b/DeleteVTIResultSet.java -7.86070488265362 -5.303488230954911 -7.86070488265362 -8.135447965930833 0.27474308327721353
/home/ashley/reuse/Git_Scripts/Repos/derby/175/b/Connection.java -6.767914660992615 -4.512282325665928 -6.767914660992615 -6.76944137307495 0.0015267120823354574
/home/ashley/reuse/Git_Scripts/Repos/derby/175/b/CallableLocatorProcedures.java -7.069019233819328 -4.509546752608882 -7.069019233819328 -6.225438849216174 -0.843580384603154
/home/ashley/reuse/Git_Scripts/Repos/derby/177/b/Property.java -6.826037062456242 -3.7034881934603017 -6.826037062456242 -4.047998723084516 -2.7780383393717267
/home/ashley/reuse/Git_Scripts/Repos/derby/178/b/UpgradeClassLoader.java -5.735040340507142 -3.736245690186932 -5.735040340507142 -5.3601103424594605 -0.3749299980476817
/home/ashley/reuse/Git_Scripts/Repos/derby/178/b/PhaseChanger.java -6.467836085507859 -3.456473150199187 -6.467836085507859 -3.7119241768106233 -2.7559119086972355
/home/ashley/reuse/Git_Scripts/Repos/derby/179/b/holdCursorJavaReflection.java -5.1301486823794615 -3.4211056251535785 -5.1301486823794615 -5.1301486823794615 0.0
/home/ashley/reuse/Git_Scripts/Repos/derby/180/b/NextSequenceNode.java -9.328152527073154 -5.210319429536356 -9.328152527073154 -5.891464753940939 -3.436687773132215
/home/ashley/reuse/Git_Scripts/Repos/derby/181/b/NativeAuthenticationServiceImpl.java -7.1864078680992565 -4.697750986240322 -7.1864078680992565 -6.782766016476941 -0.40364185162231525
/home/ashley/reuse/Git_Scripts/Repos/derby/182/b/BaseTestCase.java -5.818408484935002 -3.878938989956668 -5.818408484935002 -5.817039769695074 -0.0013687152399279867
/home/ashley/reuse/Git_Scripts/Repos/derby/182/b/MissingPermissionsTest.java -6.404687135843037 -4.275580186671789 -6.404687135843037 -6.425566311510007 0.02087917566696973
/home/ashley/reuse/Git_Scripts/Repos/derby/183/b/IdUtil.java -6.218041949412416 -4.145361299608277 -6.218041949412416 -6.215561677394301 -0.0024802720181149596
/home/ashley/reuse/Git_Scripts/Repos/derby/183/b/SystemProcedures.java -6.470264913595157 -4.312912172171938 -6.470264913595157 -6.4662319207132155 -0.004032992881941588
/home/ashley/reuse/Git_Scripts/Repos/derby/184/b/CastNode.java -7.783842711008569 -5.188101116092612 -7.783842711008569 -7.778771803704981 -0.005070907303588612
/home/ashley/reuse/Git_Scripts/Repos/derby/185/b/EmbedResultSet.java -6.616753083990828 -3.245490643119818 -6.616753083990828 -3.184950830523029 -3.4318022534677985
/home/ashley/reuse/Git_Scripts/Repos/derby/186/b/MogTest.java -6.796925107487308 -4.539090578328878 -6.796925107487308 -6.825098890316271 0.028173782828963212
/home/ashley/reuse/Git_Scripts/Repos/derby/188/b/GroupByList.java -8.334902626212891 -5.570901828843763 -8.334902626212891 -8.399585906017203 0.06468327980431177
/home/ashley/reuse/Git_Scripts/Repos/derby/188/b/DefaultNode.java -9.139657632286088 -6.093105088190725 -9.139657632286088 -9.129164339941328 -0.010493292344760263
/home/ashley/reuse/Git_Scripts/Repos/derby/188/b/GroupByNode.java -8.31212838431171 -5.584930570951755 -8.31212838431171 -8.511054771275424 0.1989263869637128
/home/ashley/reuse/Git_Scripts/Repos/derby/188/b/FromSubquery.java -8.339909714861028 -5.108102362999468 -8.339909714861028 -6.5909115060873145 -1.7489982087737133
/home/ashley/reuse/Git_Scripts/Repos/derby/188/b/OrderByColumn.java -8.001030080079792 -4.976611131140204 -8.001030080079792 -6.582754576887164 -1.4182755031926275
/home/ashley/reuse/Git_Scripts/Repos/derby/188/b/OrderByList.java -8.11707774421698 -5.4621313152332505 -8.11707774421698 -8.346174597614333 0.22909685339735297
/home/ashley/reuse/Git_Scripts/Repos/derby/188/b/AggregateNode.java -8.42173923415635 -5.268640064888213 -8.42173923415635 -7.0323545980889115 -1.3893846360674384
/home/ashley/reuse/Git_Scripts/Repos/derby/188/b/ColumnDefinitionNode.java -8.23390693194443 -5.526096903120427 -8.23390693194443 -8.401875891005744 0.16796895906131404
/home/ashley/reuse/Git_Scripts/Repos/derby/188/b/QueryTreeNode.java -7.822890063867313 -5.106678395311206 -7.822890063867313 -7.352109730302783 -0.4707803335645302
/home/ashley/reuse/Git_Scripts/Repos/derby/188/b/SpecialFunctionNode.java -8.30520795065373 -5.465085024523439 -8.30520795065373 -7.980540300628174 -0.324667650025555
/home/ashley/reuse/Git_Scripts/Repos/derby/188/b/QueryTreeNodeVector.java -7.648461439673719 -5.276268253238059 -7.648461439673719 -8.486883387199473 0.8384219475257542
/home/ashley/reuse/Git_Scripts/Repos/derby/188/b/DDLStatementNode.java -8.518013184584504 -5.723695026710965 -8.518013184584504 -8.716601335432436 0.19858815084793235
/home/ashley/reuse/Git_Scripts/Repos/derby/188/b/GroupByColumn.java -8.804978331151025 -5.237744027028575 -8.804978331151025 -6.464142628479168 -2.340835702671857
/home/ashley/reuse/Git_Scripts/Repos/derby/188/b/ResultSetNode.java -8.327594735668539 -5.771145616446763 -8.327594735668539 -9.397152481310865 1.0695577456423262
/home/ashley/reuse/Git_Scripts/Repos/derby/188/b/DistinctNode.java -9.087782061715654 -6.2254884989705666 -9.087782061715654 -9.882962992115774 0.7951809304001198
/home/ashley/reuse/Git_Scripts/Repos/derby/188/b/BaseColumnNode.java -8.303249590635557 -5.656240492949725 -8.303249590635557 -8.87136666788957 0.5681170772540121
/home/ashley/reuse/Git_Scripts/Repos/derby/188/b/SubqueryList.java -7.541400831225984 -4.957623244510444 -7.541400831225984 -7.223744321954375 -0.31765650927160927
/home/ashley/reuse/Git_Scripts/Repos/derby/188/b/SetOperatorNode.java -7.982034451398774 -5.046914272947371 -7.982034451398774 -6.862520297410217 -1.1195141539885567
/home/ashley/reuse/Git_Scripts/Repos/derby/188/b/GenerationClauseNode.java -9.163365148983607 -6.506108415273146 -9.163365148983607 -11.21793132588576 2.054566176902153
/home/ashley/reuse/Git_Scripts/Repos/derby/188/b/FromList.java -7.742282229159192 -5.178411281544958 -7.742282229159192 -7.817070465840423 0.07478823668123091
/home/ashley/reuse/Git_Scripts/Repos/derby/188/b/ValueNodeList.java -7.6117393762303855 -4.965702406676166 -7.6117393762303855 -7.138671518920091 -0.4730678573102942
/home/ashley/reuse/Git_Scripts/Repos/derby/188/b/TableOperatorNode.java -8.330842366643129 -5.664097669763201 -8.330842366643129 -8.843217637484505 0.5123752708413765
/home/ashley/reuse/Git_Scripts/Repos/derby/188/b/TableElementList.java -8.056178085084403 -5.307338237151431 -8.056178085084403 -7.7772559264268235 -0.2789221586575792
/home/ashley/reuse/Git_Scripts/Repos/derby/188/b/CoalesceFunctionNode.java -7.532686594357946 -5.138808504628921 -7.532686594357946 -8.078703627308288 0.546017032950342
/home/ashley/reuse/Git_Scripts/Repos/derby/188/b/CurrentDatetimeOperatorNode.java -8.31213658662638 -5.584886543171189 -8.31213658662638 -8.493912933451211 0.18177634682483124
/home/ashley/reuse/Git_Scripts/Repos/derby/188/b/CursorNode.java -7.886139015453517 -5.307054574955016 -7.886139015453517 -8.109989401652989 0.22385038619947206
/home/ashley/reuse/Git_Scripts/Repos/derby/188/b/ExtractOperatorNode.java -8.071969452790901 -5.386787345911324 -8.071969452790901 -8.09665437466488 0.024684921873978638
/home/ashley/reuse/Git_Scripts/Repos/derby/188/b/ResultColumnList.java -7.759294706026127 -5.1108855252433925 -7.759294706026127 -7.486339518297602 -0.2729551877285248
/home/ashley/reuse/Git_Scripts/Repos/derby/188/b/CreateTableNode.java -8.378672970693202 -5.57263454473139 -8.378672970693202 -8.315612210753214 -0.06306075993998839
/home/ashley/reuse/Git_Scripts/Repos/derby/188/b/PredicateList.java -7.872883066141064 -5.295688333337716 -7.872883066141064 -8.088704837166956 0.21582177102589206
/home/ashley/reuse/Git_Scripts/Repos/derby/188/b/AlterTableNode.java -7.722958354892767 -5.033946273256573 -7.722958354892767 -7.2249707124493865 -0.49798764244338045
/home/ashley/reuse/Git_Scripts/Repos/derby/188/b/OrderByNode.java -9.077098796169617 -5.662582660227308 -9.077098796169617 -7.526662666389093 -1.5504361297805236
/home/ashley/reuse/Git_Scripts/Repos/derby/188/b/SelectNode.java -7.467269006028036 -4.7198410219730915 -7.467269006028036 -6.413153045650929 -1.054115960377107
/home/ashley/reuse/Git_Scripts/Repos/derby/188/b/CallStatementNode.java -8.601406497398855 -5.736594446806531 -8.601406497398855 -8.611870495570875 0.010463998172019373
/home/ashley/reuse/Git_Scripts/Repos/derby/189/b/J2EEDataSourceTest.java -5.997369349331057 -3.9318727683324233 -5.997369349331057 -5.708286676239703 -0.2890826730913547
/home/ashley/reuse/Git_Scripts/Repos/derby/190/b/InListOperatorNode.java -8.54865513568232 -5.7683345149421035 -8.54865513568232 -8.863538401008597 0.31488326532627653
/home/ashley/reuse/Git_Scripts/Repos/derby/190/b/BetweenOperatorNode.java -9.081002748920021 -6.385554608563326 -9.081002748920021 -10.74138299837094 1.6603802494509186
/home/ashley/reuse/Git_Scripts/Repos/derby/190/b/BinaryRelationalOperatorNode.java -8.695457968724485 -5.727334736426417 -8.695457968724485 -8.38758603356274 -0.30787193516174405
/home/ashley/reuse/Git_Scripts/Repos/derby/190/b/JoinNode.java -8.371585356655704 -5.635608037916612 -8.371585356655704 -8.620229673891313 0.24864431723560898
/home/ashley/reuse/Git_Scripts/Repos/derby/190/b/LikeEscapeOperatorNode.java -7.8164589539906215 -5.343880802759374 -7.8164589539906215 -8.442543872664071 0.6260849186734498
/home/ashley/reuse/Git_Scripts/Repos/derby/190/b/ColumnReference.java -8.036557015960923 -5.396686068685592 -8.036557015960923 -8.211581851154266 0.17502483519334255
/home/ashley/reuse/Git_Scripts/Repos/derby/190/b/Predicate.java -8.543004626687384 -5.711684259132126 -8.543004626687384 -8.616994673420853 0.07399004673346887
/home/ashley/reuse/Git_Scripts/Repos/derby/190/b/ValueNode.java -8.195193114578569 -5.64291885991663 -8.195193114578569 -9.055599506651461 0.8604063920728926
/home/ashley/reuse/Git_Scripts/Repos/derby/190/b/SubqueryNode.java -8.454681935795229 -5.718461238334175 -8.454681935795229 -8.833157556893315 0.37847562109808663
/home/ashley/reuse/Git_Scripts/Repos/derby/190/b/PredicateList.java -7.79903198577295 -5.228796076531808 -7.79903198577295 -7.933035971782794 0.1340039860098443
/home/ashley/reuse/Git_Scripts/Repos/derby/190/b/BinaryComparisonOperatorNode.java -8.599436775820458 -5.895825971301147 -8.599436775820458 -9.365210929142616 0.7657741533221589
/home/ashley/reuse/Git_Scripts/Repos/derby/191/b/EmbedResultSet40.java -7.139289990876872 -4.808093259161975 -7.139289990876872 -7.345995491726314 0.20670550084944228
/home/ashley/reuse/Git_Scripts/Repos/derby/191/b/TestResultSetMethods.java -5.468591519065118 -3.4437259240921296 -5.468591519065118 -4.648411857649688 -0.8201796614154304
/home/ashley/reuse/Git_Scripts/Repos/derby/192/b/EmbedConnection.java -7.019463725027066 -3.967288930479254 -7.019463725027066 -4.5614577852896625 -2.4580059397374034
/home/ashley/reuse/Git_Scripts/Repos/derby/192/b/TransactionResourceImpl.java -8.302093475508416 -5.5887263396105435 -8.302093475508416 -8.54194892540661 0.23985544989819374
/home/ashley/reuse/Git_Scripts/Repos/derby/192/b/BaseMonitor.java -7.162381136520625 -4.792096731628908 -7.162381136520625 -7.240233105395849 0.07785196887522439
/home/ashley/reuse/Git_Scripts/Repos/derby/193/b/DDMWriter.java -7.437942382028722 -4.97225782608389 -7.437942382028722 -7.49961448430933 0.06167210228060771
/home/ashley/reuse/Git_Scripts/Repos/derby/194/b/DatabaseMetaDataTest.java -5.1432981287033295 -2.5550986237405744 -5.1432981287033295 -2.5387598492579224 -2.604538279445407
/home/ashley/reuse/Git_Scripts/Repos/derby/196/b/DRDAServerStarter.java -6.433401300993678 -4.316136743161368 -6.433401300993678 -6.55738548024195 0.12398417924827232
/home/ashley/reuse/Git_Scripts/Repos/derby/196/b/ContextService.java -7.34492161436797 -4.739268188191158 -7.34492161436797 -6.674783943542217 -0.6701376708257527
/home/ashley/reuse/Git_Scripts/Repos/derby/197/b/AlterTableConstantAction.java -8.034341866667484 -4.911935629428752 -8.034341866667484 -6.318998442511148 -1.7153434241563357
/home/ashley/reuse/Git_Scripts/Repos/derby/198/b/DRDAConnThread.java -7.114211921028588 -4.558043053073693 -7.114211921028588 -6.342649563945603 -0.7715623570829848
/home/ashley/reuse/Git_Scripts/Repos/derby/198/b/BrokeredConnection.java -6.05770082392878 -3.612725190174393 -6.05770082392878 -4.473240041538657 -1.5844607823901233
/home/ashley/reuse/Git_Scripts/Repos/derby/198/b/TriggerNewTransitionRows.java -4.5350036565601775 -4.1073951802928255 -4.5350036565601775 -21.780499212928927 17.24549555636875
/home/ashley/reuse/Git_Scripts/Repos/derby/198/b/JDBC20Translation.java -6.932429331494173 -5.723815007253413 -6.932429331494173 -16.262053852383527 9.329624520889354
/home/ashley/reuse/Git_Scripts/Repos/derby/198/b/TriggerOldTransitionRows.java -4.535003656560178 -4.139624087548829 -4.535003656560178 -23.62263098715675 19.087627330596572
/home/ashley/reuse/Git_Scripts/Repos/derby/198/b/DRDAStatement.java -7.504917593042636 -4.847925458884771 -7.504917593042636 -6.846704700101665 -0.6582128929409707
/home/ashley/reuse/Git_Scripts/Repos/derby/199/b/EmbedDatabaseMetaData.java -5.758755446005685 -3.6365526379314272 -5.758755446005685 -4.9332096180068605 -0.8255458279988241
/home/ashley/reuse/Git_Scripts/Repos/derby/199/b/ODBCMetadataGenerator.java -6.001304688575433 -3.91295931882408 -6.001304688575433 -5.622360517183 -0.3789441713924333
/home/ashley/reuse/Git_Scripts/Repos/derby/200/b/ProtocolTest.java -6.842596485931727 -4.551728881854399 -6.842596485931727 -6.796071654624712 -0.04652483130701501
/home/ashley/reuse/Git_Scripts/Repos/derby/205/b/JDBCMBean.java -6.478617945546375 -4.091758702450342 -6.478617945546375 -5.45567826993379 -1.0229396756125855
/home/ashley/reuse/Git_Scripts/Repos/derby/205/b/JDBC.java -7.5067829441293155 -4.895728007040858 -7.5067829441293155 -7.037609010121233 -0.46917393400808205
/home/ashley/reuse/Git_Scripts/Repos/derby/205/b/InternalDriver.java -7.763073054139121 -4.932815964375173 -7.763073054139121 -6.765076365776723 -0.9979966883623979
/home/ashley/reuse/Git_Scripts/Repos/derby/208/b/EmbedResultSet.java -6.616753083990828 -3.5228325708046024 -6.616753083990828 -3.7667003651997484 -2.8500527187910794
/home/ashley/reuse/Git_Scripts/Repos/derby/209/b/DRDAXAProtocol.java -7.863940720316221 -5.242627146877481 -7.863940720316221 -7.863940720316221 0.0
/home/ashley/reuse/Git_Scripts/Repos/derby/209/b/DRDAConnThread.java -7.125972674465159 -4.750710160802536 -7.125972674465159 -7.125972674465159 0.0
/home/ashley/reuse/Git_Scripts/Repos/derby/209/b/DB2jServerImpl.java -6.711586295504258 -4.474390863669505 -6.711586295504258 -6.711586295504258 0.0
/home/ashley/reuse/Git_Scripts/Repos/derby/209/b/Database.java -7.328273804262155 -4.885515869508104 -7.328273804262155 -7.328273804262155 0.0
/home/ashley/reuse/Git_Scripts/Repos/derby/209/b/XADatabase.java -7.133396642357162 -4.760306274206661 -7.133396642357162 -7.133396642357162 0.0
/home/ashley/reuse/Git_Scripts/Repos/derby/209/b/DRDAResultSet.java -7.267176906655817 -4.844784604437211 -7.267176906655817 -7.267176906655817 0.0
/home/ashley/reuse/Git_Scripts/Repos/derby/209/b/DRDAStatement.java -7.409407438685841 -4.939243982438779 -7.409407438685841 -7.40615983516242 -0.0032476035234214606
/home/ashley/reuse/Git_Scripts/Repos/derby/210/b/GenericTriggerExecutor.java -9.26915492254143 -6.247777299361453 -9.26915492254143 -9.566560962836876 0.2974060402954457
/home/ashley/reuse/Git_Scripts/Repos/derby/212/b/ColumnMetaData.java -7.2991829024205295 -5.231827417788129 -7.2991829024205295 -9.23596970143825 1.936786799017721
/home/ashley/reuse/Git_Scripts/Repos/derby/213/b/resultset.java -5.195180070040416 -3.3169348081188224 -5.195180070040416 -4.586637189480826 -0.6085428805595896
/home/ashley/reuse/Git_Scripts/Repos/derby/213/b/coalesceTests.java -5.283179823755918 -3.5245019465391842 -5.283179823755918 -5.2933759046753055 0.010196080919387285
/home/ashley/reuse/Git_Scripts/Repos/derby/214/b/DDMWriter.java -7.403469616297502 -4.920989702889159 -7.403469616297502 -7.337903833717746 -0.06556578257975598
/home/ashley/reuse/Git_Scripts/Repos/derby/216/b/DatabaseClassLoadingTest.java -5.802259574084419 -3.4820053723186213 -5.802259574084419 -4.35270977146151 -1.4495498026229097
/home/ashley/reuse/Git_Scripts/Repos/derby/217/b/InputStreamUtil.java -6.325224161620327 -4.220272514392579 -6.325224161620327 -6.325224161620327 0.0
/home/ashley/reuse/Git_Scripts/Repos/derby/218/b/DerbyVersion.java -7.627175163967868 -4.725011029250535 -7.627175163967868 -6.2003583520013885 -1.4268168119664795
/home/ashley/reuse/Git_Scripts/Repos/derby/218/b/FilteredIssueLister.java -6.213200918985489 -4.222903398326112 -6.213200918985489 -6.591413344718004 0.37821242573251457
/home/ashley/reuse/Git_Scripts/Repos/derby/219/b/DRDAConnThread.java -7.104370884448588 -4.733071140898296 -7.104370884448588 -7.089828750800879 -0.014542133647709399
/home/ashley/reuse/Git_Scripts/Repos/derby/219/b/SystemProcedures.java -6.4049412769693825 -4.249932169708351 -6.4049412769693825 -6.313957120528917 -0.09098415644046565
/home/ashley/reuse/Git_Scripts/Repos/derby/220/b/SetOperatorNode.java -8.01380832433439 -5.35502145037298 -8.01380832433439 -8.066186156519581 0.052377832185191764
/home/ashley/reuse/Git_Scripts/Repos/derby/221/b/PropertyUtil.java -6.225093123916978 -3.968755383653382 -6.225093123916978 -5.472264638019551 -0.7528284858974272
/home/ashley/reuse/Git_Scripts/Repos/derby/221/b/DataDictionaryImpl.java -8.203266274944959 -5.057807752948979 -8.203266274944959 -6.595309312582081 -1.607956962362877
/home/ashley/reuse/Git_Scripts/Repos/derby/223/b/AggregateNode.java -8.45516114315024 -5.591751938121724 -8.45516114315024 -8.255746965245754 -0.19941417790448668
/home/ashley/reuse/Git_Scripts/Repos/derby/225/b/OldVersions.java -6.1400471364089935 -4.034800050983621 -6.1400471364089935 -5.883837263220625 -0.25620987318836885
/home/ashley/reuse/Git_Scripts/Repos/derby/225/b/PhaseChanger.java -6.467836085507858 -4.268907552764368 -6.467836085507858 -6.27819274349451 -0.18964334201334765
/home/ashley/reuse/Git_Scripts/Repos/derby/225/b/_Suite.java -7.185202611214795 -4.567912312971605 -7.185202611214795 -6.240668934623178 -0.9445336765916164
/home/ashley/reuse/Git_Scripts/Repos/derby/225/b/UpgradeRun.java -7.623810645720782 -5.0034284606286965 -7.623810645720782 -7.271834161615483 -0.35197648410529947
/home/ashley/reuse/Git_Scripts/Repos/derby/226/b/DiagUtil.java -9.115157338943424 -5.183699700740989 -9.115157338943424 -6.009251875303442 -3.1059054636399823
/home/ashley/reuse/Git_Scripts/Repos/derby/226/b/StatementCache.java -7.135725667294408 -4.567115023228818 -7.135725667294408 -6.3438341603141755 -0.7918915069802326
/home/ashley/reuse/Git_Scripts/Repos/derby/226/b/_Suite.java -6.688404957387365 -4.149685096064682 -6.688404957387365 -5.466293227338433 -1.2221117300489324
/home/ashley/reuse/Git_Scripts/Repos/derby/227/b/CreateTriggerNode.java -7.710101594010893 -5.048369317582831 -7.710101594010893 -7.30912248842359 -0.4009791055873029
/home/ashley/reuse/Git_Scripts/Repos/derby/228/b/EmbedResultSet.java -7.039569361977007 -3.215076048481441 -7.039569361977007 -2.958921482154435 -4.080647879822571
/home/ashley/reuse/Git_Scripts/Repos/derby/229/b/SecurityManagerSetup.java -6.2043817407171264 -4.090874723285789 -6.2043817407171264 -6.004557407990756 -0.19982433272637046
/home/ashley/reuse/Git_Scripts/Repos/derby/230/b/WorkHorseForCollatorDatatypes.java -8.767689994416862 -5.817592418906478 -8.767689994416862 -8.627686960573879 -0.14000303384298363
/home/ashley/reuse/Git_Scripts/Repos/derby/231/b/OnlineBackupTest1.java -5.898279500927027 -3.908220026299928 -5.898279500927027 -5.787995744945799 -0.11028375598122775
/home/ashley/reuse/Git_Scripts/Repos/derby/232/b/Cursor.java -7.206904031859938 -4.802717051058939 -7.206904031859938 -7.197484473590614 -0.00941955826932439
/home/ashley/reuse/Git_Scripts/Repos/derby/233/b/DataDictionaryImpl.java -8.084567382880262 -5.297290920847415 -8.084567382880262 -7.682464581406504 -0.40210280147375865
/home/ashley/reuse/Git_Scripts/Repos/derby/234/b/DRDAConnThread.java -7.118132226681398 -4.56681018342983 -7.118132226681398 -6.370430292404081 -0.747701934277317
/home/ashley/reuse/Git_Scripts/Repos/derby/234/b/Types.java -8.404151427147678 -5.047804334535487 -8.404151427147678 -6.311418067818415 -2.092733359329263
/home/ashley/reuse/Git_Scripts/Repos/derby/234/b/SQLTypes.java -7.699577129871699 -5.222711706725199 -7.699577129871699 -8.108481226034376 0.40890409616267753
/home/ashley/reuse/Git_Scripts/Repos/derby/234/b/FdocaConstants.java -7.7922971306849025 -5.3297778624859555 -7.7922971306849025 -8.425379179331731 0.6330820486468287
/home/ashley/reuse/Git_Scripts/Repos/derby/235/b/DRDAXAProtocol.java -7.8825190263928535 -4.931760259276055 -7.8825190263928535 -6.587236901669248 -1.295282124723606
/home/ashley/reuse/Git_Scripts/Repos/derby/236/b/XATest.java -5.916019413600491 -3.9460540551163414 -5.916019413600491 -5.92521393755591 0.009194523955418532
/home/ashley/reuse/Git_Scripts/Repos/derby/236/b/XATestUtil.java -6.587605252626873 -4.424058725315196 -6.587605252626873 -6.725806761423241 0.13820150879636817
/home/ashley/reuse/Git_Scripts/Repos/derby/237/b/BaseMonitor.java -7.191423745414203 -4.814218350684631 -7.191423745414203 -7.281887429559007 0.09046368414480455
/home/ashley/reuse/Git_Scripts/Repos/derby/238/b/GrantRevokeDDLTest.java -5.672035660823676 -3.764847249243861 -5.672035660823676 -5.598384440050231 -0.07365122077344477
/home/ashley/reuse/Git_Scripts/Repos/derby/239/b/DDMReader.java -7.804456045205338 -5.1988945026370645 -7.804456045205338 -7.784837000345597 -0.019619044859741308
/home/ashley/reuse/Git_Scripts/Repos/derby/241/b/DRDAConnThread.java -7.092144192420486 -4.479462418753895 -7.092144192420486 -6.079570489689948 -1.0125737027305384
/home/ashley/reuse/Git_Scripts/Repos/derby/242/b/LobLimitsTest.java -5.8796603251733845 -3.888818918394876 -5.8796603251733845 -5.74170370605675 -0.13795661911663437
/home/ashley/reuse/Git_Scripts/Repos/derby/243/b/TestConfiguration.java -7.438395971275207 -4.898109748324039 -7.438395971275207 -7.171254854988388 -0.2671411162868189
/home/ashley/reuse/Git_Scripts/Repos/derby/244/b/RestrictiveFilePermissionsTest.java -6.218943907632224 -4.088256487458443 -6.218943907632224 -5.966299311384665 -0.252644596247559
/home/ashley/reuse/Git_Scripts/Repos/derby/246/b/prepStmt.java -5.362462664397982 -3.5751984059827646 -5.362462664397982 -5.362462664397982 0.0
/home/ashley/reuse/Git_Scripts/Repos/derby/247/b/EmbedResultSet.java -6.603110531695602 -4.153304488310403 -6.603110531695602 -5.596805098080884 -1.0063054336147186
/home/ashley/reuse/Git_Scripts/Repos/derby/247/b/GenericPreparedStatement.java -8.827791309128914 -5.894651254871989 -8.827791309128914 -8.870485240311456 0.0426939311825425
/home/ashley/reuse/Git_Scripts/Repos/derby/247/b/PreparedStatement.java -9.175736179632365 -6.174557053854487 -9.175736179632365 -9.400448086072341 0.22471190643997652
/home/ashley/reuse/Git_Scripts/Repos/derby/247/b/EmbedStatement.java -6.966611963381317 -4.5512303321349705 -6.966611963381317 -6.561644629368418 -0.4049673340128992
/home/ashley/reuse/Git_Scripts/Repos/derby/247/b/GenericTriggerExecutor.java -9.169295407540835 -6.131078335673908 -9.169295407540835 -9.235143130395706 0.06584772285487084
/home/ashley/reuse/Git_Scripts/Repos/derby/248/b/NetXAConnection.java -7.68075902335519 -5.156932379502028 -7.68075902335519 -7.847043497056695 0.1662844737015048
/home/ashley/reuse/Git_Scripts/Repos/derby/248/b/NetXAConnectionReply.java -9.397591718786662 -6.243537415705515 -9.397591718786662 -9.301395898043177 -0.09619582074348543
/home/ashley/reuse/Git_Scripts/Repos/derby/248/b/NetXAResource.java -8.446737420978327 -5.772633015050811 -8.446737420978327 -9.117055264880769 0.670317843902442
/home/ashley/reuse/Git_Scripts/Repos/derby/249/b/OrderByColumn.java -8.039045191778165 -5.121248506344975 -8.039045191778165 -7.050678101857781 -0.9883670899203834
/home/ashley/reuse/Git_Scripts/Repos/derby/252/b/JDBCBoot.java -7.2758738530403475 -4.986263199985693 -7.2758738530403475 -7.922618195532823 0.6467443424924753
/home/ashley/reuse/Git_Scripts/Repos/derby/252/b/AuthenticationService.java -5.754113335108018 -3.860354515958544 -5.754113335108018 -5.754113335108018 0.0
/home/ashley/reuse/Git_Scripts/Repos/derby/252/b/TriggerExecutionContext.java -6.327739406719906 -4.228080421762846 -6.327739406719906 -6.327739406719906 0.0
/home/ashley/reuse/Git_Scripts/Repos/derby/252/b/ConnectionContext.java -6.942964658518058 -4.628643105678705 -6.942964658518058 -6.942964658518058 0.0
/home/ashley/reuse/Git_Scripts/Repos/derby/252/b/PropertyInfo.java -8.035184956331008 -5.310422644255421 -8.035184956331008 -7.818343383296588 -0.21684157303442042
/home/ashley/reuse/Git_Scripts/Repos/derby/252/b/OptimizerTrace.java -7.950377894586329 -5.30025192972422 -7.950377894586329 -7.950377894586329 0.0
/home/ashley/reuse/Git_Scripts/Repos/derby/252/b/BrokeredConnection30.java -5.605018373933749 -4.0089811284496655 -5.605018373933749 -7.0290407673113044 1.4240223933775553
/home/ashley/reuse/Git_Scripts/Repos/derby/252/b/Database.java -8.715807210738177 -5.810538140492118 -8.715807210738177 -8.715807210738177 0.0
/home/ashley/reuse/Git_Scripts/Repos/derby/252/b/ResourceAdapter.java -10.96118960594262 -7.328338193687352 -10.96118960594262 -10.96118960594262 0.0
/home/ashley/reuse/Git_Scripts/Repos/derby/252/b/Factory.java -9.060840905590107 -6.040560603726738 -9.060840905590107 -9.060840905590107 0.0
/home/ashley/reuse/Git_Scripts/Repos/derby/252/b/BrokeredStatement.java -6.4482896313619085 -4.291291339180988 -6.4482896313619085 -6.40953206783757 -0.03875756352433868
/home/ashley/reuse/Git_Scripts/Repos/derby/252/b/BrokeredStatementControl.java -5.966025166748466 -3.9188596683543846 -5.966025166748466 -5.710338373887818 -0.2556867928606481
/home/ashley/reuse/Git_Scripts/Repos/derby/252/b/BrokeredConnection.java -5.879297595742521 -3.4807781785739302 -5.879297595742521 -4.2660756944717075 -1.6132219012708138
/home/ashley/reuse/Git_Scripts/Repos/derby/252/b/DatabaseContext.java -9.25943134615564 -6.215234739200362 -9.25943134615564 -9.25943134615564 0.0
/home/ashley/reuse/Git_Scripts/Repos/derby/252/b/DRDAServerStarter.java -6.33225113888783 -4.191518509547911 -6.33225113888783 -6.1992206527767415 -0.13303048611108892
/home/ashley/reuse/Git_Scripts/Repos/derby/252/b/ConnectionInfo.java -7.272098571289388 -4.848065714192925 -7.272098571289388 -7.272098571289388 0.0
/home/ashley/reuse/Git_Scripts/Repos/derby/252/b/BrokeredPreparedStatement30.java -6.8907583562377495 -4.600309099798159 -6.8907583562377495 -6.8907583562377495 0.0
/home/ashley/reuse/Git_Scripts/Repos/derby/252/b/ConsistencyChecker.java -8.484685101328248 -5.666642430618985 -8.484685101328248 -8.525550532279858 0.04086543095161055
/home/ashley/reuse/Git_Scripts/Repos/derby/252/b/BrokeredConnectionControl.java -5.613179421724582 -3.521994931278169 -5.613179421724582 -4.702139829716927 -0.911039592007655
/home/ashley/reuse/Git_Scripts/Repos/derby/252/b/BrokeredCallableStatement30.java -6.338389392409423 -4.226353200480267 -6.338389392409423 -6.338389392409423 0.0
/home/ashley/reuse/Git_Scripts/Repos/derby/252/b/BrokeredCallableStatement.java -6.119063516987869 -4.084578963295474 -6.119063516987869 -6.13469330885757 0.015629791869701037
/home/ashley/reuse/Git_Scripts/Repos/derby/252/b/BrokeredPreparedStatement.java -6.0039590045280855 -4.000241110266765 -6.0039590045280855 -5.9878048547401175 -0.01615414978796803
/home/ashley/reuse/Git_Scripts/Repos/derby/253/b/DDdependableFinder.java -7.814488061660642 -5.051163799997576 -7.814488061660642 -7.142169263338217 -0.6723187983224248
/home/ashley/reuse/Git_Scripts/Repos/derby/253/b/BasicDatabase.java -8.30825414497892 -5.644292084645999 -8.30825414497892 -8.79862327663872 0.49036913165980067
/home/ashley/reuse/Git_Scripts/Repos/derby/253/b/DataDictionaryImpl.java -8.146452884928447 -4.869824243398521 -8.146452884928447 -6.053606174739564 -2.0928467101888826
/home/ashley/reuse/Git_Scripts/Repos/derby/254/b/StatementSchemaPermission.java -8.771341250524866 -5.086043881007765 -8.771341250524866 -6.052622356131412 -2.7187188943934544
/home/ashley/reuse/Git_Scripts/Repos/derby/254/b/TablePrivilegeInfo.java -8.037890086525696 -5.35301733129703 -8.037890086525696 -8.006614249613145 -0.03127583691255076
/home/ashley/reuse/Git_Scripts/Repos/derby/254/b/DataDictionaryImpl.java -8.160645657896927 -5.065433712844651 -8.160645657896927 -6.677427209532273 -1.4832184483646538
/home/ashley/reuse/Git_Scripts/Repos/derby/254/b/GenericAuthorizer.java -8.030836297060025 -5.319820650113095 -8.030836297060025 -7.872380334248078 -0.15845596281194751
/home/ashley/reuse/Git_Scripts/Repos/derby/254/b/DDLConstantAction.java -8.86363181015529 -3.783956658927873 -8.86363181015529 -3.300421435657259 -5.563210374498031
/home/ashley/reuse/Git_Scripts/Repos/derby/255/b/NetConnectionReply.java -8.5949704250352 -5.612859217807129 -8.5949704250352 -8.087866363751347 -0.5071040612838527
/home/ashley/reuse/Git_Scripts/Repos/derby/256/b/ClientThread.java -5.995467930734543 -3.6074425684928184 -5.995467930734543 -4.516479820500292 -1.4789881102342513
/home/ashley/reuse/Git_Scripts/Repos/derby/257/b/UTF8Reader.java -7.288014978935961 -4.302499843576305 -7.288014978935961 -5.251469492730657 -2.036545486205304
/home/ashley/reuse/Git_Scripts/Repos/derby/257/b/ClobUpdatableReader.java -7.675105962213263 -5.32203849643183 -7.675105962213263 -8.665027501728206 0.9899215395149428
/home/ashley/reuse/Git_Scripts/Repos/derby/259/b/FormatableBitSetTest.java -5.93186044598918 -3.491907996530576 -5.93186044598918 -4.243807563135344 -1.6880528828538361
/home/ashley/reuse/Git_Scripts/Repos/derby/260/b/grantRevoke.java -6.224558537400009 -4.078133466534877 -6.224558537400009 -5.912712294703973 -0.3118462426960358
/home/ashley/reuse/Git_Scripts/Repos/derby/261/b/StatementSchemaPermission.java -8.608084151593868 -4.569046789593348 -8.608084151593868 -4.868825877598342 -3.7392582739955262
/home/ashley/reuse/Git_Scripts/Repos/derby/261/b/TablePrivilegeInfo.java -7.877788220264427 -4.3484511390294225 -7.877788220264427 -4.849284421968219 -3.0285037982962075
/home/ashley/reuse/Git_Scripts/Repos/derby/261/b/RoutinePrivilegeInfo.java -8.921037950205687 -5.553705199770267 -8.921037950205687 -7.356685323866301 -1.564352626339386
/home/ashley/reuse/Git_Scripts/Repos/derby/261/b/Authorizer.java -6.48906432188796 -4.152369626901541 -6.48906432188796 -5.746208473591021 -0.742855848296939
/home/ashley/reuse/Git_Scripts/Repos/derby/261/b/DataDictionaryImpl.java -8.159876417494708 -4.990684831376328 -8.159876417494708 -6.424711483797778 -1.7351649336969297
/home/ashley/reuse/Git_Scripts/Repos/derby/261/b/GenericLanguageConnectionContext.java -7.7131252960325964 -4.923394127223139 -7.7131252960325964 -6.805464410385202 -0.9076608856473944
/home/ashley/reuse/Git_Scripts/Repos/derby/261/b/GenericAuthorizer.java -8.018352055427712 -5.369347254198035 -8.018352055427712 -8.119030915316491 0.10067885988877912
/home/ashley/reuse/Git_Scripts/Repos/derby/262/b/EmbedClob.java -6.809375565499368 -4.447271601390735 -6.809375565499368 -6.410205273728716 -0.3991702917706528
/home/ashley/reuse/Git_Scripts/Repos/derby/262/b/EmbedBlob.java -6.940537178449429 -4.565736278343291 -6.940537178449429 -6.671856656577119 -0.2686805218723105
/home/ashley/reuse/Git_Scripts/Repos/derby/263/b/AlterTableTest.java -5.449701576383888 -3.1437317158632023 -5.449701576383888 -3.714792630420425 -1.7349089459634635
/home/ashley/reuse/Git_Scripts/Repos/derby/264/b/SqlExceptionTest.java -8.59676026686417 -3.9715305680491575 -8.59676026686417 -3.69087574124035 -4.9058845256238195
/home/ashley/reuse/Git_Scripts/Repos/derby/264/b/SqlException.java -8.427095203310046 -5.556326507676953 -8.427095203310046 -8.155253422558108 -0.271841780751938
/home/ashley/reuse/Git_Scripts/Repos/derby/265/b/ReplicationRun.java -6.3096235087485155 -3.9897201666114634 -6.3096235087485155 -5.425577803036883 -0.8840457057116327
/home/ashley/reuse/Git_Scripts/Repos/derby/266/b/SingleThreadDaemonFactory.java -10.133698299213865 -6.394713064676336 -10.133698299213865 -8.62542692444715 -1.5082713747667142
/home/ashley/reuse/Git_Scripts/Repos/derby/266/b/BaseMonitor.java -7.17211010643988 -4.776633350179871 -7.17211010643988 -7.150672665901741 -0.021437440538139008
/home/ashley/reuse/Git_Scripts/Repos/derby/267/b/AnsiSignatures.java -6.033034178880948 -2.5759474928354975 -6.033034178880948 -2.2476698848787455 -3.7853642940022025
/home/ashley/reuse/Git_Scripts/Repos/derby/267/b/AnsiSignaturesTest.java -4.631574213619905 -2.7779715083791663 -4.631574213619905 -3.469124017459947 -1.1624501961599583
/home/ashley/reuse/Git_Scripts/Repos/derby/268/b/GeneratedColumnsTest.java -4.851273235941233 -2.745128122471529 -4.851273235941233 -3.1612821951010996 -1.689991040840133
/home/ashley/reuse/Git_Scripts/Repos/derby/269/b/XATest.java -5.932617620752923 -3.934050930726443 -5.932617620752923 -5.838989509091112 -0.09362811166181118
/home/ashley/reuse/Git_Scripts/Repos/derby/270/b/EmbedResultSet.java -6.670275062641306 -4.190674621180089 -6.670275062641306 -5.636584014485173 -1.0336910481561326
/home/ashley/reuse/Git_Scripts/Repos/derby/271/b/DRDAConnThread.java -7.114211921028588 -4.715829102852116 -7.114211921028588 -6.993906988296012 -0.12030493273257559
/home/ashley/reuse/Git_Scripts/Repos/derby/272/b/ClobReclamationTest.java -5.6141652042705985 -3.589384310927104 -5.6141652042705985 -4.976191885603485 -0.6379733186671137
/home/ashley/reuse/Git_Scripts/Repos/derby/273/b/ModifyColumnNode.java -8.127070402729085 -5.369807529450801 -8.127070402729085 -7.913790930834261 -0.21327947189482455
/home/ashley/reuse/Git_Scripts/Repos/derby/275/b/GeneratedColumnsTest.java -5.53618268799219 -3.427644728285658 -5.53618268799219 -4.499816405478386 -1.0363662825138036
/home/ashley/reuse/Git_Scripts/Repos/derby/276/b/ReEncodedInputStream.java -6.31862969668762 -4.190833459150062 -6.31862969668762 -6.20897885596419 -0.10965084072342979
/home/ashley/reuse/Git_Scripts/Repos/derby/277/b/ConcurrentLockSet.java -7.345220945008208 -4.903232570774069 -7.345220945008208 -7.3715384689960555 0.02631752398784748
/home/ashley/reuse/Git_Scripts/Repos/derby/277/b/LockSet.java -7.335290641951869 -4.897627926338189 -7.335290641951869 -7.368846408840944 0.03355576688907469
/home/ashley/reuse/Git_Scripts/Repos/derby/278/b/NodeFactory.java -8.573973035969582 -5.907284365232361 -8.573973035969582 -9.496589800508053 0.9226167645384713
/home/ashley/reuse/Git_Scripts/Repos/derby/278/b/NodeFactoryImpl.java -8.335826826835673 -5.753177647213288 -8.335826826835673 -9.284554199150628 0.9487273723149556
/home/ashley/reuse/Git_Scripts/Repos/derby/278/b/NewInvocationNode.java -7.888865532195374 -5.368324297958136 -7.888865532195374 -8.40097117725288 0.5121056450575052
/home/ashley/reuse/Git_Scripts/Repos/derby/278/b/FromBaseTable.java -7.752236012389012 -5.082327594263206 -7.752236012389012 -7.3778501247075905 -0.3743858876814219
/home/ashley/reuse/Git_Scripts/Repos/derby/280/b/ExceptionSeverity.java -9.959630573102185 -6.639753715401457 -9.959630573102185 -9.959630573102185 0.0
/home/ashley/reuse/Git_Scripts/Repos/derby/281/b/DDMWriter.java -7.913060556916516 -5.277055902858655 -7.913060556916516 -7.920635279849111 0.007574722932594646
/home/ashley/reuse/Git_Scripts/Repos/derby/288/b/NestedLoopJoinStrategy.java -9.233786212098698 -5.861818057603488 -9.233786212098698 -8.017534076680008 -1.2162521354186904
/home/ashley/reuse/Git_Scripts/Repos/derby/288/b/OptimizerImpl.java -7.583255324746897 -4.588128961127458 -7.583255324746897 -5.808261347118916 -1.7749939776279815
/home/ashley/reuse/Git_Scripts/Repos/derby/288/b/FromTable.java -8.139604810749358 -5.235754313999249 -8.139604810749358 -7.336020283732063 -0.8035845270172945
/home/ashley/reuse/Git_Scripts/Repos/derby/288/b/FromBaseTable.java -7.787553171426213 -5.0354857254420455 -7.787553171426213 -7.123944783582587 -0.6636083878436256
/home/ashley/reuse/Git_Scripts/Repos/derby/288/b/HashJoinStrategy.java -7.789220151888689 -4.987833956911178 -7.789220151888689 -6.93105478119303 -0.8581653706956596
/home/ashley/reuse/Git_Scripts/Repos/derby/289/b/Reply.java -7.796153644912027 -5.186591124629591 -7.796153644912027 -7.747555574290856 -0.048598070621171274
/home/ashley/reuse/Git_Scripts/Repos/derby/290/b/SecureServerTest.java -7.5509781453354305 -4.228058497145163 -7.5509781453354305 -4.80095912735306 -2.7500190179823703
/home/ashley/reuse/Git_Scripts/Repos/derby/290/b/NetworkServerTestSetup.java -6.577769072239928 -3.2614771649856307 -6.577769072239928 -3.234522808250212 -3.3432462639897156
/home/ashley/reuse/Git_Scripts/Repos/derby/291/b/PreparedStatementTest.java -5.706386031320517 -3.8400602291153496 -5.706386031320517 -5.869319831046736 0.16293379972621924
/home/ashley/reuse/Git_Scripts/Repos/derby/292/b/StreamsTest.java -6.2470067754807745 -4.380425765222199 -6.2470067754807745 -7.330126387346794 1.0831196118660191
/home/ashley/reuse/Git_Scripts/Repos/derby/293/b/TimestampArithTest.java -6.174284997886656 -4.275957641268723 -6.174284997886656 -6.953748262660126 0.7794632647734696
/home/ashley/reuse/Git_Scripts/Repos/derby/294/b/J2SEDataValueFactory.java -8.316006524375277 -5.003698840937667 -8.316006524375277 -6.281238970538773 -2.034767553836504
/home/ashley/reuse/Git_Scripts/Repos/derby/294/b/DataType.java -7.131776946154234 -4.7196948344829295 -7.131776946154234 -6.973979091645772 -0.15779785450846262
/home/ashley/reuse/Git_Scripts/Repos/derby/294/b/SQLSmallint.java -7.554651143458979 -5.088567239697693 -7.554651143458979 -7.79420973011453 0.2395585866555514
/home/ashley/reuse/Git_Scripts/Repos/derby/294/b/SQLLongint.java -7.490147074162123 -5.043322313184748 -7.490147074162123 -7.71581388897959 0.2256668148174672
/home/ashley/reuse/Git_Scripts/Repos/derby/294/b/DataValueFactoryImpl.java -8.325538496599558 -5.426722893863842 -8.325538496599558 -7.792905199041157 -0.5326332975584007
/home/ashley/reuse/Git_Scripts/Repos/derby/294/b/SQLDecimal.java -6.871008936259991 -4.550777708099775 -6.871008936259991 -6.7361153360778845 -0.1348936001821066
/home/ashley/reuse/Git_Scripts/Repos/derby/294/b/SQLReal.java -7.362279313699071 -4.955137733406256 -7.362279313699071 -7.574374658397517 0.2120953446984455
/home/ashley/reuse/Git_Scripts/Repos/derby/294/b/SQLChar.java -7.500504648954489 -4.9997231953990635 -7.500504648954489 -7.497745758083123 -0.0027588908713660487
/home/ashley/reuse/Git_Scripts/Repos/derby/294/b/SQLDouble.java -7.305905478642569 -4.916721578475963 -7.305905478642569 -7.517442067695746 0.21153658905317663
/home/ashley/reuse/Git_Scripts/Repos/derby/294/b/DataValueDescriptor.java -8.227818690291652 -5.511839705146835 -8.227818690291652 -8.337669407117977 0.1098507168263243
/home/ashley/reuse/Git_Scripts/Repos/derby/294/b/SQLInteger.java -7.531524611824809 -5.105355989202633 -7.531524611824809 -7.9242460574008415 0.39272144557603283
/home/ashley/reuse/Git_Scripts/Repos/derby/294/b/UserType.java -5.978758536548478 -4.019213274569671 -5.978758536548478 -6.13150054295665 0.1527420064081726
/home/ashley/reuse/Git_Scripts/Repos/derby/294/b/SQLClob.java -6.577849456241007 -4.111904073191603 -6.577849456241007 -5.477554638106148 -1.1002948181348593
/home/ashley/reuse/Git_Scripts/Repos/derby/294/b/SQLTinyint.java -7.631707029662116 -5.1415423443894905 -7.631707029662116 -7.8787449450731435 0.2470379154110276
/home/ashley/reuse/Git_Scripts/Repos/derby/294/b/DataValueFactory.java -12.552244803186426 -8.258703905824424 -12.552244803186426 -12.072235441687901 -0.48000936149852436
/home/ashley/reuse/Git_Scripts/Repos/derby/294/b/SQLBoolean.java -7.640529748318717 -5.0990062759014725 -7.640529748318717 -7.661511979875496 0.02098223155677914
/home/ashley/reuse/Git_Scripts/Repos/derby/295/b/TriggerTest.java -5.890799376833172 -2.430429807409557 -5.890799376833172 -2.0681670060306416 -3.8226323708025305
/home/ashley/reuse/Git_Scripts/Repos/derby/296/b/XplainStatisticsTest.java -5.632685585965819 -3.547580189757524 -5.632685585965819 -4.791284504608609 -0.8414010813572101
/home/ashley/reuse/Git_Scripts/Repos/derby/297/b/LogToFile.java -7.524148065001504 -5.013878214777452 -7.524148065001504 -7.513610819240832 -0.01053724576067161
/home/ashley/reuse/Git_Scripts/Repos/derby/297/b/LogFactory.java -9.977561780964425 -6.633657086394257 -9.977561780964425 -9.89677180702949 -0.08078997393493559
/home/ashley/reuse/Git_Scripts/Repos/derby/297/b/ReadOnly.java -9.245681069969738 -6.159792702481458 -9.245681069969738 -9.227728291193097 -0.0179527787766407
/home/ashley/reuse/Git_Scripts/Repos/derby/297/b/RawStore.java -7.067022864798376 -4.6858048681358 -7.067022864798376 -6.953309228619873 -0.1137136361785025
/home/ashley/reuse/Git_Scripts/Repos/derby/298/b/DRDAConnThread.java -7.092144192420486 -4.553787381374921 -7.092144192420486 -6.361403520883911 -0.7307406715365747
/home/ashley/reuse/Git_Scripts/Repos/derby/299/b/DRDAConnThread.java -7.114211921028588 -4.411108079404874 -7.114211921028588 -5.804543551802743 -1.3096683692258448
/home/ashley/reuse/Git_Scripts/Repos/derby/299/b/JDBCBoot.java -7.522442324510779 -4.993756638258741 -7.522442324510779 -7.40453570500434 -0.11790661950643866
/home/ashley/reuse/Git_Scripts/Repos/derby/299/b/PropertyUtil.java -6.370061395596808 -3.798941535220886 -6.370061395596808 -4.703865767156232 -1.6661956284405761
/home/ashley/reuse/Git_Scripts/Repos/derby/299/b/Monitor.java -7.567562644572891 -4.999086927187161 -7.567562644572891 -7.360171714954858 -0.20739092961803252
/home/ashley/reuse/Git_Scripts/Repos/derby/299/b/DRDAServerStarter.java -6.433401300993677 -4.099463211878167 -6.433401300993677 -5.649998190540573 -0.7834031104531043
/home/ashley/reuse/Git_Scripts/Repos/derby/299/b/SystemContext.java -8.958120463646388 -5.498590565921056 -8.958120463646388 -7.11903613005011 -1.8390843335962783
/home/ashley/reuse/Git_Scripts/Repos/derby/300/b/GrantNode.java -7.036962453540862 -4.6862201154816585 -7.036962453540862 -6.9914157709936715 -0.04554668254719019
/home/ashley/reuse/Git_Scripts/Repos/derby/300/b/RevokeNode.java -7.036962453540862 -4.6862201154816585 -7.036962453540862 -6.9914157709936715 -0.04554668254719019
/home/ashley/reuse/Git_Scripts/Repos/derby/300/b/PrivilegeNode.java -7.893694412664355 -5.254932227778274 -7.893694412664355 -7.859902912610141 -0.03379150005421394
/home/ashley/reuse/Git_Scripts/Repos/derby/301/b/dataSourcePermissions_net.java -5.693251373425737 -3.0596384932015863 -5.693251373425737 -3.3071092536811264 -2.38614211974461
/home/ashley/reuse/Git_Scripts/Repos/derby/303/b/Request.java -7.79290684169312 -5.49041234151124 -7.79290684169312 -9.291286449652643 1.4983796079595235
/home/ashley/reuse/Git_Scripts/Repos/derby/305/b/StatementPoolingTest.java -5.993707473750064 -3.8973551847554937 -5.993707473750064 -5.569819261641879 -0.42388821210818506
/home/ashley/reuse/Git_Scripts/Repos/derby/307/b/BlobMemTest.java -5.762300683423474 -3.746955839040029 -5.762300683423474 -5.356672892043768 -0.4056277913797057
/home/ashley/reuse/Git_Scripts/Repos/derby/308/b/BasicSetup.java -6.326241915406068 -1.8074976901160194 -6.326241915406068 -1.2652483830812136 -5.060993532324854
/home/ashley/reuse/Git_Scripts/Repos/derby/309/b/DropDatabaseSetup.java -5.236073396570122 -2.233031301478434 -5.236073396570122 -1.9467452371863272 -3.2893281593837944
/home/ashley/reuse/Git_Scripts/Repos/derby/309/b/TestConfiguration.java -7.506563830889323 -4.985482894631719 -7.506563830889323 -7.418846680505897 -0.0877171503834262
/home/ashley/reuse/Git_Scripts/Repos/derby/311/b/SequenceGeneratorConcurrency.java -6.495767059073808 -4.2141838663156035 -6.495767059073808 -5.995129906158678 -0.5006371529151297
/home/ashley/reuse/Git_Scripts/Repos/derby/312/b/LuceneQueryVTI.java -6.564972941993518 -4.382148312122338 -6.564972941993518 -6.589783875258799 0.0248109332652815
/home/ashley/reuse/Git_Scripts/Repos/derby/312/b/LuceneSupport.java -6.04803750389898 -4.090490117099898 -6.04803750389898 -6.31898819011514 0.2709506862161595
/home/ashley/reuse/Git_Scripts/Repos/derby/314/b/J2EEDataSourceTest.java -5.982652720142614 -3.8448448985443044 -5.982652720142614 -5.379638168846065 -0.6030145512965488
/home/ashley/reuse/Git_Scripts/Repos/derby/314/b/NetConnection.java -7.471887280765014 -4.938316306252739 -7.471887280765014 -7.280928838575174 -0.1909584421898396
/home/ashley/reuse/Git_Scripts/Repos/derby/315/b/AlterTableConstantAction.java -7.761309398566654 -5.207801386947063 -7.761309398566654 -7.914476411754876 0.1531670131882219
/home/ashley/reuse/Git_Scripts/Repos/derby/315/b/DDUtils.java -7.552110742792198 -5.076105734005085 -7.552110742792198 -7.738286037445525 0.18617529465332705
/home/ashley/reuse/Git_Scripts/Repos/derby/315/b/DataDictionary.java -10.285700983590393 -6.831388664658043 -10.285700983590393 -10.166791145629812 -0.1189098379605813
/home/ashley/reuse/Git_Scripts/Repos/derby/315/b/GenericPreparedStatement.java -8.541893093131465 -5.692264410813763 -8.541893093131465 -8.531412242710443 -0.01048085042102187
/home/ashley/reuse/Git_Scripts/Repos/derby/315/b/UpdateNode.java -7.905236922271762 -5.376433944222552 -7.905236922271762 -8.403577600737119 0.49834067846535746
/home/ashley/reuse/Git_Scripts/Repos/derby/315/b/DeleteNode.java -8.147006173427036 -5.545144375266089 -8.147006173427036 -8.681538252679035 0.5345320792519992
/home/ashley/reuse/Git_Scripts/Repos/derby/315/b/GroupedAggregateResultSet.java -8.248589707285428 -5.507063199651001 -8.248589707285428 -8.284710123997266 0.03612041671183874
/home/ashley/reuse/Git_Scripts/Repos/derby/315/b/InternalTriggerExecutionContext.java -7.953236888650907 -5.357970114459559 -7.953236888650907 -8.204039733773046 0.2508028451221387
/home/ashley/reuse/Git_Scripts/Repos/derby/315/b/DMLModStatementNode.java -8.346595546461602 -5.636612566212457 -8.346595546461602 -8.678703730343598 0.3321081838819957
/home/ashley/reuse/Git_Scripts/Repos/derby/315/b/GenericAggregateResultSet.java -9.281773398991051 -5.9329792425250405 -9.281773398991051 -8.21028440632253 -1.0714889926685203
/home/ashley/reuse/Git_Scripts/Repos/derby/315/b/BaseActivation.java -8.029125815867584 -5.356051993671536 -8.029125815867584 -8.044000688725305 0.014874872857721044
/home/ashley/reuse/Git_Scripts/Repos/derby/315/b/DeleteCascadeResultSet.java -7.460122053582985 -5.016491522645566 -7.460122053582985 -7.657384896345997 0.19726284276301165
/home/ashley/reuse/Git_Scripts/Repos/derby/315/b/DataDictionaryImpl.java -7.9243777252115 -5.285840311135564 -7.9243777252115 -7.937349432327708 0.012971707116207654
/home/ashley/reuse/Git_Scripts/Repos/derby/315/b/ExecPreparedStatement.java -9.088419679270142 -5.904751707789283 -9.088419679270142 -8.392285405964344 -0.6961342733057982
/home/ashley/reuse/Git_Scripts/Repos/derby/315/b/TableDescriptor.java -7.796989338150671 -5.296629219905876 -7.796989338150671 -8.258362716314172 0.46137337816350144
/home/ashley/reuse/Git_Scripts/Repos/derby/315/b/TriggerEventActivator.java -7.81415606781256 -5.21268515745601 -7.81415606781256 -7.828789318875879 0.014633251063319364
/home/ashley/reuse/Git_Scripts/Repos/derby/315/b/CompilerContext.java -8.38470437369867 -5.620448765118187 -8.38470437369867 -8.51469979034516 0.12999541664649072
/home/ashley/reuse/Git_Scripts/Repos/derby/315/b/AggregatorInfoList.java -5.99448587108917 -4.1713453993467215 -5.99448587108917 -6.830370355105588 0.8358844840164181
/home/ashley/reuse/Git_Scripts/Repos/derby/315/b/GenericLanguageConnectionContext.java -7.692424723361092 -5.134511832893922 -7.692424723361092 -7.7205220539253165 0.0280973305642247
/home/ashley/reuse/Git_Scripts/Repos/derby/315/b/FKInfo.java -7.010132598792024 -4.683024653896225 -7.010132598792024 -7.048676283184008 0.038543684391983746
/home/ashley/reuse/Git_Scripts/Repos/derby/315/b/DDLConstantAction.java -8.236071074222679 -5.582209100389188 -8.236071074222679 -8.65951945850148 0.42344838427880127
/home/ashley/reuse/Git_Scripts/Repos/derby/317/b/AuthenticationServiceBase.java -7.884019578224552 -4.909763851083915 -7.884019578224552 -6.507287516197903 -1.3767320620266492
/home/ashley/reuse/Git_Scripts/Repos/derby/317/b/NativeAuthenticationServiceImpl.java -6.920185287541277 -4.226859852012996 -6.920185287541277 -5.43021147287793 -1.4899738146633474
/home/ashley/reuse/Git_Scripts/Repos/derby/317/b/DataDictionaryImpl.java -8.06084103267773 -5.331492979977844 -8.06084103267773 -7.872811015088729 -0.18803001758900173
/home/ashley/reuse/Git_Scripts/Repos/derby/317/b/EmbedConnection.java -7.051202415295031 -4.43856903469087 -7.051202415295031 -5.989598259406115 -1.061604155888916
/home/ashley/reuse/Git_Scripts/Repos/derby/317/b/BaseMonitor.java -7.167437861013592 -4.765552883837604 -7.167437861013592 -7.109559310129186 -0.0578785508844053
/home/ashley/reuse/Git_Scripts/Repos/derby/319/b/CommentTest.java -6.014172866623472 -3.310322040032247 -6.014172866623472 -3.677277225333371 -2.3368956412901007
