/home/ashley/reuse/Git_Scripts/Repos/openjpa/568/b/DetachManager.java -3.1085773726985675 -2.031663336544313 -3.1085773726985675 -2.9322594306024525 -0.17631794209611495
/home/ashley/reuse/Git_Scripts/Repos/openjpa/523/b/AbstractBrokerFactory.java -1.0064371907501948 -0.6685235911465977 -1.0064371907501948 -0.995202205905666 -0.011234984844528784
/home/ashley/reuse/Git_Scripts/Repos/openjpa/741/b/TestUUIDGenerator.java -3.726682658361458 -2.2116294280930147 -3.726682658361458 -2.704506843496601 -1.0221758148648572
/home/ashley/reuse/Git_Scripts/Repos/openjpa/741/b/UUIDGenerator.java -4.584191798881748 -3.05000336117984 -4.584191798881748 -4.549930275721197 -0.0342615231605512
/home/ashley/reuse/Git_Scripts/Repos/openjpa/2194/b/DBDictionary.java -2.4423300541247435 -1.5737227999140035 -2.4423300541247435 -2.212372316652583 -0.22995773747216042
/home/ashley/reuse/Git_Scripts/Repos/openjpa/2194/b/DB2Dictionary.java -1.5454034764229496 -0.4332855489650379 -1.5454034764229496 -0.30097315910538514 -1.2444303173175646
/home/ashley/reuse/Git_Scripts/Repos/openjpa/1994/b/DerbyDictionary.java -2.4698713064946323 -1.7201710775214012 -2.4698713064946323 -2.8248680997828512 0.354996793288219
/home/ashley/reuse/Git_Scripts/Repos/openjpa/1994/b/DBDictionary.java -2.401980243223068 -1.5611187368231385 -2.401980243223068 -2.2296258460082985 -0.17235439721476942
/home/ashley/reuse/Git_Scripts/Repos/openjpa/2846/b/TestMySQLDictionary.java -5.97281961650583 -3.3506061263325386 -5.97281961650583 -3.806356078025126 -2.166463538480704
/home/ashley/reuse/Git_Scripts/Repos/openjpa/2846/b/SQLBuffer.java -1.0179766894714861 -0.6783500388581065 -1.0179766894714861 -1.0162851363151693 -0.0016915531563168607
/home/ashley/reuse/Git_Scripts/Repos/openjpa/285/b/RowManagerImpl.java -0.41493110696254265 -0.263221920979363 -0.41493110696254265 -0.35996160133929983 -0.05496950562324282
/home/ashley/reuse/Git_Scripts/Repos/openjpa/1447/b/TestM2MInDataCache.java -4.4907392277431875 -2.4103648251145544 -4.4907392277431875 -2.6015316905546744 -1.889207537188513
/home/ashley/reuse/Git_Scripts/Repos/openjpa/1509/b/Configurations.java -3.321332055068891 -2.140251777024613 -3.321332055068891 -3.0083860319623072 -0.3129460231065839
/home/ashley/reuse/Git_Scripts/Repos/openjpa/1582/b/MappingRepository.java -2.7418768754482974 -1.6700431997699563 -2.7418768754482974 -2.135834915555335 -0.6060419598929623
/home/ashley/reuse/Git_Scripts/Repos/openjpa/1903/b/PCClassFileTransformer.java -3.791501804114588 -2.513625270135227 -3.791501804114588 -3.725592806604819 -0.06590899750976886
/home/ashley/reuse/Git_Scripts/Repos/openjpa/2091/b/Unique.java -2.714579718165092 -1.4984480044271307 -2.714579718165092 -1.672375004940994 -1.042204713224098
/home/ashley/reuse/Git_Scripts/Repos/openjpa/2614/b/Joins.java -2.9562046365138612 -1.8918364196936073 -2.9562046365138612 -2.626625514320711 -0.3295791221931501
/home/ashley/reuse/Git_Scripts/Repos/openjpa/1479/b/AnnotationPersistenceMappingParser.java -1.9833129022533347 -1.0776662033958513 -1.9833129022533347 -1.1800127401853984 -0.8033001620679363
/home/ashley/reuse/Git_Scripts/Repos/openjpa/2349/b/DB2Dictionary.java -2.717873352722862 -1.781314756803231 -2.717873352722862 -2.5846689846317754 -0.1332043680910866
/home/ashley/reuse/Git_Scripts/Repos/openjpa/413/b/TestSimpleXmlEntity.java -3.6114185164782624 -2.2829892383904435 -3.6114185164782624 -3.1032248929019803 -0.5081936235762821
/home/ashley/reuse/Git_Scripts/Repos/openjpa/413/b/MetaDataRepository.java -2.460083500672091 -1.4334744232087449 -2.460083500672091 -1.7173851510356748 -0.7426983496364161
/home/ashley/reuse/Git_Scripts/Repos/openjpa/833/b/PCEnhancer.java -2.1011953033506803 -1.355021057547807 -2.1011953033506803 -1.9077500140880188 -0.19344528926266147
/home/ashley/reuse/Git_Scripts/Repos/openjpa/3193/b/MetaDataRepository.java -2.5070624860218267 -1.6107767089510219 -2.5070624860218267 -2.2525321640730582 -0.25453032194876846
/home/ashley/reuse/Git_Scripts/Repos/openjpa/2828/b/MatchesExpression.java -4.09895094830815 -2.7304822852509405 -4.09895094830815 -4.089283611165913 -0.009667337142236221
/home/ashley/reuse/Git_Scripts/Repos/openjpa/2030/b/EntityMapping.java -8.314899190059206 -5.624426684930239 -8.314899190059206 -8.691138972414826 0.3762397823556203
/home/ashley/reuse/Git_Scripts/Repos/openjpa/1658/b/FieldMetaData.java -0.3772720803538596 -0.21797540992434314 -0.3772720803538596 -0.25812227005877375 -0.11914981029508587
/home/ashley/reuse/Git_Scripts/Repos/openjpa/960/b/TestPreparedQueryCache.java -3.4652794874774195 -2.27803615486351 -3.4652794874774195 -3.3235502650857054 -0.14172922239171415
/home/ashley/reuse/Git_Scripts/Repos/openjpa/2569/b/TestFindAbstractClass.java -4.0776532102891965 -2.377705141694518 -4.0776532102891965 -2.8516921143852554 -1.225961095903941
/home/ashley/reuse/Git_Scripts/Repos/openjpa/585/b/SelectImpl.java -2.9013865069507196 -1.9342576713004798 -2.9013865069507196 -2.90118294373547 -2.035632152495026E-4
/home/ashley/reuse/Git_Scripts/Repos/openjpa/2367/b/RelationFieldStrategy.java -2.440772703675805 -1.601115521804533 -2.440772703675805 -2.3267962280200196 -0.1139764756557855
/home/ashley/reuse/Git_Scripts/Repos/openjpa/2367/b/TestSpecCompatibilityOptions.java -3.3145687939120396 -1.0861196430816804 -3.3145687939120396 -0.8074122438199722 -2.507156550092067
/home/ashley/reuse/Git_Scripts/Repos/openjpa/2305/b/WASManagedRuntime.java -1.157907599896185 -0.808514034840229 -1.157907599896185 -1.339727801532776 0.18182020163659107
/home/ashley/reuse/Git_Scripts/Repos/openjpa/2955/b/MySQLDictionary.java -2.920951379313558 -1.9235533473528308 -2.920951379313558 -2.8154759089074877 -0.1054754704060703
/home/ashley/reuse/Git_Scripts/Repos/openjpa/2045/b/ClassMapping.java -3.0229180758465004 -2.033079286342189 -3.0229180758465004 -3.103713622780996 0.08079554693449564
/home/ashley/reuse/Git_Scripts/Repos/openjpa/752/b/IngresDictionary.java -4.1064576222979445 -2.688049711535444 -4.1064576222979445 -3.891109935052663 -0.21534768724528153
/home/ashley/reuse/Git_Scripts/Repos/openjpa/2662/b/ConfigurationImpl.java -3.260331622365143 -2.142528375924192 -3.260331622365143 -3.1245896977314276 -0.13574192463371526
/home/ashley/reuse/Git_Scripts/Repos/openjpa/1649/b/JPAFacadeHelper.java -2.977435321037873 -1.9399831546225648 -2.977435321037873 -2.782070479783653 -0.19536484125422016
/home/ashley/reuse/Git_Scripts/Repos/openjpa/2599/b/JDBCFetchConfigurationImpl.java -3.8814607863526773 -2.588009344150203 -3.8814607863526773 -3.8814607863526773 0.0
/home/ashley/reuse/Git_Scripts/Repos/openjpa/2063/b/DBDictionary.java -2.4423300541247435 -1.5422694889986919 -2.4423300541247435 -2.0923922292982295 -0.3499378248265139
/home/ashley/reuse/Git_Scripts/Repos/openjpa/2063/b/SQLStoreQuery.java -3.200447400563263 -1.8565640551245257 -3.200447400563263 -2.2096529245040366 -0.9907944760592264
/home/ashley/reuse/Git_Scripts/Repos/openjpa/2063/b/DB2Dictionary.java -1.54540347642295 -0.41823677302092904 -1.54540347642295 -0.2867120546781852 -1.258691421744765
/home/ashley/reuse/Git_Scripts/Repos/openjpa/3177/b/PersistenceExceptions.java -1.0345774824705092 -0.6389251119133118 -1.0345774824705092 -0.8353514132109854 -0.1992260692595238
/home/ashley/reuse/Git_Scripts/Repos/openjpa/355/b/BatchingOperationOrderUpdateManager.java -0.6268841145681141 -0.30567076660759285 -0.6268841145681141 -0.2958893020761499 -0.3309948124919642
/home/ashley/reuse/Git_Scripts/Repos/openjpa/2840/b/TestDataCacheScheduler.java -3.7050477212427495 -2.150127320173252 -3.7050477212427495 -2.5578551675542536 -1.147192553688496
/home/ashley/reuse/Git_Scripts/Repos/openjpa/599/b/JDBCStoreManager.java -2.5454821188601 -1.635362502386796 -2.5454821188601 -2.2869444479235663 -0.25853767093653346
/home/ashley/reuse/Git_Scripts/Repos/openjpa/1395/b/DB2Dictionary.java -0.4738615505988167 -0.315099131931335 -0.4738615505988167 -0.4702415234743032 -0.0036200271245134807
/home/ashley/reuse/Git_Scripts/Repos/openjpa/1271/b/CacheTest.java -1.3307719366251458 -0.8810356548049104 -1.3307719366251458 -1.30334439757438 -0.027427539050765892
/home/ashley/reuse/Git_Scripts/Repos/openjpa/1841/b/VersionAttachStrategy.java -2.0675126968971327 -1.359746967605197 -2.0675126968971327 -1.9850565036678527 -0.08245619322928
/home/ashley/reuse/Git_Scripts/Repos/openjpa/1841/b/AttachManager.java -3.2407902970054234 -2.091210367882397 -3.2407902970054234 -2.947674231925952 -0.2931160650794715
/home/ashley/reuse/Git_Scripts/Repos/openjpa/2924/b/JavaTypes.java -3.135107945850335 -2.090071963900223 -3.135107945850335 -3.135107945850335 0.0
/home/ashley/reuse/Git_Scripts/Repos/openjpa/579/b/OracleDictionary.java -3.0096129137509067 -1.791298161871419 -3.0096129137509067 -2.212252107965717 -0.7973608057851895
/home/ashley/reuse/Git_Scripts/Repos/openjpa/3151/b/AbstractCFMetaDataFactory.java -3.319225841363106 -2.201246941418147 -3.319225841363106 -3.266994005532214 -0.05223183583089197
/home/ashley/reuse/Git_Scripts/Repos/openjpa/2103/b/FieldMetaData.java -3.409006228432092 -2.2725795616940894 -3.409006228432092 -3.4085956037358223 -4.1062469626984566E-4
/home/ashley/reuse/Git_Scripts/Repos/openjpa/1332/b/RelationFieldStrategy.java -0.8218343309954689 -0.5494768541463487 -0.8218343309954689 -0.8290188102216554 0.00718447922618648
/home/ashley/reuse/Git_Scripts/Repos/openjpa/2617/b/JPQLExpressionBuilder.java -1.209416683862276 -0.7882870735435054 -1.209416683862276 -1.1317936668856081 -0.07762301697666785
/home/ashley/reuse/Git_Scripts/Repos/openjpa/1510/b/TestEmbeddable.java -3.0071318987641105 -1.8423499392401128 -3.0071318987641105 -2.3780702378031484 -0.629061660960962
/home/ashley/reuse/Git_Scripts/Repos/openjpa/1982/b/QueryResultMapping.java -3.843093243741424 -2.5061427860437817 -3.843093243741424 -3.6019810432924593 -0.24111220044896475
/home/ashley/reuse/Git_Scripts/Repos/openjpa/308/b/AbstractOpenJpaMojo.java -4.361437223078648 -2.4184596993855716 -4.361437223078648 -2.71438038443363 -1.6470568386450175
/home/ashley/reuse/Git_Scripts/Repos/openjpa/1919/b/ApplicationIdTool.java -1.133630346002119 -0.7532685543376185 -1.133630346002119 -1.122406283170415 -0.011224062831704185
/home/ashley/reuse/Git_Scripts/Repos/openjpa/1919/b/PCEnhancer.java -2.1120570707924564 -1.2900911221433307 -2.1120570707924564 -1.6574567845343393 -0.4546002862581171
/home/ashley/reuse/Git_Scripts/Repos/openjpa/2092/b/Order.java -6.93770028976023 -4.625133526506819 -6.93770028976023 -6.93770028976023 0.0
/home/ashley/reuse/Git_Scripts/Repos/openjpa/989/b/TestQueryEscapeCharacters.java -3.1893924368098348 -2.1532740226737905 -3.1893924368098348 -3.3094950808738033 0.12010264406396853
/home/ashley/reuse/Git_Scripts/Repos/openjpa/1100/b/DB2Dictionary.java -2.3429753832207174 -1.3580761077636403 -2.3429753832207174 -1.6153625900241044 -0.727612793196613
/home/ashley/reuse/Git_Scripts/Repos/openjpa/2116/b/Configurations.java -3.4336487838748493 -2.158687119090026 -3.4336487838748493 -2.9068220660896213 -0.5268267177852279
/home/ashley/reuse/Git_Scripts/Repos/openjpa/820/b/TableJDBCSeq.java -3.124311360550028 -1.972732722944154 -3.124311360550028 -2.6754457994011838 -0.44886556114884435
/home/ashley/reuse/Git_Scripts/Repos/openjpa/785/b/ExpressionStoreQuery.java -3.4657210095851276 -2.178539012437653 -3.4657210095851276 -2.9321600423991736 -0.533560967185954
/home/ashley/reuse/Git_Scripts/Repos/openjpa/654/b/JPQLExpressionBuilder.java -1.2094166838622766 -0.8061526296964632 -1.2094166838622766 -1.208853640713365 -5.630431489116461E-4
/home/ashley/reuse/Git_Scripts/Repos/openjpa/654/b/ClassMetaData.java -3.263213421754137 -2.109042116502877 -3.263213421754137 -2.981184137053851 -0.28202928470028565
/home/ashley/reuse/Git_Scripts/Repos/openjpa/654/b/FetchConfigurationImpl.java -1.4364265376498093 -0.779384742433281 -1.4364265376498093 -0.8519465087465139 -0.5844800289032954
/home/ashley/reuse/Git_Scripts/Repos/openjpa/654/b/FieldMetaData.java -0.3772720803538598 -0.24949304546601614 -0.3772720803538598 -0.36826882321180326 -0.00900325714205652
/home/ashley/reuse/Git_Scripts/Repos/openjpa/374/b/SchemaTool.java -2.0440931422065547 -1.3407254069778136 -2.0440931422065547 -1.9479194866788974 -0.09617365552765733
/home/ashley/reuse/Git_Scripts/Repos/openjpa/374/b/Column.java -3.8381073614711263 -2.495023197062724 -3.8381073614711263 -3.5640307107597686 -0.27407665071135767
/home/ashley/reuse/Git_Scripts/Repos/openjpa/1756/b/QueryImpl.java -3.233430762854099 -2.147615771422525 -3.233430762854099 -3.1973701967256143 -0.03606056612848452
/home/ashley/reuse/Git_Scripts/Repos/openjpa/666/b/Filters.java -3.400971205100617 -2.226895783936297 -3.400971205100617 -3.2248163172640307 -0.1761548878365864
/home/ashley/reuse/Git_Scripts/Repos/openjpa/666/b/DBDictionary.java -2.6500001146986283 -1.7668463965447117 -2.6500001146986283 -2.650707616922317 7.075022236886497E-4
/home/ashley/reuse/Git_Scripts/Repos/openjpa/666/b/OracleDictionary.java -2.952790084799955 -1.9715793787299654 -2.952790084799955 -2.9665697718623547 0.013779687062399848
/home/ashley/reuse/Git_Scripts/Repos/openjpa/2302/b/ProxyMaps.java -3.8124598292362615 -2.551680224308243 -3.8124598292362615 -3.854712154709468 0.042252325473206565
/home/ashley/reuse/Git_Scripts/Repos/openjpa/3146/b/AbstractUpdateManager.java -2.9375894527011726 -1.9884520233322975 -2.9375894527011726 -3.0771390476231573 0.1395495949219847
/home/ashley/reuse/Git_Scripts/Repos/openjpa/2876/b/RelationFieldStrategy.java -2.3645881227605345 -1.5506088423483175 -2.3645881227605345 -2.252238687087632 -0.11234943567290268
/home/ashley/reuse/Git_Scripts/Repos/openjpa/2876/b/FieldMapping.java -2.964331476525053 -1.9000515703206036 -2.964331476525053 -2.6456414270286883 -0.3186900494963645
/home/ashley/reuse/Git_Scripts/Repos/openjpa/1076/b/LoggingConnectionDecorator.java -3.1536785311730298 -2.0185270857763356 -3.1536785311730298 -2.8036941392090995 -0.3499843919639303
/home/ashley/reuse/Git_Scripts/Repos/openjpa/2781/b/QueryImpl.java -1.2583903716992197 -0.7435489140714834 -1.2583903716992197 -0.9087018736470117 -0.34968849805220803
/home/ashley/reuse/Git_Scripts/Repos/openjpa/2802/b/Abs.java -3.021310033545676 -1.8021849322904033 -3.021310033545676 -2.2170764274939496 -0.8042336060517266
/home/ashley/reuse/Git_Scripts/Repos/openjpa/2484/b/AbstractDataCache.java -3.4482783559595784 -2.1489270913950995 -3.4482783559595784 -2.8514609481973436 -0.5968174077622348
/home/ashley/reuse/Git_Scripts/Repos/openjpa/2484/b/DataCacheStoreManager.java -3.068030386863317 -1.9250693041808697 -3.068030386863317 -2.58371488388011 -0.48431550298320714
/home/ashley/reuse/Git_Scripts/Repos/openjpa/1863/b/SelectImpl.java -2.908201530811276 -1.935272346881185 -2.908201530811276 -2.892197132482439 -0.01600439832883671
/home/ashley/reuse/Git_Scripts/Repos/openjpa/1863/b/TestSubquery.java -2.7611654847328593 -1.7657238507519142 -2.7611654847328593 -2.448890816816643 -0.3122746679162165
/home/ashley/reuse/Git_Scripts/Repos/openjpa/2785/b/InValueDiscriminatorStrategy.java -2.8782530999424765 -1.8470764096863463 -2.8782530999424765 -2.5751211259130815 -0.30313197402939496
/home/ashley/reuse/Git_Scripts/Repos/openjpa/1490/b/JPQLExpressionBuilder.java -2.028269838545436 -1.35169311149662 -2.028269838545436 -2.0258622667073007 -0.002407571838135336
/home/ashley/reuse/Git_Scripts/Repos/openjpa/1597/b/RelationFieldStrategy.java -2.2339511437024897 -1.479204506607653 -2.2339511437024897 -2.188677620012306 -0.04527352369018356
/home/ashley/reuse/Git_Scripts/Repos/openjpa/1597/b/RelationToManyInverseKeyFieldStrategy.java -2.8023199221609985 -1.8239852774748844 -2.8023199221609985 -2.6111706868012394 -0.19114923535975903
/home/ashley/reuse/Git_Scripts/Repos/openjpa/2534/b/TestConstraints.java -3.0954695277400375 -0.5357701439040362 -3.0954695277400375 -0.3239560404633233 -2.771513487276714
/home/ashley/reuse/Git_Scripts/Repos/openjpa/2356/b/Expressions.java -4.11692370223305 -1.741036407078269 -4.11692370223305 -1.5083044176841938 -2.6086192845488565
/home/ashley/reuse/Git_Scripts/Repos/openjpa/2356/b/TestTypesafeCriteria.java -3.055215888455042 -0.4115041735997507 -3.055215888455042 -0.23775796696874488 -2.817457921486297
/home/ashley/reuse/Git_Scripts/Repos/openjpa/1233/b/DBDictionary.java -0.7536501794356033 -0.5020114656330613 -0.7536501794356033 -0.7517544209234168 -0.001895758512186485
/home/ashley/reuse/Git_Scripts/Repos/openjpa/628/b/Joins.java -2.9562046365138617 -1.8089178821813916 -2.9562046365138617 -2.330512145365453 -0.6256924911484085
/home/ashley/reuse/Git_Scripts/Repos/openjpa/1469/b/PreparedQueryImpl.java -3.5894210269588815 -1.8734036194453003 -3.5894210269588815 -1.9585898099043657 -1.6308312170545158
/home/ashley/reuse/Git_Scripts/Repos/openjpa/1469/b/TestPreparedQueryCache.java -3.488824124245067 -1.5445315133376598 -3.488824124245067 -1.385747899816966 -2.1030762244281007
/home/ashley/reuse/Git_Scripts/Repos/openjpa/1141/b/DB2Dictionary.java -0.8027835961973557 -0.5304872503519578 -0.8027835961973557 -0.7819907778273791 -0.020792818369976596
/home/ashley/reuse/Git_Scripts/Repos/openjpa/2216/b/TestUUIDGenerator.java -4.593261889439558 -2.5534909845897538 -4.593261889439558 -2.875041701167723 -1.7182201882718346
/home/ashley/reuse/Git_Scripts/Repos/openjpa/2216/b/UUIDGenerator.java -4.6656408840096715 -3.09287405478745 -4.6656408840096715 -4.587533056710403 -0.07810782729926835
/home/ashley/reuse/Git_Scripts/Repos/openjpa/3039/b/SQLStoreQuery.java -3.219278451106989 -2.0783652929334964 -3.219278451106989 -2.9308236977016193 -0.28845475340536986
/home/ashley/reuse/Git_Scripts/Repos/openjpa/2835/b/DB2Dictionary.java -2.337531716918724 -1.4641000445123005 -2.337531716918724 -1.9591574240492635 -0.37837429286946067
/home/ashley/reuse/Git_Scripts/Repos/openjpa/2386/b/TestSQLBigIntegerId.java -2.9711759790496695 -1.9833766352294913 -2.9711759790496695 -2.9711759790496695 0.0
/home/ashley/reuse/Git_Scripts/Repos/openjpa/2386/b/TestSQLBigDecimalId.java -0.919605072322297 -0.6130700482148647 -0.919605072322297 -0.919605072322297 0.0
/home/ashley/reuse/Git_Scripts/Repos/openjpa/2514/b/Employee3.java -4.427154670211075 -2.9538204827094896 -4.427154670211075 -4.427154670211075 0.0
/home/ashley/reuse/Git_Scripts/Repos/openjpa/2514/b/Parent3.java -5.304455679285647 -3.536303786190431 -5.304455679285647 -5.304455679285647 0.0
/home/ashley/reuse/Git_Scripts/Repos/openjpa/2523/b/TestQueryMultiThreaded.java -2.6287645688054964 -1.7578595975849094 -2.6287645688054964 -2.651700953797498 0.022936384992001457
/home/ashley/reuse/Git_Scripts/Repos/openjpa/635/b/PostgresDictionary.java -3.097158084177029 -1.8654446383185883 -3.097158084177029 -2.345341346065455 -0.7518167381115743
/home/ashley/reuse/Git_Scripts/Repos/openjpa/1945/b/ValueStrategyEntity.java -3.671938552872229 -2.206872160564622 -3.671938552872229 -2.748180426363492 -0.9237581265087367
/home/ashley/reuse/Git_Scripts/Repos/openjpa/1945/b/TestValueStrategy.java -4.512182620244669 -2.7472132279720944 -4.512182620244669 -3.4964531992372114 -1.0157294210074577
/home/ashley/reuse/Git_Scripts/Repos/openjpa/2913/b/AnnotationProcessor6.java -0.9262067122728268 -0.48909200901390504 -0.9262067122728268 -0.5181709723904543 -0.4080357398823725
/home/ashley/reuse/Git_Scripts/Repos/openjpa/2913/b/SourceAnnotationHandler.java -4.495381171350312 -2.8655537098496433 -4.495381171350312 -3.95081579174274 -0.544565379607572
/home/ashley/reuse/Git_Scripts/Repos/openjpa/1264/b/DBDictionary.java -2.593001754772841 -1.709604754755267 -2.593001754772841 -2.5089742778836506 -0.08402747688919021
/home/ashley/reuse/Git_Scripts/Repos/openjpa/1264/b/DB2Dictionary.java -2.240266727850187 -1.4170461849457519 -2.240266727850187 -1.9281354476169423 -0.31213128023324455
/home/ashley/reuse/Git_Scripts/Repos/openjpa/1805/b/DBDictionary.java -2.4198085072777853 -1.580845838245193 -2.4198085072777853 -2.2798059730663613 -0.14000253421142395
/home/ashley/reuse/Git_Scripts/Repos/openjpa/1805/b/DB2Dictionary.java -2.449260106490893 -1.3781411418230314 -2.449260106490893 -1.57565416686821 -0.8736059396226832
/home/ashley/reuse/Git_Scripts/Repos/openjpa/772/b/SingleFieldManager.java -1.1622234708684418 -0.7435323074914202 -1.1622234708684418 -1.0317720531799448 -0.130451417688497
/home/ashley/reuse/Git_Scripts/Repos/openjpa/804/b/AbstractBrokerFactory.java -1.0064371907501948 -0.5841632901712185 -1.0064371907501948 -0.6961401828211674 -0.31029700792902737
/home/ashley/reuse/Git_Scripts/Repos/openjpa/1770/b/HSQLDictionary.java -0.49394952224644095 -0.305193330032477 -0.49394952224644095 -0.39914198682671637 -0.09480753541972459
/home/ashley/reuse/Git_Scripts/Repos/openjpa/2300/b/InformixDictionary.java -3.0604818791595982 -2.0403212527730656 -3.0604818791595982 -3.0604818791595982 0.0
/home/ashley/reuse/Git_Scripts/Repos/openjpa/1928/b/AnnotationProcessor6.java -3.407059585359813 -1.8477439550231791 -3.407059585359813 -2.018633569360583 -1.3884260159992299
/home/ashley/reuse/Git_Scripts/Repos/openjpa/1928/b/SourceAnnotationHandler.java -4.5339059436547124 -2.9294946561206907 -4.5339059436547124 -4.1381177535693565 -0.39578819008535593
/home/ashley/reuse/Git_Scripts/Repos/openjpa/1041/b/TestUseSchemaElement.java -3.686712422810042 -2.541212168426858 -3.686712422810042 -4.089356782980422 0.4026443601703802
/home/ashley/reuse/Git_Scripts/Repos/openjpa/1635/b/AbstractPCData.java -3.12412611646363 -2.007495102180731 -3.12412611646363 -2.8067654077458606 -0.3173607087177692
/home/ashley/reuse/Git_Scripts/Repos/openjpa/1616/b/LifecycleEventManager.java -4.1932167398061555 -2.7481022355281017 -4.1932167398061555 -3.987015652601167 -0.20620108720498864
/home/ashley/reuse/Git_Scripts/Repos/openjpa/798/b/FinderQueryImpl.java -3.535845932086917 -2.2602710341324324 -3.535845932086917 -3.132693405250839 -0.4031525268360783
/home/ashley/reuse/Git_Scripts/Repos/openjpa/870/b/TestMultipleMappedSuperclassHierarchy.java -3.346122770822449 -2.253281327153164 -3.346122770822449 -3.4407432090719268 0.09462043824947797
/home/ashley/reuse/Git_Scripts/Repos/openjpa/1930/b/Math.java -2.8813199414829214 -1.9485346530339758 -2.8813199414829214 -3.0094555638805995 0.12813562239767817
/home/ashley/reuse/Git_Scripts/Repos/openjpa/1930/b/JDBCStoreQuery.java -0.5053865167801954 -0.3052446786481971 -0.5053865167801954 -0.385320205762863 -0.1200663110173324
/home/ashley/reuse/Git_Scripts/Repos/openjpa/1272/b/XMLPersistenceMetaDataParser.java -2.183980637390336 -1.428531262206227 -2.183980637390336 -2.064658563866544 -0.11932207352379232
/home/ashley/reuse/Git_Scripts/Repos/openjpa/1272/b/AnnotationPersistenceMetaDataParser.java -3.0979453427491093 -2.021184634611789 -3.0979453427491093 -2.90757244312128 -0.1903728996278291
/home/ashley/reuse/Git_Scripts/Repos/openjpa/1272/b/MetaDataRepository.java -2.507062486021827 -1.603640090746131 -2.507062486021827 -2.225108616752497 -0.28195386926932997
/home/ashley/reuse/Git_Scripts/Repos/openjpa/575/b/SQLStoreQuery.java -3.200447400563263 -1.8684176165299498 -3.200447400563263 -2.243533563499786 -0.9569138370634769
/home/ashley/reuse/Git_Scripts/Repos/openjpa/1942/b/JMXProvider.java -4.52317521218143 -3.015450141454287 -4.52317521218143 -4.52317521218143 0.0
/home/ashley/reuse/Git_Scripts/Repos/openjpa/1942/b/PreparedQueryCacheJMXInstrument.java -5.197508828700078 -3.4579774762953868 -5.197508828700078 -5.166008775192805 -0.031500053507273584
/home/ashley/reuse/Git_Scripts/Repos/openjpa/1942/b/DataCacheJMXInstrument.java -4.935833068478244 -2.9523351643019735 -4.935833068478244 -3.6733675146595512 -1.2624655538186929
/home/ashley/reuse/Git_Scripts/Repos/openjpa/1942/b/QueryCacheJMXInstrument.java -5.226049736027742 -3.4773715260758205 -5.226049736027742 -5.196186594679012 -0.029863141348729805
/home/ashley/reuse/Git_Scripts/Repos/openjpa/1269/b/InheritanceComparator.java -3.9394611963841695 -2.514356570042431 -3.9394611963841695 -3.4642246076140157 -0.47523658877015373
/home/ashley/reuse/Git_Scripts/Repos/openjpa/1346/b/TestStringCriteria.java -3.136382681220158 -2.0847130201805983 -3.136382681220158 -3.107549745437746 -0.028832935782411973
/home/ashley/reuse/Git_Scripts/Repos/openjpa/1063/b/MaxEmbeddedLobFieldStrategy.java -2.3967298386608404 -1.6017483722833958 -2.3967298386608404 -2.414495356332855 0.017765517672014397
/home/ashley/reuse/Git_Scripts/Repos/openjpa/553/b/TestParentChild.java -5.66229493495474 -3.7391671832088824 -5.66229493495474 -5.4982655335945205 -0.16402940136021904
/home/ashley/reuse/Git_Scripts/Repos/openjpa/2064/b/EntityManagerFactoryImpl.java -3.4254263004043115 -2.279869289805414 -3.4254263004043115 -3.406524499850272 -0.01890180055403956
/home/ashley/reuse/Git_Scripts/Repos/openjpa/2064/b/AutoDetachValue.java -3.9423795196886133 -2.4453910699955315 -3.9423795196886133 -3.2200180549009483 -0.722361464787665
/home/ashley/reuse/Git_Scripts/Repos/openjpa/1838/b/MappingInfo.java -0.9379981432370469 -0.6206385732414477 -0.9379981432370469 -0.9171896554590121 -0.02080848777803479
/home/ashley/reuse/Git_Scripts/Repos/openjpa/1838/b/SequenceMapping.java -4.943732900703084 -2.9985316194000045 -4.943732900703084 -3.810387018328464 -1.1333458823746203
/home/ashley/reuse/Git_Scripts/Repos/openjpa/1838/b/FieldMapping.java -0.7975526929602341 -0.5270569183694045 -0.7975526929602341 -0.7768415215351685 -0.020711171425065622
/home/ashley/reuse/Git_Scripts/Repos/openjpa/1838/b/FieldMappingInfo.java -3.0851290679070753 -1.8964862668519684 -3.0851290679070753 -2.4611703800157567 -0.6239586878913186
/home/ashley/reuse/Git_Scripts/Repos/openjpa/1838/b/ClassMappingInfo.java -1.0006296046823513 -0.5684691407405927 -1.0006296046823513 -0.6581201880258476 -0.3425094166565037
/home/ashley/reuse/Git_Scripts/Repos/openjpa/1838/b/TableJDBCSeq.java -0.7678150404470645 -0.4532686180616517 -0.7678150404470645 -0.5530752221952374 -0.21473981825182709
/home/ashley/reuse/Git_Scripts/Repos/openjpa/1838/b/Table.java -0.5387771341310178 -0.35579828180549977 -0.5387771341310178 -0.5236637200431886 -0.01511341408782918
/home/ashley/reuse/Git_Scripts/Repos/openjpa/1838/b/Unique.java -2.714579718165092 -1.178025160713153 -2.714579718165092 -1.040588891963285 -1.6739908262018068
/home/ashley/reuse/Git_Scripts/Repos/openjpa/991/b/XMLMetaData.java -4.261271622550194 -3.3225261413448295 -4.261271622550194 -7.541014388220849 3.2797427656706546
/home/ashley/reuse/Git_Scripts/Repos/openjpa/991/b/AbstractExpressionBuilder.java -3.493289114175509 -2.2275422574247083 -3.493289114175509 -3.073856781759198 -0.41943233241631095
/home/ashley/reuse/Git_Scripts/Repos/openjpa/991/b/Path.java -4.004390212645223 -2.3861777294529753 -4.004390212645223 -2.9523893940689354 -1.0520008185762877
/home/ashley/reuse/Git_Scripts/Repos/openjpa/991/b/MetaDataRepository.java -2.4352736033635676 -1.4007637613612185 -2.4352736033635676 -1.6487242914908355 -0.786549311872732
/home/ashley/reuse/Git_Scripts/Repos/openjpa/1267/b/DistributedStoreQuery.java -1.3152521313502252 -0.8911363334645134 -1.3152521313502252 -1.381779419389452 0.0665272880392267
/home/ashley/reuse/Git_Scripts/Repos/openjpa/1267/b/ReplicationPolicy.java -1.1902470514946748 -0.7966220423389555 -1.1902470514946748 -1.1902470514946748 0.0
/home/ashley/reuse/Git_Scripts/Repos/openjpa/704/b/DB2Dictionary.java -2.4492601064908928 -1.3171893014558582 -2.4492601064908928 -1.4245640412781075 -1.0246960652127852
/home/ashley/reuse/Git_Scripts/Repos/openjpa/2430/b/Proxies.java -3.217374953932051 -1.9186180917943425 -3.217374953932051 -2.3764701364270833 -0.8409048175049678
/home/ashley/reuse/Git_Scripts/Repos/openjpa/1792/b/SelectImpl.java -0.86132162486546 -0.5691081122268553 -0.86132162486546 -0.8387447923285916 -0.022576832536868485
/home/ashley/reuse/Git_Scripts/Repos/openjpa/2039/b/DBDictionary.java -2.441846621523872 -1.5665680849467114 -2.441846621523872 -2.1852009536149675 -0.2566456679089044
/home/ashley/reuse/Git_Scripts/Repos/openjpa/2656/b/PrimaryRow.java -3.5719619036965935 -2.3342015714470232 -3.5719619036965935 -3.368050692658796 -0.20391121103779764
/home/ashley/reuse/Git_Scripts/Repos/openjpa/617/b/DBDictionary.java -2.4372257265567048 -1.5325850004981365 -2.4372257265567048 -2.064420954807855 -0.37280477174884963
/home/ashley/reuse/Git_Scripts/Repos/openjpa/1702/b/ResultPacker.java -3.444045796411602 -2.18750982601475 -3.444045796411602 -2.9978783729190606 -0.44616742349254146
/home/ashley/reuse/Git_Scripts/Repos/openjpa/2298/b/DetachedStateManager.java -1.0852659007351009 -0.7007000975438884 -1.0852659007351009 -0.9887071551809754 -0.09655874555412547
/home/ashley/reuse/Git_Scripts/Repos/openjpa/2298/b/OpenJPAConfiguration.java -3.5720550853013564 -2.1184389294590895 -3.5720550853013564 -2.6017935702800936 -0.9702615150212628
/home/ashley/reuse/Git_Scripts/Repos/openjpa/2298/b/StoreContext.java -0.7548681573993031 -0.4585067636413033 -0.7548681573993031 -0.5831726549320106 -0.17169550246729248
/home/ashley/reuse/Git_Scripts/Repos/openjpa/2298/b/AbstractBrokerFactory.java -1.0064371907501959 -0.5852766890724349 -1.0064371907501959 -0.6993108617915076 -0.3071263289586883
/home/ashley/reuse/Git_Scripts/Repos/openjpa/2298/b/StateManagerImpl.java -1.161595106468354 -0.7364951706974038 -1.161595106468354 -1.006182971700366 -0.15541213476798799
/home/ashley/reuse/Git_Scripts/Repos/openjpa/2298/b/BrokerImpl.java -0.9519315343577102 -0.6139487906138489 -0.9519315343577102 -0.8645610426821582 -0.087370491675552
/home/ashley/reuse/Git_Scripts/Repos/openjpa/2298/b/DelegatingBroker.java -1.8761916214485796 -1.2005676396608485 -1.8761916214485796 -1.6669737955081017 -0.209217825940478
/home/ashley/reuse/Git_Scripts/Repos/openjpa/2298/b/OpenJPAConfigurationImpl.java -3.2251411936462246 -1.9123245346101658 -3.2251411936462246 -2.3489634252204405 -0.8761777684257841
/home/ashley/reuse/Git_Scripts/Repos/openjpa/222/b/DistributedBrokerImpl.java -3.2847215570078285 -2.0727384523889762 -3.2847215570078285 -2.808772106910776 -0.4759494500970525
/home/ashley/reuse/Git_Scripts/Repos/openjpa/3117/b/ExpressionStoreQuery.java -3.713893203437516 -2.469932909929536 -3.713893203437516 -3.6862088854539063 -0.027684317983609485
/home/ashley/reuse/Git_Scripts/Repos/openjpa/3117/b/TestBulkUpdatesDataCacheEviction.java -3.9710531854590245 -2.0491652655734067 -3.9710531854590245 -2.1170184200625926 -1.854034765396432
/home/ashley/reuse/Git_Scripts/Repos/openjpa/3117/b/AbstractStoreQuery.java -3.1101925480656556 -2.0560109881627593 -3.1101925480656556 -3.032964290664477 -0.07722825740117845
/home/ashley/reuse/Git_Scripts/Repos/openjpa/2466/b/MapTableFieldStrategy.java -2.7592514106092674 -1.4004166201316142 -2.7592514106092674 -1.4218437596746114 -1.337407650934656
/home/ashley/reuse/Git_Scripts/Repos/openjpa/2466/b/ProxyManagerImpl.java -2.728603874836844 -1.714354933325398 -2.728603874836844 -2.306039140127883 -0.42256473470896116
/home/ashley/reuse/Git_Scripts/Repos/openjpa/2466/b/ProxyCollections.java -4.023794565082237 -2.6825297100548244 -4.023794565082237 -4.023794565082237 0.0
/home/ashley/reuse/Git_Scripts/Repos/openjpa/3089/b/TestIsolationLevelOverride.java -2.853339285967768 -1.4033511198444744 -2.853339285967768 -1.3807826076832328 -1.4725566782845354
/home/ashley/reuse/Git_Scripts/Repos/openjpa/3089/b/DBDictionary.java -2.419577309950383 -1.5793350915560513 -2.419577309950383 -2.2739415305980604 -0.14563577935232264
/home/ashley/reuse/Git_Scripts/Repos/openjpa/3089/b/DB2Dictionary.java -2.4938008984157976 -1.3349779047613655 -2.4938008984157976 -1.4364441836627508 -1.0573567147530467
/home/ashley/reuse/Git_Scripts/Repos/openjpa/871/b/TestM2MInDataCache.java -4.152376631049366 -2.156482891263207 -4.152376631049366 -2.243237950107129 -1.9091386809422368
/home/ashley/reuse/Git_Scripts/Repos/openjpa/167/b/TestJPQLScalarExpressions.java -3.5633939079074146 -2.3421434769546154 -3.5633939079074146 -3.4169813109968667 -0.14641259691054787
/home/ashley/reuse/Git_Scripts/Repos/openjpa/1033/b/PCEnhancer.java -1.9328859274344083 -1.2886111398627087 -1.9328859274344083 -1.9328859274344083 0.0
/home/ashley/reuse/Git_Scripts/Repos/openjpa/2360/b/Configurations.java -3.4048206309413365 -2.250957663280625 -3.4048206309413365 -3.3201470037557272 -0.08467362718560922
/home/ashley/reuse/Git_Scripts/Repos/openjpa/2968/b/BrokerImpl.java -1.918002451356754 -1.2462682164561478 -1.918002451356754 -1.7791599966651002 -0.1388424546916538
/home/ashley/reuse/Git_Scripts/Repos/openjpa/1520/b/QueryCacheStoreQuery.java -3.544892743384899 -2.261075134389051 -3.544892743384899 -3.121654034023187 -0.42323870936171204
/home/ashley/reuse/Git_Scripts/Repos/openjpa/1421/b/TableJDBCSeq.java -3.217974011944626 -2.146569113107922 -3.217974011944626 -3.2228118581164296 0.004837846171803495
/home/ashley/reuse/Git_Scripts/Repos/openjpa/1421/b/Table.java -3.335252783486053 -2.2292011268093983 -3.335252783486053 -3.36013609761811 0.0248833141320568
/home/ashley/reuse/Git_Scripts/Repos/openjpa/316/b/ColumnVersionStrategy.java -2.90393312631042 -1.6936061598093397 -2.90393312631042 -2.031731576059753 -0.8722015502506673
/home/ashley/reuse/Git_Scripts/Repos/openjpa/2315/b/Options.java -3.4253379228757392 -2.286581194489739 -3.4253379228757392 -3.4378350098248713 0.012497086949132097
/home/ashley/reuse/Git_Scripts/Repos/openjpa/323/b/MetaDataRepository.java -2.5344458262724148 -1.3241523729925506 -2.5344458262724148 -1.3864374982716094 -1.1480083280008053
/home/ashley/reuse/Git_Scripts/Repos/openjpa/2628/b/TableJDBCSeq.java -3.149555827270644 -2.071422011998692 -3.149555827270644 -3.0248678240862885 -0.12468800318435536
/home/ashley/reuse/Git_Scripts/Repos/openjpa/2628/b/Table.java -3.2515446479893555 -2.0845467984335815 -3.2515446479893555 -2.903257691290256 -0.34828695669909937
/home/ashley/reuse/Git_Scripts/Repos/openjpa/3011/b/LoggingConnectionDecorator.java -2.9169509480709324 -1.834268573663486 -2.9169509480709324 -2.470691407546337 -0.44625954052459527
/home/ashley/reuse/Git_Scripts/Repos/openjpa/37/b/XMLPersistenceMetaDataParser.java -2.309131407992825 -1.4958927110962197 -2.309131407992825 -2.123524157587666 -0.1856072504051589
/home/ashley/reuse/Git_Scripts/Repos/openjpa/307/b/TestMethodQLQuery.java -3.7753658833353403 -2.4534871125123567 -3.7753658833353403 -3.5036539447619637 -0.2717119385733766
/home/ashley/reuse/Git_Scripts/Repos/openjpa/2885/b/Compatibility.java -4.1585803260607515 -1.5136595056542965 -4.1585803260607515 -1.1881658074459291 -2.970414518614822
/home/ashley/reuse/Git_Scripts/Repos/openjpa/2885/b/MetaDataRepository.java -2.5344458262724148 -1.354522840263022 -2.5344458262724148 -1.4547410296268035 -1.0797047966456113
/home/ashley/reuse/Git_Scripts/Repos/openjpa/1764/b/PCEnhancer.java -1.9104293835013113 -1.2745291046646807 -1.9104293835013113 -1.914453379550345 0.004023996049033585
/home/ashley/reuse/Git_Scripts/Repos/openjpa/1521/b/TestEntityManagerMethodsThrowAfterClose.java -3.9312017590781103 -2.632245719324499 -3.9312017590781103 -3.978774057592807 0.04757229851469669
/home/ashley/reuse/Git_Scripts/Repos/openjpa/2137/b/ClassMappingInfo.java -2.6697016001498404 -1.5686716719283984 -2.6697016001498404 -1.901803559246526 -0.7678980409033143
/home/ashley/reuse/Git_Scripts/Repos/openjpa/2137/b/AnnotationPersistenceMappingParser.java -1.9867937254003638 -1.2116858507757409 -1.9867937254003638 -1.5527827238008918 -0.43401100159947203
/home/ashley/reuse/Git_Scripts/Repos/openjpa/997/b/AbstractDataCache.java -3.482569542190928 -2.3646496756506976 -3.482569542190928 -3.6816571662926374 0.19908762410170944
/home/ashley/reuse/Git_Scripts/Repos/openjpa/997/b/TestStatistics.java -3.8317740803045255 -2.342815828105161 -3.8317740803045255 -3.0110035376594144 -0.8207705426451111
/home/ashley/reuse/Git_Scripts/Repos/openjpa/939/b/PCDataGenerator.java -1.0268643898210283 -0.6860194770787834 -1.0268643898210283 -1.0332467384133492 0.006382348592320897
/home/ashley/reuse/Git_Scripts/Repos/openjpa/1832/b/PCPath.java -0.8757954666291373 -0.5799759325013778 -0.8757954666291373 -0.8585306814446919 -0.017264785184445408
/home/ashley/reuse/Git_Scripts/Repos/openjpa/831/b/JDBCStoreManager.java -2.707633593684547 -1.8526942325500075 -2.707633593684547 -2.933450173530282 0.225816579845735
/home/ashley/reuse/Git_Scripts/Repos/openjpa/1438/b/DataCacheStoreManager.java -0.5448748960472924 -0.34241462181110266 -0.5448748960472924 -0.4606450796928786 -0.08422981635441384
/home/ashley/reuse/Git_Scripts/Repos/openjpa/1438/b/BrokerImpl.java -0.9519315343577115 -0.640128989472259 -0.9519315343577115 -0.9771552239239109 0.02522368956619936
/home/ashley/reuse/Git_Scripts/Repos/openjpa/31/b/DistributedStoreQuery.java -1.380083249951717 -0.9202322977195345 -1.380083249951717 -1.380083249951717 0.0
/home/ashley/reuse/Git_Scripts/Repos/openjpa/31/b/DistributedBrokerImpl.java -3.2918552909192287 -2.0698787056537573 -3.2918552909192287 -2.787999889247918 -0.5038554016713106
/home/ashley/reuse/Git_Scripts/Repos/openjpa/31/b/DistributedQueryImpl.java -3.5140239882197752 -2.3426826588131835 -3.5140239882197752 -3.5140239882197752 0.0
/home/ashley/reuse/Git_Scripts/Repos/openjpa/31/b/DistributedJDBCConfigurationImpl.java -3.149123486883601 -2.0075760910366 -3.149123486883601 -2.769094407726486 -0.38002907915711504
/home/ashley/reuse/Git_Scripts/Repos/openjpa/1552/b/QueryImpl.java -3.307942430423736 -2.2030725741198327 -3.307942430423736 -3.2979618385159895 -0.009980591907746472
/home/ashley/reuse/Git_Scripts/Repos/openjpa/1552/b/DistributedStoreQuery.java -1.589879651160421 -0.9961555234559225 -1.589879651160421 -1.333756977551941 -0.25612267360848007
/home/ashley/reuse/Git_Scripts/Repos/openjpa/1552/b/JDBCStoreQuery.java -3.105215807663824 -2.0723895707217768 -3.105215807663824 -3.1149017211429966 0.00968591347917247
/home/ashley/reuse/Git_Scripts/Repos/openjpa/3128/b/ConfigurationImpl.java -3.260331622365143 -2.1536814200594088 -3.260331622365143 -3.1718854332779816 -0.08844618908716129
/home/ashley/reuse/Git_Scripts/Repos/openjpa/169/b/AbstractPCData.java -3.0768979752294716 -2.0464221549746324 -3.0768979752294716 -3.055206178224058 -0.021691797005413793
/home/ashley/reuse/Git_Scripts/Repos/openjpa/2072/b/QueryImpl.java -2.627896011759505 -1.7365151354449455 -2.627896011759505 -2.559074936445183 -0.06882107531432213
/home/ashley/reuse/Git_Scripts/Repos/openjpa/2073/b/TemporaryClassLoader.java -3.7397091265406863 -2.494882871832038 -3.7397091265406863 -3.7397091265406863 0.0
/home/ashley/reuse/Git_Scripts/Repos/openjpa/2596/b/DBDictionary.java -2.428773823770085 -1.435232645269192 -2.428773823770085 -1.754258180375448 -0.6745156433946371
/home/ashley/reuse/Git_Scripts/Repos/openjpa/2596/b/DB2Dictionary.java -1.7937300202562623 -0.47092172085653583 -1.7937300202562623 -0.3192259631070963 -1.4745040571491659
/home/ashley/reuse/Git_Scripts/Repos/openjpa/2164/b/JDBCStoreManager.java -0.6300974579456065 -0.3754432972763278 -0.6300974579456065 -0.46448459077753046 -0.165612867168076
/home/ashley/reuse/Git_Scripts/Repos/openjpa/180/b/DataCacheScheduler.java -3.9276960203356377 -2.6059700868223894 -3.9276960203356377 -3.872004808106998 -0.055691212228639486
/home/ashley/reuse/Git_Scripts/Repos/openjpa/2110/b/RelationToManyTableFieldStrategy.java -2.662799043199064 -1.776449942873909 -2.662799043199064 -2.667023473198851 0.004224429999787116
/home/ashley/reuse/Git_Scripts/Repos/openjpa/2679/b/DistributedJDBCStoreManager.java -0.734191014065052 -0.4865258685254531 -0.734191014065052 -0.7209035820895411 -0.013287431975510966
/home/ashley/reuse/Git_Scripts/Repos/openjpa/2679/b/SliceInfo.java -3.5414404952352583 -2.403347409692868 -3.5414404952352583 -3.7288704935903274 0.18742999835506913
/home/ashley/reuse/Git_Scripts/Repos/openjpa/2679/b/SliceImplHelper.java -3.3263006276005544 -2.3011598620071454 -3.3263006276005544 -3.733316316209905 0.40701568860935033
/home/ashley/reuse/Git_Scripts/Repos/openjpa/2679/b/DistributedStoreQuery.java -1.3431334785418731 -0.8980102448054528 -1.3431334785418731 -1.35484685190125 0.011713373359376833
/home/ashley/reuse/Git_Scripts/Repos/openjpa/2679/b/DistributedConfiguration.java -4.405332697884543 -2.987775146585061 -4.405332697884543 -4.642542920078326 0.23721022219378352
/home/ashley/reuse/Git_Scripts/Repos/openjpa/2679/b/ClassMetaData.java -3.2802996787060916 -2.1249313120028344 -3.2802996787060916 -3.0162789156444765 -0.26402076306161515
/home/ashley/reuse/Git_Scripts/Repos/openjpa/2679/b/DistributedQueryImpl.java -3.5140239882197752 -2.3160612649630337 -3.5140239882197752 -3.368816385400776 -0.14520760281899925
/home/ashley/reuse/Git_Scripts/Repos/openjpa/2679/b/ReplicationPolicy.java -1.1902470514946748 -0.7966220423389556 -1.1902470514946748 -1.1902470514946748 0.0
/home/ashley/reuse/Git_Scripts/Repos/openjpa/2679/b/AnnotationPersistenceMetaDataParser.java -3.14570540994774 -2.036695382896957 -3.14570540994774 -2.888541820236025 -0.25716358971171527
/home/ashley/reuse/Git_Scripts/Repos/openjpa/2679/b/DistributedJDBCConfigurationImpl.java -3.2974012789437195 -2.1252695562079866 -3.2974012789437195 -2.9884313690708986 -0.3089699098728209
/home/ashley/reuse/Git_Scripts/Repos/openjpa/1833/b/RelationFieldStrategy.java -2.233951143702489 -1.4903387473878047 -2.233951143702489 -2.2386285958459196 0.004677452143430738
/home/ashley/reuse/Git_Scripts/Repos/openjpa/1833/b/RelationToManyInverseKeyFieldStrategy.java -2.802319922160998 -1.871084805082597 -2.802319922160998 -2.8152816239286254 0.012961701767627343
/home/ashley/reuse/Git_Scripts/Repos/openjpa/662/b/Configurations.java -3.42201313424897 -2.266011603245867 -3.42201313424897 -3.35303947526787 -0.06897365898110008
/home/ashley/reuse/Git_Scripts/Repos/openjpa/662/b/ObjectValue.java -3.131188865969345 -2.0874592439795636 -3.131188865969345 -3.131188865969345 0.0
/home/ashley/reuse/Git_Scripts/Repos/openjpa/662/b/PluginValue.java -4.519771092262354 -3.013180728174903 -4.519771092262354 -4.519771092262354 0.0
/home/ashley/reuse/Git_Scripts/Repos/openjpa/662/b/ProductDerivations.java -3.4534108814956475 -2.2565989528086154 -3.4534108814956475 -3.254414816295418 -0.1989960652002294
/home/ashley/reuse/Git_Scripts/Repos/openjpa/662/b/ProductDerivation.java -4.606479905844466 -2.987137140308698 -4.606479905844466 -4.248695058788585 -0.3577848470558811
/home/ashley/reuse/Git_Scripts/Repos/openjpa/1210/b/MappingInfo.java -2.802635698693192 -1.8660124111325005 -2.802635698693192 -2.791512935542742 -0.011122763150450243
/home/ashley/reuse/Git_Scripts/Repos/openjpa/1210/b/ClassMappingInfo.java -0.8826948200697595 -0.5860127419380439 -0.8826948200697595 -0.8717587780511962 -0.010936042018563352
/home/ashley/reuse/Git_Scripts/Repos/openjpa/1210/b/UniqueA.java -3.8328543334629224 -2.4084194711490734 -3.8328543334629224 -3.24027488059201 -0.5925794528709125
/home/ashley/reuse/Git_Scripts/Repos/openjpa/1210/b/XMLPersistenceMappingParser.java -3.2449005396204886 -2.1530036861807096 -3.2449005396204886 -3.1984765470485987 -0.046423992571889894
/home/ashley/reuse/Git_Scripts/Repos/openjpa/1210/b/AnnotationPersistenceMappingParser.java -1.935607864117862 -1.290048974042109 -1.935607864117862 -1.9338276674250285 -0.001780196692833469
/home/ashley/reuse/Git_Scripts/Repos/openjpa/1210/b/Unique.java -3.3420538056795346 -1.8284792857821162 -3.3420538056795346 -2.018690218195692 -1.3233635874838425
/home/ashley/reuse/Git_Scripts/Repos/openjpa/2453/b/MappingDefaultsImpl.java -3.4244308752495973 -2.280900439057636 -3.4244308752495973 -3.4152068190199687 -0.00922405622962863
/home/ashley/reuse/Git_Scripts/Repos/openjpa/1204/b/TestDefaultInheritanceStrategy.java -3.886710764169423 -2.498485340775851 -3.886710764169423 -3.4975911348656754 -0.38911962930374777
/home/ashley/reuse/Git_Scripts/Repos/openjpa/83/b/XMLMetaDataParser.java -3.8063857814082964 -2.524193506857163 -3.8063857814082964 -3.746729123519252 -0.059656657889044507
/home/ashley/reuse/Git_Scripts/Repos/openjpa/1824/b/DataSourceFactory.java -1.533620941451692 -1.014133333365864 -1.533620941451692 -1.4959001171714326 -0.03772082428025936
/home/ashley/reuse/Git_Scripts/Repos/openjpa/1824/b/SimpleDriverDataSource.java -3.658579710270861 -2.3652223424237566 -3.658579710270861 -3.3401994912091215 -0.3183802190617393
/home/ashley/reuse/Git_Scripts/Repos/openjpa/1824/b/MappingRepository.java -2.692335217469809 -1.7587782011736075 -2.692335217469809 -2.536117456180898 -0.1562177612889113
/home/ashley/reuse/Git_Scripts/Repos/openjpa/1824/b/MetaDataRepository.java -2.4958895294428047 -1.6309773162695556 -2.4958895294428047 -2.352964443790759 -0.14292508565204587
/home/ashley/reuse/Git_Scripts/Repos/openjpa/3071/b/LoggingConnectionDecorator.java -3.0500814276075254 -1.9792031518125264 -3.0500814276075254 -2.818312322166224 -0.23176910544130136
/home/ashley/reuse/Git_Scripts/Repos/openjpa/1987/b/DBDictionary.java -2.428773823770085 -1.608029209564297 -2.428773823770085 -2.3792658425341893 -0.04950798123589584
/home/ashley/reuse/Git_Scripts/Repos/openjpa/1987/b/DB2Dictionary.java -1.7937300202562623 -0.7627134307170436 -1.7937300202562623 -0.6634723395388028 -1.1302576807174596
/home/ashley/reuse/Git_Scripts/Repos/openjpa/829/b/TestSerializedFactory.java -0.7831380942688829 -0.5056182841638904 -0.7831380942688829 -0.7134066201216537 -0.06973147414722924
/home/ashley/reuse/Git_Scripts/Repos/openjpa/1948/b/JDBCStoreManager.java -2.7028541341983 -1.7841042749679137 -2.7028541341983 -2.624036301250313 -0.07881783294798694
/home/ashley/reuse/Git_Scripts/Repos/openjpa/2737/b/ConfigurationImpl.java -3.1108800923368722 -2.039407236337955 -3.1108800923368722 -2.9605749395194736 -0.15030515281739865
/home/ashley/reuse/Git_Scripts/Repos/openjpa/1744/b/Table.java -3.5107737023873433 -2.3405158015915624 -3.5107737023873433 -3.5107737023873433 0.0
/home/ashley/reuse/Git_Scripts/Repos/openjpa/2346/b/ConfigurationImpl.java -2.9928375540098107 -1.9553698406826867 -2.9928375540098107 -2.820378993966869 -0.17245856004294158
/home/ashley/reuse/Git_Scripts/Repos/openjpa/1570/b/DB2Dictionary.java -0.47386155059881657 -0.32776685528640187 -0.47386155059881657 -0.5315597186769109 0.0576981680780943
/home/ashley/reuse/Git_Scripts/Repos/openjpa/526/b/PCEnhancer.java -0.8879811347766725 -0.562141879037367 -0.8879811347766725 -0.7659504143806986 -0.12203072039597396
/home/ashley/reuse/Git_Scripts/Repos/openjpa/526/b/StateManagerImpl.java -1.4569741565581864 -0.9278535982203763 -1.4569741565581864 -1.2774581259168678 -0.1795160306413186
/home/ashley/reuse/Git_Scripts/Repos/openjpa/526/b/BrokerImpl.java -1.9805540751342916 -1.2926395833180597 -1.9805540751342916 -1.8607246583663561 -0.11982941676793546
/home/ashley/reuse/Git_Scripts/Repos/openjpa/526/b/ProxyManagerImpl.java -2.751452451790662 -1.7918591664281815 -2.751452451790662 -2.568683094655635 -0.18276935713502684
/home/ashley/reuse/Git_Scripts/Repos/openjpa/526/b/FieldMetaData.java -3.355929169866002 -2.020874941462918 -3.355929169866002 -2.5399392101168785 -0.8159899597491234
/home/ashley/reuse/Git_Scripts/Repos/openjpa/526/b/MetaDataRepository.java -2.4312783849655095 -1.4023439013267414 -2.4312783849655095 -1.6568053990796625 -0.774472985885847
/home/ashley/reuse/Git_Scripts/Repos/openjpa/2029/b/WASRegistryManagedRuntime.java -7.855652773167381 -5.237101848778254 -7.855652773167381 -7.855652773167381 0.0
/home/ashley/reuse/Git_Scripts/Repos/openjpa/2312/b/TestJPQLSubquery.java -2.230247361097687 -1.4111313906291338 -2.230247361097687 -1.9209186023864928 -0.30932875871119436
/home/ashley/reuse/Git_Scripts/Repos/openjpa/2312/b/TestTypesafeCriteria.java -2.5789795943324045 -1.3152478908403888 -2.5789795943324045 -1.3420560165552289 -1.2369235777771757
/home/ashley/reuse/Git_Scripts/Repos/openjpa/2222/b/TestDataCacheStoreLazyFk.java -3.2106925040552614 -2.142496328751705 -3.2106925040552614 -3.2106925040552614 0.0
/home/ashley/reuse/Git_Scripts/Repos/openjpa/2222/b/ContactInfo.java -5.507433805917496 -3.6716225372783304 -5.507433805917496 -5.507433805917496 0.0
/home/ashley/reuse/Git_Scripts/Repos/openjpa/2222/b/DataCacheStoreManager.java -3.480706653924198 -2.308555975003212 -3.480706653924198 -3.4276336172696995 -0.05307303665449847
/home/ashley/reuse/Git_Scripts/Repos/openjpa/2222/b/Phone.java -4.287222692247437 -2.8625865802273256 -4.287222692247437 -4.287222692247437 0.0
/home/ashley/reuse/Git_Scripts/Repos/openjpa/2222/b/Person.java -4.9437111677497425 -3.295807445166495 -4.9437111677497425 -4.9437111677497425 0.0
/home/ashley/reuse/Git_Scripts/Repos/openjpa/2222/b/TestJPAEmbeddableDataCache.java -0.7325375235489416 -0.48869985836761565 -0.7325375235489416 -0.7325375235489416 0.0
/home/ashley/reuse/Git_Scripts/Repos/openjpa/2222/b/TestStatistics.java -4.0949981014621555 -2.72556691818098 -4.0949981014621555 -4.07511946990166 -0.01987863156049574
/home/ashley/reuse/Git_Scripts/Repos/openjpa/2077/b/QueryImpl.java -2.3178449840047786 -1.5243091689016592 -2.3178449840047786 -2.2261833013498444 -0.09166168265493413
/home/ashley/reuse/Git_Scripts/Repos/openjpa/1965/b/TestQuery.java -3.167049169908771 -1.7463769103353508 -3.167049169908771 -1.9465649121234152 -1.2204842577853559
/home/ashley/reuse/Git_Scripts/Repos/openjpa/3038/b/Configurations.java -3.3722653976071086 -2.1983316374801083 -3.3722653976071086 -3.1574855265842 -0.21477987102290852
/home/ashley/reuse/Git_Scripts/Repos/openjpa/3094/b/TestMultipleSchemaNames.java -4.245522418780742 -2.810853844203522 -4.245522418780742 -4.158989477761007 -0.08653294101973508
/home/ashley/reuse/Git_Scripts/Repos/openjpa/2179/b/TestPreparedQueryCache.java -3.227055578788872 -2.044525624475742 -3.227055578788872 -2.7893757515796413 -0.4376798272092306
/home/ashley/reuse/Git_Scripts/Repos/openjpa/2026/b/RemoteEventBase.java -5.75448910480602 -3.979396301565378 -5.75448910480602 -6.444630593648157 0.6901414888421371
/home/ashley/reuse/Git_Scripts/Repos/openjpa/253/b/AbstractPCData.java -3.072902246425254 -2.0373762839312644 -3.072902246425254 -3.0229363562394775 -0.04996589018577646
/home/ashley/reuse/Git_Scripts/Repos/openjpa/3122/b/AnnotationPersistenceMappingParser.java -2.0513248593861473 -1.1458025702446883 -2.0513248593861473 -1.2977290219558446 -0.7535958374303027
/home/ashley/reuse/Git_Scripts/Repos/openjpa/2556/b/DB2Dictionary.java -2.3411175848495454 -1.5564342498260713 -2.3411175848495454 -2.3213085293553832 -0.01980905549416212
/home/ashley/reuse/Git_Scripts/Repos/openjpa/874/b/DBDictionary.java -2.4423300541247435 -1.4777869480025445 -2.4423300541247435 -1.8708839365751622 -0.5714461175495813
/home/ashley/reuse/Git_Scripts/Repos/openjpa/874/b/SQLBuffer.java -1.2883724102481278 -0.8208354785755768 -1.2883724102481278 -1.130971386759092 -0.15740102348903573
/home/ashley/reuse/Git_Scripts/Repos/openjpa/874/b/MySQLDictionary.java -2.888972885275009 -1.4597293163338656 -2.888972885275009 -1.475297320334917 -1.4136755649400923
/home/ashley/reuse/Git_Scripts/Repos/openjpa/32/b/EntityD.java -3.6533745946248373 -1.9518028656214885 -3.6533745946248373 -2.087642625499907 -1.56573196912493
/home/ashley/reuse/Git_Scripts/Repos/openjpa/32/b/EntityB.java -4.423617053655228 -2.952999682094314 -4.423617053655228 -4.423617053655228 0.0
/home/ashley/reuse/Git_Scripts/Repos/openjpa/32/b/EntityC.java -4.527316451667476 -3.0182109677783173 -4.527316451667476 -4.527316451667476 0.0
/home/ashley/reuse/Git_Scripts/Repos/openjpa/32/b/EntityA.java -4.352547598031373 -2.9055570401751987 -4.352547598031373 -4.352547598031373 0.0
/home/ashley/reuse/Git_Scripts/Repos/openjpa/3007/b/DB2Dictionary.java -2.240266727850187 -1.486833322099638 -2.240266727850187 -2.2104828349365717 -0.029783892913615162
/home/ashley/reuse/Git_Scripts/Repos/openjpa/2684/b/WASManagedRuntime.java -1.1070876073406957 -0.7410832344220503 -1.1070876073406957 -1.120811833877977 0.013724226537281226
/home/ashley/reuse/Git_Scripts/Repos/openjpa/2096/b/SchemaTool.java -1.918085116516099 -1.272875226659461 -1.918085116516099 -1.892006822756585 -0.026078293759514093
/home/ashley/reuse/Git_Scripts/Repos/openjpa/2096/b/DBDictionary.java -2.4523573977205895 -1.5909927518007958 -2.4523573977205895 -2.2647380332047082 -0.18761936451588124
/home/ashley/reuse/Git_Scripts/Repos/openjpa/2096/b/DB2Dictionary.java -2.3459636367918058 -1.4942168051101972 -2.3459636367918058 -2.057356511000195 -0.28860712579161074
/home/ashley/reuse/Git_Scripts/Repos/openjpa/2096/b/SchemaGroup.java -3.0749489545048307 -1.9987639388613994 -3.0749489545048307 -2.8542523993456217 -0.22069655515920905
/home/ashley/reuse/Git_Scripts/Repos/openjpa/495/b/GrandChild.java -4.771401843321832 -2.9821261520761446 -4.771401843321832 -3.9761682027681933 -0.7952336405536387
/home/ashley/reuse/Git_Scripts/Repos/openjpa/495/b/Parent.java -5.297663987406684 -3.520427097029892 -5.297663987406684 -5.236887727512918 -0.06077625989376667
/home/ashley/reuse/Git_Scripts/Repos/openjpa/495/b/TestMergeNew.java -5.573922925165816 -2.9264645391304396 -5.573922925165816 -3.0806693450565166 -2.493253580109299
/home/ashley/reuse/Git_Scripts/Repos/openjpa/2965/b/ClassMetaData.java -3.263213421754137 -2.1019102278362234 -3.263213421754137 -2.952859347153102 -0.3103540746010349
/home/ashley/reuse/Git_Scripts/Repos/openjpa/1467/b/ClassAnnotationMetaDataFilter.java -4.507042982461363 -2.886058016134368 -4.507042982461363 -4.0122480463433225 -0.4947949361180406
/home/ashley/reuse/Git_Scripts/Repos/openjpa/3118/b/PreparedQueryCacheImpl.java -3.548154633266515 -2.306988138490147 -3.548154633266515 -3.296001512120671 -0.2521531211458439
/home/ashley/reuse/Git_Scripts/Repos/openjpa/1178/b/SQLBuffer.java -2.610471289383327 -1.711175904829713 -2.610471289383327 -2.4835975183280787 -0.12687377105524833
/home/ashley/reuse/Git_Scripts/Repos/openjpa/1706/b/SybaseDictionary.java -2.8040900831404016 -1.8269071753793527 -2.8040900831404016 -2.6199764688009988 -0.18411361433940288
/home/ashley/reuse/Git_Scripts/Repos/openjpa/1745/b/TestDetachMerge.java -4.418627588711727 -3.0017120549455045 -4.418627588711727 -4.680394625957682 0.2617670372459546
/home/ashley/reuse/Git_Scripts/Repos/openjpa/2497/b/OpenJPAConfiguration.java -3.578350122912056 -2.2782090638046353 -3.578350122912056 -3.133834579693167 -0.444515543218889
/home/ashley/reuse/Git_Scripts/Repos/openjpa/2497/b/PCEnhancerAgent.java -3.359816452765194 -2.2435256443546083 -3.359816452765194 -3.3707783335246235 0.010961880759429388
/home/ashley/reuse/Git_Scripts/Repos/openjpa/2250/b/Reflection.java -3.5709416387477657 -2.4935205989596136 -3.5709416387477657 -4.131175301198004 0.5602336624502384
/home/ashley/reuse/Git_Scripts/Repos/openjpa/2250/b/AbstractBrokerFactory.java -2.4523199544713745 -1.6375564059239318 -2.4523199544713745 -2.4637645381323763 0.011444583661001761
/home/ashley/reuse/Git_Scripts/Repos/openjpa/2121/b/QueryImpl.java -3.322502661299399 -2.2125941635754693 -3.322502661299399 -3.3113926207690714 -0.011110040530327492
/home/ashley/reuse/Git_Scripts/Repos/openjpa/2843/b/DerbyDictionary.java -2.4345357970760158 -1.2230782465023897 -2.4345357970760158 -1.2289443292194275 -1.2055914678565882
/home/ashley/reuse/Git_Scripts/Repos/openjpa/696/b/PCEnhancer.java -1.9056329097480098 -1.2269089872529984 -1.9056329097480098 -1.722315918681845 -0.18331699106616473
/home/ashley/reuse/Git_Scripts/Repos/openjpa/696/b/StateManagerImpl.java -1.490860919257347 -0.9694726637714739 -1.490860919257347 -1.3860581740168962 -0.10480274524045075
/home/ashley/reuse/Git_Scripts/Repos/openjpa/696/b/BrokerImpl.java -1.9512522891091209 -1.2678434731845476 -1.9512522891091209 -1.8098846810737985 -0.14136760803532233
/home/ashley/reuse/Git_Scripts/Repos/openjpa/696/b/AccessCode.java -6.888983177706477 -3.8003914385550552 -6.888983177706477 -4.238312295703183 -2.6506708820032934
/home/ashley/reuse/Git_Scripts/Repos/openjpa/696/b/FieldMetaData.java -3.436964063046625 -2.1538017106912983 -3.436964063046625 -2.8844904407406045 -0.5524736223060205
/home/ashley/reuse/Git_Scripts/Repos/openjpa/2322/b/Unique.java -3.7204090861917485 -3.3010566169389217 -3.7204090861917485 -14.643148582831627 10.922739496639878
/home/ashley/reuse/Git_Scripts/Repos/openjpa/864/b/TestJMXPlatformMBeans.java -4.469407460700675 -1.9917772549900699 -4.469407460700675 -1.7964876483561723 -2.672919812344503
/home/ashley/reuse/Git_Scripts/Repos/openjpa/2314/b/MappingInfo.java -0.9379981432370457 -0.6134415975649938 -0.9379981432370457 -0.8864512011440857 -0.05154694209295996
/home/ashley/reuse/Git_Scripts/Repos/openjpa/2314/b/ColumnVersionStrategy.java -2.890044784086171 -1.7739521359147457 -2.890044784086171 -2.29676323288149 -0.5932815512046812
/home/ashley/reuse/Git_Scripts/Repos/openjpa/2314/b/VersionMappingInfo.java -3.055408728951217 -1.3872651740193307 -3.055408728951217 -1.2691697797181978 -1.7862389492330193
/home/ashley/reuse/Git_Scripts/Repos/openjpa/1587/b/DerbyDictionary.java -1.4240369697991173 -0.9493579798660782 -1.4240369697991173 -1.4240369697991173 0.0
/home/ashley/reuse/Git_Scripts/Repos/openjpa/1587/b/SQLServerDictionary.java -2.4919304902187207 -1.6616316588304914 -2.4919304902187207 -2.4919304902187207 0.0
/home/ashley/reuse/Git_Scripts/Repos/openjpa/1587/b/MySQLDictionary.java -2.967718081106832 -1.978749374461655 -2.967718081106832 -2.967718081106832 0.0
/home/ashley/reuse/Git_Scripts/Repos/openjpa/1022/b/TestAttrOverridesXml.java -3.5512557473262256 -1.7774052789420547 -3.5512557473262256 -1.7791862461554235 -1.772069501170802
/home/ashley/reuse/Git_Scripts/Repos/openjpa/1022/b/XMLPersistenceMappingParser.java -3.2869370043392383 -2.052426682666284 -3.2869370043392383 -2.7323373055345885 -0.5545996988046498
/home/ashley/reuse/Git_Scripts/Repos/openjpa/1022/b/AnnotationPersistenceMappingParser.java -2.115049283619075 -1.3781227388138373 -2.115049283619075 -1.9775247147577615 -0.13752456886131337
/home/ashley/reuse/Git_Scripts/Repos/openjpa/1786/b/TestNamedUniqueConstraintWithXMLDescriptor.java -3.3092984964411856 -2.0436369662233287 -3.3092984964411856 -2.671727226484627 -0.6375712699565588
/home/ashley/reuse/Git_Scripts/Repos/openjpa/1786/b/TestNamedUniqueConstraint.java -3.274817963153394 -1.7391114027926409 -3.274817963153394 -1.851219410575968 -1.423598552577426
/home/ashley/reuse/Git_Scripts/Repos/openjpa/30/b/BrokerImpl.java -0.9519057532145565 -0.6289387363943515 -0.9519057532145565 -0.9268195332685906 -0.025086219945965937
/home/ashley/reuse/Git_Scripts/Repos/openjpa/3159/b/HintHandler.java -0.646457454586795 -0.4251952921309681 -0.646457454586795 -0.6211425017328709 -0.025314952853924155
/home/ashley/reuse/Git_Scripts/Repos/openjpa/3159/b/QueryImpl.java -2.291411772167472 -1.4475685147525048 -2.291411772167472 -1.9653979021436447 -0.3260138700238271
/home/ashley/reuse/Git_Scripts/Repos/openjpa/3159/b/ProductDerivations.java -3.4560780584948745 -2.2944414882418878 -3.4560780584948745 -3.4118225571456002 -0.04425550134927425
/home/ashley/reuse/Git_Scripts/Repos/openjpa/3159/b/ProductDerivation.java -2.921254848280886 -1.9664110305580076 -2.921254848280886 -3.000597572555182 0.07934272427429567
/home/ashley/reuse/Git_Scripts/Repos/openjpa/1053/b/PCEnhancer.java -2.1011953033506803 -1.271732078883924 -2.1011953033506803 -1.6107751329115096 -0.49042017043917063
/home/ashley/reuse/Git_Scripts/Repos/openjpa/1053/b/StateManagerImpl.java -1.161595106468354 -0.7524647462472557 -1.161595106468354 -1.0681917696824221 -0.09340333678593193
/home/ashley/reuse/Git_Scripts/Repos/openjpa/1241/b/OpenJPAConfiguration.java -3.5720550853013564 -2.1336847202468348 -3.5720550853013564 -2.6482739318078536 -0.9237811534935028
/home/ashley/reuse/Git_Scripts/Repos/openjpa/1241/b/AbstractCFMetaDataFactory.java -3.430764971612635 -2.1146328796507023 -3.430764971612635 -2.756109533242739 -0.6746554383698959
/home/ashley/reuse/Git_Scripts/Repos/openjpa/1241/b/OpenJPAConfigurationImpl.java -3.2251411936462246 -1.9463088284499614 -3.2251411936462246 -2.4542390969390038 -0.7709020967072209
/home/ashley/reuse/Git_Scripts/Repos/openjpa/322/b/SizedConcurrentHashMap.java -3.91304050472195 -2.61325432308354 -3.91304050472195 -3.9233109522409055 0.01027044751895545
/home/ashley/reuse/Git_Scripts/Repos/openjpa/322/b/NullSafeConcurrentHashMap.java -5.1093853404726035 -3.3990494097430943 -5.1093853404726035 -5.077088340848882 -0.032296999623721234
/home/ashley/reuse/Git_Scripts/Repos/openjpa/322/b/TestConcurrentMap.java -4.008635498801235 -2.679715408475587 -4.008635498801235 -4.037474603109158 0.028839104307922803
/home/ashley/reuse/Git_Scripts/Repos/openjpa/322/b/TestNullSafeConcurrentHashMap.java -4.283238392679406 -2.85648100564423 -4.283238392679406 -4.283238392679406 0.0
/home/ashley/reuse/Git_Scripts/Repos/openjpa/1997/b/DistributedStoreQuery.java -2.3500219149837704 -1.535621941356542 -2.3500219149837704 -2.215585297261816 -0.13443661772195448
/home/ashley/reuse/Git_Scripts/Repos/openjpa/2746/b/PersistenceUnitInfoImpl.java -3.2410288610145646 -2.156768072515585 -3.2410288610145646 -3.2234623089223446 -0.01756655209221991
/home/ashley/reuse/Git_Scripts/Repos/openjpa/2746/b/AbstractCFMetaDataFactory.java -3.2815176110523705 -2.1823813652196553 -3.2815176110523705 -3.2577957969965703 -0.023721814055800206
/home/ashley/reuse/Git_Scripts/Repos/openjpa/2746/b/FileMetaDataIterator.java -3.821072860506175 -2.5127236497659653 -3.821072860506175 -3.6692421508171877 -0.15183070968898704
/home/ashley/reuse/Git_Scripts/Repos/openjpa/2746/b/PersistenceProductDerivation.java -3.3469920727769575 -2.2214248679830835 -3.3469920727769575 -3.3015749168704476 -0.045417155906509965
/home/ashley/reuse/Git_Scripts/Repos/openjpa/2746/b/J2DoPrivHelper.java -2.1845020299058775 -1.4368983800143522 -2.1845020299058775 -2.0993125357034197 -0.0851894942024578
/home/ashley/reuse/Git_Scripts/Repos/openjpa/2746/b/ProxyManagerImpl.java -2.7514258660083515 -1.8312966647168647 -2.7514258660083515 -2.7380269013115512 -0.013398964696800242
/home/ashley/reuse/Git_Scripts/Repos/openjpa/2943/b/OpenJPAVersion.java -2.952438072133861 -1.780910645111145 -2.952438072133861 -2.239575760954659 -0.7128623111792018
/home/ashley/reuse/Git_Scripts/Repos/openjpa/1860/b/DataCacheStoreManager.java -3.0487160463063137 -2.0263601993216525 -3.0487160463063137 -3.0213535108588623 -0.027362535447451375
/home/ashley/reuse/Git_Scripts/Repos/openjpa/481/b/PersistenceMetaDataFactory.java -3.7074224207623936 -2.273430154175649 -3.7074224207623936 -2.9388463668950506 -0.768576053867343
/home/ashley/reuse/Git_Scripts/Repos/openjpa/2810/b/AnnotationPersistenceXMLMetaDataParser.java -3.6865531640650167 -2.230018328367095 -3.6865531640650167 -2.820274004720366 -0.8662791593446508
/home/ashley/reuse/Git_Scripts/Repos/openjpa/2810/b/PersistenceMetaDataFactory.java -3.681494122050794 -2.4260767061076876 -3.681494122050794 -3.557218109193639 -0.1242760128571554
/home/ashley/reuse/Git_Scripts/Repos/openjpa/2438/b/AbstractJDBCSeq.java -2.9154979195228887 -1.9548259018709122 -2.9154979195228887 -2.966304183536022 0.05080626401313326
/home/ashley/reuse/Git_Scripts/Repos/openjpa/62/b/ProductDerivations.java -3.571052105428544 -2.3882772235191694 -3.571052105428544 -3.6039189315289266 0.03286682610038261
/home/ashley/reuse/Git_Scripts/Repos/openjpa/40/b/ProxyManagerImpl.java -2.785649426909512 -1.785531911393803 -2.785649426909512 -2.4864132271481645 -0.2992361997613475
/home/ashley/reuse/Git_Scripts/Repos/openjpa/356/b/NameSet.java -2.711171756913017 -1.6326129653345414 -2.711171756913017 -2.05194848725266 -0.659223269660357
/home/ashley/reuse/Git_Scripts/Repos/openjpa/623/b/OpenJPAConfiguration.java -0.4248544223452814 -0.28193243182544525 -0.4248544223452814 -0.41904062498687233 -0.00581379735840909
/home/ashley/reuse/Git_Scripts/Repos/openjpa/1679/b/TestCacheMarshaller.java -4.815715249466333 -3.0595043139603764 -4.815715249466333 -4.183731620927444 -0.6319836285388885
/home/ashley/reuse/Git_Scripts/Repos/openjpa/2351/b/DataCacheInstrument.java -3.5693593950994122 -2.364319257437645 -3.5693593950994122 -3.479564190191251 -0.08979520490816117
/home/ashley/reuse/Git_Scripts/Repos/openjpa/2351/b/AbstractDataCacheInstrument.java -4.541360565676463 -2.9368319031913375 -4.541360565676463 -4.156115407909498 -0.3852451577669651
/home/ashley/reuse/Git_Scripts/Repos/openjpa/1977/b/PostgresDictionary.java -3.054430468867765 -1.9177942147524294 -3.054430468867765 -2.5768002126227074 -0.4776302562450576
/home/ashley/reuse/Git_Scripts/Repos/openjpa/1549/b/PCEnhancer.java -1.9410360712138528 -1.223190255016714 -1.9410360712138528 -1.6536685770401038 -0.28736749417374896
/home/ashley/reuse/Git_Scripts/Repos/openjpa/2195/b/DataCachePCDataImpl.java -3.0183949527332974 -1.709211599740542 -3.0183949527332974 -1.9703411497009025 -1.048053803032395
/home/ashley/reuse/Git_Scripts/Repos/openjpa/2269/b/JPQLExpressionBuilder.java -2.204095795018471 -1.442284555553483 -2.204095795018471 -2.086431099617305 -0.11766469540116598
/home/ashley/reuse/Git_Scripts/Repos/openjpa/2269/b/Value.java -3.9136653040079157 -2.5656250326274113 -3.9136653040079157 -3.724294402201081 -0.1893709018068348
/home/ashley/reuse/Git_Scripts/Repos/openjpa/2269/b/AbstractVal.java -2.821759142555805 -1.868850669378299 -2.821759142555805 -2.761076150242777 -0.060682992313028095
/home/ashley/reuse/Git_Scripts/Repos/openjpa/2269/b/SubQ.java -3.3691615797800956 -2.1906678254987644 -3.3691615797800956 -3.129315288674192 -0.2398462911059034
/home/ashley/reuse/Git_Scripts/Repos/openjpa/2269/b/PCPath.java -2.9019103571497107 -1.8687234671995274 -2.9019103571497107 -2.624340299351117 -0.2775700577985938
/home/ashley/reuse/Git_Scripts/Repos/openjpa/2269/b/Val.java -3.0639631167976917 -2.029262326263391 -3.0639631167976917 -2.998071436866559 -0.06589167993113287
/home/ashley/reuse/Git_Scripts/Repos/openjpa/3190/b/TestMappedSuperClass.java -3.3231582877919275 -1.151330430416101 -3.3231582877919275 -0.8808371365231615 -2.442321151268766
/home/ashley/reuse/Git_Scripts/Repos/openjpa/1846/b/JDBCRelatedFieldOrder.java -3.285761901801785 -1.6952436903718375 -3.285761901801785 -1.751054182235931 -1.5347077195658543
/home/ashley/reuse/Git_Scripts/Repos/openjpa/2268/b/DistributedCacheTest.java -5.109677532149758 -3.406451688099838 -5.109677532149758 -5.109677532149758 0.0
/home/ashley/reuse/Git_Scripts/Repos/openjpa/905/b/FetchConfigurationImpl.java -3.5461768232630275 -2.3151540343428656 -3.5461768232630275 -3.334603409767998 -0.21157341349502934
/home/ashley/reuse/Git_Scripts/Repos/openjpa/905/b/BrokerImpl.java -2.0032313208495522 -1.3213837669626147 -2.0032313208495522 -1.9410771027570488 -0.06215421809250343
/home/ashley/reuse/Git_Scripts/Repos/openjpa/1893/b/XMLVersionParser.java -5.208662597541583 -3.4780424441648634 -5.208662597541583 -5.208662597541583 0.0
/home/ashley/reuse/Git_Scripts/Repos/openjpa/1893/b/XMLPersistenceMetaDataParser.java -2.179691345302869 -1.2084888786526122 -2.179691345302869 -1.356119264595348 -0.8235720807075211
/home/ashley/reuse/Git_Scripts/Repos/openjpa/1893/b/PersistenceProductDerivation.java -3.3515984320274876 -1.8084581873836174 -3.3515984320274876 -1.9635563505295512 -1.3880420814979364
/home/ashley/reuse/Git_Scripts/Repos/openjpa/1039/b/OpenJPAConfiguration.java -3.561378982871448 -2.3742526552476324 -3.561378982871448 -3.561378982871448 0.0
/home/ashley/reuse/Git_Scripts/Repos/openjpa/1039/b/OpenJPAConfigurationImpl.java -3.1598987483739895 -2.106705419953969 -3.1598987483739895 -3.1598987483739895 0.0
/home/ashley/reuse/Git_Scripts/Repos/openjpa/329/b/JDBCExpressionFactory.java -2.725165376254624 -1.7951668341685723 -2.725165376254624 -2.63017966141293 -0.09498571484169416
/home/ashley/reuse/Git_Scripts/Repos/openjpa/329/b/JPQLExpressionBuilder.java -1.1898712665801239 -0.7734014573192272 -1.1898712665801239 -1.1048197866112965 -0.08505147996882734
/home/ashley/reuse/Git_Scripts/Repos/openjpa/329/b/FieldMapping.java -2.956464559552474 -1.9050907683609382 -2.956464559552474 -2.6780944787761616 -0.27837008077631253
/home/ashley/reuse/Git_Scripts/Repos/openjpa/329/b/PCPath.java -2.7782060710595182 -1.7884978584830327 -2.7782060710595182 -2.5102426883875704 -0.26796338267194786
/home/ashley/reuse/Git_Scripts/Repos/openjpa/2447/b/Outer.java -4.6235496948537325 -3.0823664632358216 -4.6235496948537325 -4.6235496948537325 0.0
/home/ashley/reuse/Git_Scripts/Repos/openjpa/2447/b/Inner.java -4.797769898386624 -3.2030182138524785 -4.797769898386624 -4.797769898386624 0.0
/home/ashley/reuse/Git_Scripts/Repos/openjpa/877/b/DBDictionary.java -2.4423300541247435 -1.515492562961812 -2.4423300541247435 -1.9966672184166583 -0.4456628357080852
/home/ashley/reuse/Git_Scripts/Repos/openjpa/877/b/Null.java -2.4819694821225062 -1.7789223326800796 -2.4819694821225062 -3.1400674508671105 0.6580979687446042
/home/ashley/reuse/Git_Scripts/Repos/openjpa/2428/b/DB2Dictionary.java -2.4217142400744134 -1.4191111975796733 -2.4217142400744134 -1.7138795962938538 -0.7078346437805596
/home/ashley/reuse/Git_Scripts/Repos/openjpa/1890/b/VersionLockManager.java -3.962214922535986 -2.5627440780635142 -3.962214922535986 -3.6278507940519367 -0.3343641284840495
/home/ashley/reuse/Git_Scripts/Repos/openjpa/1890/b/BrokerImpl.java -1.0233253436768077 -0.670576465285045 -1.0233253436768077 -0.9726316804602455 -0.05069366321656221
/home/ashley/reuse/Git_Scripts/Repos/openjpa/1890/b/LockManager.java -3.3951947616093956 -2.2858737008855337 -3.3951947616093956 -3.4717781020968257 0.0765833404874301
/home/ashley/reuse/Git_Scripts/Repos/openjpa/1890/b/NoneLockManager.java -4.139004071533608 -2.786388361882102 -4.139004071533608 -4.263174193679617 0.12417012214600831
/home/ashley/reuse/Git_Scripts/Repos/openjpa/2279/b/TestEmbeddable.java -3.0362440485394506 -1.9814070455626782 -3.0362440485394506 -2.8516421650200163 -0.1846018835194343
/home/ashley/reuse/Git_Scripts/Repos/openjpa/1695/b/PersistenceMappingDefaults.java -3.2630112155515953 -2.0179391010816534 -3.2630112155515953 -2.6422903551542896 -0.6207208603973058
/home/ashley/reuse/Git_Scripts/Repos/openjpa/825/b/StoreCollectionFieldStrategy.java -3.0559412210850327 -2.043036239124492 -3.0559412210850327 -3.0808791977276853 0.024937976642652515
/home/ashley/reuse/Git_Scripts/Repos/openjpa/1304/b/TestEntityManagerMerge.java -5.524832954174152 -2.95458457984096 -5.524832954174152 -3.168086029666297 -2.356746924507855
/home/ashley/reuse/Git_Scripts/Repos/openjpa/2326/b/BrokerImpl.java -0.951931534357709 -0.6287414236815628 -0.951931534357709 -0.9259546755735797 -0.025976858784129364
/home/ashley/reuse/Git_Scripts/Repos/openjpa/473/b/TestEmbeddable.java -2.95039025466869 -1.7688576099141213 -2.95039025466869 -2.2083173397131883 -0.7420729149555019
/home/ashley/reuse/Git_Scripts/Repos/openjpa/2457/b/JDBCConfigurationImpl.java -2.9773064669994644 -2.002427576330844 -2.9773064669994644 -3.056969330707627 0.07966286370816267
/home/ashley/reuse/Git_Scripts/Repos/openjpa/2733/b/JDBCStoreManager.java -2.6064564991809203 -1.7289973498127968 -2.6064564991809203 -2.567701682458242 -0.03875481672267833
/home/ashley/reuse/Git_Scripts/Repos/openjpa/2517/b/PersistenceProductDerivation.java -3.450712297067881 -2.2218556368965885 -3.450712297067881 -3.1188689252691972 -0.33184337179868395
/home/ashley/reuse/Git_Scripts/Repos/openjpa/2517/b/OpenJPAConfigurationImpl.java -3.3541055103703026 -2.2444844461900737 -3.3541055103703026 -3.391858368735357 0.037752858365054376
/home/ashley/reuse/Git_Scripts/Repos/openjpa/702/b/ExecutorServiceValue.java -0.7326818061134337 -0.5103305093383675 -0.7326818061134337 -0.8389609252419757 0.10627911912854204
/home/ashley/reuse/Git_Scripts/Repos/openjpa/702/b/DistributedJDBCConfigurationImpl.java -3.1431738744591393 -2.111369613338547 -3.1431738744591393 -3.214638138856495 0.07146426439735576
/home/ashley/reuse/Git_Scripts/Repos/openjpa/2906/b/AttachStrategy.java -2.369712538238745 -1.5787416415004918 -2.369712538238745 -2.3641217098708074 -0.0055908283679375614
/home/ashley/reuse/Git_Scripts/Repos/openjpa/2906/b/SingleFieldManager.java -1.1622234708684418 -0.7701244232479424 -1.1622234708684418 -1.141127405363423 -0.021096065505018746
/home/ashley/reuse/Git_Scripts/Repos/openjpa/842/b/Options.java -3.4345372667662506 -2.223806864944877 -3.4345372667662506 -3.1541900410916757 -0.28034722567457493
/home/ashley/reuse/Git_Scripts/Repos/openjpa/28/b/EntityManagerImpl.java -2.513633021831441 -1.6422576746631514 -2.513633021831441 -2.3684344151690095 -0.14519860666243156
/home/ashley/reuse/Git_Scripts/Repos/openjpa/1882/b/AnnotationPersistenceMetaDataParser.java -3.112576981392246 -2.010451838576379 -3.112576981392246 -2.8389181372645793 -0.2736588441276666
/home/ashley/reuse/Git_Scripts/Repos/openjpa/2981/b/TestLRS.java -4.666123618086219 -2.889198635617339 -4.666123618086219 -3.7934516437113155 -0.8726719743749038
/home/ashley/reuse/Git_Scripts/Repos/openjpa/2620/b/PersistenceTestCase.java -2.9753647869153625 -1.8590403282844852 -2.9753647869153625 -2.474976147021238 -0.5003886398941244
/home/ashley/reuse/Git_Scripts/Repos/openjpa/2620/b/SingleEMFTestCase.java -3.331889402097505 -1.8565751892284603 -3.331889402097505 -2.0847576147202265 -1.2471317873772785
/home/ashley/reuse/Git_Scripts/Repos/openjpa/2620/b/TestExceptionsFromCallbacks.java -3.018170336748196 -0.9552549938671027 -3.018170336748196 -0.6985676150337071 -2.319602721714489
/home/ashley/reuse/Git_Scripts/Repos/openjpa/1285/b/AbstractCFMetaDataFactory.java -3.3585428652092575 -2.163790631247317 -3.3585428652092575 -3.0406646605665957 -0.3178782046426618
/home/ashley/reuse/Git_Scripts/Repos/openjpa/1285/b/PersistenceMetaDataFactory.java -3.6214947675760647 -2.3250491578036514 -3.6214947675760647 -3.245990537879458 -0.3755042296966069
/home/ashley/reuse/Git_Scripts/Repos/openjpa/1808/b/DBDictionary.java -2.4423300541247435 -1.4780723911885862 -2.4423300541247435 -1.8717992045126608 -0.5705308496120827
/home/ashley/reuse/Git_Scripts/Repos/openjpa/1260/b/TestReplication.java -5.7316135322777875 -3.82343146851083 -5.7316135322777875 -5.7316135322777875 0.0
/home/ashley/reuse/Git_Scripts/Repos/openjpa/1260/b/ReplicatedChild.java -4.439017657963305 -3.0773557996923526 -4.439017657963305 -5.016089953498535 0.5770722955352303
/home/ashley/reuse/Git_Scripts/Repos/openjpa/1260/b/ReplicatedParent.java -4.342678639932158 -2.9783857928738255 -4.342678639932158 -4.740247811193553 0.3975691712613951
/home/ashley/reuse/Git_Scripts/Repos/openjpa/1827/b/CacheTest.java -2.757289879383142 -1.812260050012517 -2.757289879383142 -2.6434793138481716 -0.11381056553497038
/home/ashley/reuse/Git_Scripts/Repos/openjpa/2426/b/PersistenceMetaDataDefaults.java -2.7108269129064846 -1.7564931563610773 -2.7108269129064846 -2.4931570557861367 -0.21766985712034792
/home/ashley/reuse/Git_Scripts/Repos/openjpa/835/b/SelectImpl.java -2.8777378055962886 -1.9179670470162105 -2.8777378055962886 -2.8751808654368496 -0.0025569401594389696
/home/ashley/reuse/Git_Scripts/Repos/openjpa/2024/b/Distinct.java -3.3934247004508675 -2.3598479048957515 -3.3934247004508675 -3.8568439326710298 0.46341923222016224
/home/ashley/reuse/Git_Scripts/Repos/openjpa/55/b/DetachedStateManager.java -1.0852659007351013 -0.7138012453266754 -1.0852659007351013 -1.0427158279750026 -0.0425500727600987
/home/ashley/reuse/Git_Scripts/Repos/openjpa/55/b/SaveFieldManager.java -3.216610629082981 -1.9733364084037164 -3.216610629082981 -2.552717156219924 -0.663893472863057
/home/ashley/reuse/Git_Scripts/Repos/openjpa/55/b/DetachedStateAttachStrategy.java -2.910613774826757 -1.9103354559846775 -2.910613774826757 -2.779350800667903 -0.13126297415885402
/home/ashley/reuse/Git_Scripts/Repos/openjpa/55/b/PCRegistry.java -4.36168500340302 -2.7700525811085845 -4.36168500340302 -3.795504738538205 -0.5661802648648147
/home/ashley/reuse/Git_Scripts/Repos/openjpa/55/b/PCEnhancer.java -2.1011953033506803 -1.2809108726783962 -2.1011953033506803 -1.6404878823744433 -0.46070742097623696
/home/ashley/reuse/Git_Scripts/Repos/openjpa/55/b/AbstractBrokerFactory.java -1.0064371907501948 -0.6159296915088109 -1.0064371907501948 -0.7934758902670211 -0.21296130048317363
/home/ashley/reuse/Git_Scripts/Repos/openjpa/55/b/DetachedValueStateManager.java -2.0450389515734746 -1.3544922177265248 -2.0450389515734746 -2.0048613690278265 -0.04017758254564807
/home/ashley/reuse/Git_Scripts/Repos/openjpa/55/b/LifecycleEventManager.java -3.9571873877640513 -2.6749702453600572 -3.9571873877640513 -4.1277558096504325 0.17056842188638122
/home/ashley/reuse/Git_Scripts/Repos/openjpa/55/b/OpenJPASavepoint.java -3.603184510762853 -2.3800175807288375 -3.603184510762853 -3.505507822218077 -0.09767668854477618
/home/ashley/reuse/Git_Scripts/Repos/openjpa/55/b/StateManagerImpl.java -1.1615951064683547 -0.7547879174374577 -1.1615951064683547 -1.077608723441465 -0.08398638302688965
/home/ashley/reuse/Git_Scripts/Repos/openjpa/55/b/BrokerImpl.java -0.9519315343577126 -0.638954405536578 -0.9519315343577126 -0.9716573010227345 0.019725766665021904
/home/ashley/reuse/Git_Scripts/Repos/openjpa/55/b/OpenJPAStateManager.java -1.972687407465653 -1.3112795437539722 -1.972687407465653 -1.955483738214499 -0.01720366925115413
/home/ashley/reuse/Git_Scripts/Repos/openjpa/55/b/SavepointFieldManager.java -0.5502149606634001 -0.3492213549745007 -0.5502149606634001 -0.4779923556063807 -0.07222260505701944
/home/ashley/reuse/Git_Scripts/Repos/openjpa/55/b/SingleFieldManager.java -1.162223470868441 -0.7687173090522674 -1.162223470868441 -1.1352062378387053 -0.027017233029735577
/home/ashley/reuse/Git_Scripts/Repos/openjpa/55/b/ObjectIdStateManager.java -2.3648539431777276 -1.577358053354286 -2.3648539431777276 -2.36840690883755 0.003552965659822327
/home/ashley/reuse/Git_Scripts/Repos/openjpa/839/b/JavaVersions.java -3.4778914701142414 -2.255295266202916 -3.4778914701142414 -3.2077934414578997 -0.2700980286563417
/home/ashley/reuse/Git_Scripts/Repos/openjpa/1466/b/TestMappedById.java -3.798423679359873 -0.8225652818633026 -3.798423679359873 -0.5249664176019481 -3.2734572617579247
/home/ashley/reuse/Git_Scripts/Repos/openjpa/2086/b/DataCachePCDataImpl.java -3.0441004151224784 -2.0193323802655136 -3.0441004151224784 -2.999239987952252 -0.0448604271702262
/home/ashley/reuse/Git_Scripts/Repos/openjpa/1568/b/QueryImpl.java -3.327973035856032 -2.1615212204956498 -3.327973035856032 -3.0834897093531777 -0.24448332650285431
/home/ashley/reuse/Git_Scripts/Repos/openjpa/2062/b/GrandChildClass.java -4.898337536139665 -3.4139928282185545 -4.898337536139665 -5.563543868208015 0.6652063320683501
/home/ashley/reuse/Git_Scripts/Repos/openjpa/2062/b/ChildChildClass.java -4.386643322951984 -3.168131288798655 -4.386643322951984 -5.702636319837579 1.315992996885595
/home/ashley/reuse/Git_Scripts/Repos/openjpa/2062/b/TestJoinedMultiInheritanceHierarchy.java -4.297193387977225 -2.9815094864730867 -4.297193387977225 -4.849443140648996 0.5522497526717718
/home/ashley/reuse/Git_Scripts/Repos/openjpa/2062/b/ChildClass.java -4.515635511409994 -3.159628346176089 -4.515635511409994 -5.235519433518833 0.7198839221088393
/home/ashley/reuse/Git_Scripts/Repos/openjpa/2062/b/ParentClass.java -4.100919445139237 -2.733946296759491 -4.100919445139237 -4.100919445139237 0.0
/home/ashley/reuse/Git_Scripts/Repos/openjpa/89/b/ManagedClassSubclasser.java -2.9492168996154775 -1.5103256094916633 -2.9492168996154775 -1.5469017169867358 -1.4023151826287417
/home/ashley/reuse/Git_Scripts/Repos/openjpa/1396/b/RelationFieldStrategy.java -2.586920897943782 -1.725008580459538 -2.586920897943782 -2.588342087834151 0.001421189890368879
/home/ashley/reuse/Git_Scripts/Repos/openjpa/1396/b/TestSpecCompatibilityOptions.java -3.430717286207626 -2.1999108068181807 -3.430717286207626 -3.0650737052423596 -0.3656435809652665
/home/ashley/reuse/Git_Scripts/Repos/openjpa/1396/b/HandlerRelationMapTableFieldStrategy.java -2.661928514965973 -1.7686514831580502 -2.661928514965973 -2.6352540412500045 -0.02667447371596854
/home/ashley/reuse/Git_Scripts/Repos/openjpa/1396/b/MapTableFieldStrategy.java -3.0468007844373295 -2.0170522455420965 -3.0468007844373295 -2.984008295152331 -0.0627924892849987
/home/ashley/reuse/Git_Scripts/Repos/openjpa/614/b/StateManagerImpl.java -1.4338455660793352 -0.8977450568798914 -1.4338455660793352 -1.2004761246810622 -0.23336944139827298
/home/ashley/reuse/Git_Scripts/Repos/openjpa/1940/b/JDBCConfigurationImpl.java -0.8346856556089377 -0.5149581879439528 -0.8346856556089377 -0.672179052763726 -0.16250660284521168
/home/ashley/reuse/Git_Scripts/Repos/openjpa/2602/b/QueryCacheStoreQuery.java -3.540164703754246 -2.3186484140804837 -3.540164703754246 -3.359921331108795 -0.18024337264545087
/home/ashley/reuse/Git_Scripts/Repos/openjpa/1331/b/EntityManagerFactoryImpl.java -3.412824463275767 -2.264352383774145 -3.412824463275767 -3.3643992512968546 -0.048425211978912586
/home/ashley/reuse/Git_Scripts/Repos/openjpa/922/b/StateManagerImpl.java -1.486191790832467 -0.9909452478772982 -1.486191790832467 -1.486870240195701 6.784493632339128E-4
/home/ashley/reuse/Git_Scripts/Repos/openjpa/2493/b/TestXMLCustomerOrder.java -3.7330193158422436 -2.489452906089949 -3.7330193158422436 -3.7365016099801562 0.003482294137912678
/home/ashley/reuse/Git_Scripts/Repos/openjpa/494/b/TestBadJdbcUrl.java -4.418864196494074 -2.961373556005652 -4.418864196494074 -4.4891909476319105 0.07032675113783693
