before_file_path change CE-Avg CE-Left CE-Right CE-Diff
/home/ashley/reuse/Git_Scripts/Repos/openjpa/1/b/QueryCacheStoreQuery.java -8.993449615239117 -5.620139348100097 -8.993449615239117 -7.491816058270403 -1.5016335569687138
/home/ashley/reuse/Git_Scripts/Repos/openjpa/2/b/ClassMetaData.java -8.4876341884402 -5.5372162625203085 -8.4876341884402 -7.9639684757721625 -0.5236657126680377
/home/ashley/reuse/Git_Scripts/Repos/openjpa/3/b/JDBCExpressionFactory.java -14.147729893495049 -8.608000253521444 -14.147729893495049 -10.988210432641843 -3.159519460853206
/home/ashley/reuse/Git_Scripts/Repos/openjpa/3/b/ConstPath.java -10.139335055542153 -6.529066901339275 -10.139335055542153 -9.159914466000362 -0.9794205895417907
/home/ashley/reuse/Git_Scripts/Repos/openjpa/3/b/DBDictionary.java -8.598996190965918 -5.187159511262959 -8.598996190965918 -6.536708680200682 -2.062287510765236
/home/ashley/reuse/Git_Scripts/Repos/openjpa/3/b/NotContainsExpression.java -10.657857763197237 -6.977320957903265 -10.657857763197237 -10.102234846632452 -0.5556229165647846
/home/ashley/reuse/Git_Scripts/Repos/openjpa/3/b/AbstractVal.java -11.378992545253835 -6.435310390761532 -11.378992545253835 -7.390227416487437 -3.9887651287663983
/home/ashley/reuse/Git_Scripts/Repos/openjpa/3/b/SubQ.java -10.577616542046531 -6.46164023070625 -10.577616542046531 -8.29728416461407 -2.2803323774324618
/home/ashley/reuse/Git_Scripts/Repos/openjpa/3/b/PCPath.java -10.199681003232682 -5.59669596223463 -10.199681003232682 -6.20081457776106 -3.998866425471622
/home/ashley/reuse/Git_Scripts/Repos/openjpa/3/b/JDBCStoreQuery.java -10.10590046647694 -5.464177108781785 -10.10590046647694 -5.948268104022696 -4.157632362454245
/home/ashley/reuse/Git_Scripts/Repos/openjpa/3/b/SelectConstructor.java -9.94425851276021 -6.192433834774379 -9.94425851276021 -8.206561894733612 -1.7376966180265985
/home/ashley/reuse/Git_Scripts/Repos/openjpa/3/b/Lit.java -10.513386868338536 -6.181624830210781 -10.513386868338536 -7.488220487040413 -3.0251663812981224
/home/ashley/reuse/Git_Scripts/Repos/openjpa/4/b/TestException.java -8.24500084370543 -5.241129568579353 -8.24500084370543 -7.192904381878435 -1.052096461826995
/home/ashley/reuse/Git_Scripts/Repos/openjpa/5/b/XMLPersistenceMetaDataParser.java -8.600046458136694 -5.455829404308848 -8.600046458136694 -7.461378387920506 -1.1386680702161875
/home/ashley/reuse/Git_Scripts/Repos/openjpa/5/b/ClassMetaData.java -8.65713656688406 -5.649603648809116 -8.65713656688406 -8.130469408638339 -0.5266671582457203
/home/ashley/reuse/Git_Scripts/Repos/openjpa/5/b/AnnotationPersistenceMetaDataParser.java -9.000728873797515 -5.863712503378559 -9.000728873797515 -8.411363335112664 -0.5893655386848504
/home/ashley/reuse/Git_Scripts/Repos/openjpa/6/b/SchemaGenerator.java -8.178303404090405 -5.446986002871517 -8.178303404090405 -8.153078410114361 -0.025224993976044274
/home/ashley/reuse/Git_Scripts/Repos/openjpa/7/b/TestDataCacheBehavesIdentical.java -8.741400240857297 -5.852320707176685 -8.741400240857297 -8.848656685530392 0.10725644467309436
/home/ashley/reuse/Git_Scripts/Repos/openjpa/8/b/SaveFieldManager.java -9.173246132637013 -6.05854794720009 -9.173246132637013 -8.921659213387475 -0.25158691924953835
/home/ashley/reuse/Git_Scripts/Repos/openjpa/8/b/AbstractUnenhancedClassTest.java -8.166601176541496 -4.926834347822108 -8.166601176541496 -6.207839650466325 -1.958761526075171
/home/ashley/reuse/Git_Scripts/Repos/openjpa/8/b/StateManagerImpl.java -8.088672480662911 -5.395116168401142 -8.088672480662911 -8.100142675955905 0.011470195292993424
/home/ashley/reuse/Git_Scripts/Repos/openjpa/8/b/BrokerImpl.java -8.566888044415435 -5.7052744579415435 -8.566888044415435 -8.540015286283674 -0.026872758131760932
/home/ashley/reuse/Git_Scripts/Repos/openjpa/9/b/QueryResultCacheImpl.java -9.115199971463365 -5.9134451427773085 -9.115199971463365 -8.417608136912598 -0.6975918345507672
/home/ashley/reuse/Git_Scripts/Repos/openjpa/10/b/BrokerImpl.java -8.590048928164546 -5.634025058816901 -8.590048928164546 -8.18573190661447 -0.4043170215500762
/home/ashley/reuse/Git_Scripts/Repos/openjpa/11/b/TestTimestampVersion.java -8.711842285994742 -5.647677068162108 -8.711842285994742 -8.008930805706656 -0.7029114802880851
/home/ashley/reuse/Git_Scripts/Repos/openjpa/12/b/PCEnhancer.java -7.972617099055404 -5.286631463405196 -7.972617099055404 -7.84596310608071 -0.1266539929746946
/home/ashley/reuse/Git_Scripts/Repos/openjpa/13/b/TestTablePerClassInheritanceWithAbstractRoot.java -9.240866311102334 -5.027983751035858 -9.240866311102334 -5.50839913658543 -3.732467174516904
/home/ashley/reuse/Git_Scripts/Repos/openjpa/14/b/BrokerImpl.java -8.426505254852989 -5.615076953161875 -8.426505254852989 -8.41450412834557 -0.012001126507419357
/home/ashley/reuse/Git_Scripts/Repos/openjpa/15/b/FetchGroup.java -8.520774322317694 -5.6805162148784625 -8.520774322317694 -8.520774322317694 0.0
/home/ashley/reuse/Git_Scripts/Repos/openjpa/16/b/OpenJPAConfigurationImpl.java -8.406814568505116 -5.539548344872832 -8.406814568505116 -8.12096821438855 -0.2858463541165648
/home/ashley/reuse/Git_Scripts/Repos/openjpa/17/b/NameSet.java -7.148363579519251 -5.192343694576172 -7.148363579519251 -9.444896675201905 2.296533095682654
/home/ashley/reuse/Git_Scripts/Repos/openjpa/17/b/MappingDefaultsImpl.java -9.675236666812236 -6.526379286741731 -9.675236666812236 -10.023197226258029 0.3479605594457933
/home/ashley/reuse/Git_Scripts/Repos/openjpa/19/b/Configurations.java -8.0932129274997 -5.28026534762454 -8.0932129274997 -7.596002157622893 -0.4972107698768067
/home/ashley/reuse/Git_Scripts/Repos/openjpa/20/b/Filters.java -9.056526990817328 -5.993435875703906 -9.056526990817328 -8.860283898873737 -0.19624309194359135
/home/ashley/reuse/Git_Scripts/Repos/openjpa/20/b/PersistenceMetaDataDefaults.java -8.644263018452634 -5.700993329088922 -8.644263018452634 -8.366621463814255 -0.2776415546383788
/home/ashley/reuse/Git_Scripts/Repos/openjpa/20/b/ResultPacker.java -7.853406306085474 -5.182234130621132 -7.853406306085474 -7.61803948372527 -0.2353668223602039
/home/ashley/reuse/Git_Scripts/Repos/openjpa/20/b/PCEnhancer.java -7.9881644687958255 -5.320173124683375 -7.9881644687958255 -7.964116379650982 -0.024048089144843132
/home/ashley/reuse/Git_Scripts/Repos/openjpa/20/b/Reflection.java -7.522900746277878 -4.879051595678452 -7.522900746277878 -6.941511939502269 -0.5813888067756086
/home/ashley/reuse/Git_Scripts/Repos/openjpa/20/b/ClassMetaData.java -8.706033319575463 -5.789816166905188 -8.706033319575463 -8.64241752661286 -0.06361579296260267
/home/ashley/reuse/Git_Scripts/Repos/openjpa/20/b/AbstractMetaDataDefaults.java -8.70273746867695 -5.670468121869109 -8.70273746867695 -8.131676090007787 -0.5710613786691638
/home/ashley/reuse/Git_Scripts/Repos/openjpa/20/b/ApplicationIds.java -9.037266664289058 -5.826339446239651 -9.037266664289058 -8.196835007046252 -0.8404316572428066
/home/ashley/reuse/Git_Scripts/Repos/openjpa/20/b/ObjectIdStateManager.java -8.191113402152856 -5.445749382069898 -8.191113402152856 -8.121549806380857 -0.06956359577199933
/home/ashley/reuse/Git_Scripts/Repos/openjpa/21/b/JPQLExpressionBuilder.java -9.741902437568537 -6.120059636945823 -9.741902437568537 -8.230139565878522 -1.5117628716900153
/home/ashley/reuse/Git_Scripts/Repos/openjpa/21/b/Expressions.java -10.529031085799566 -4.424046372759541 -10.529031085799566 -3.8149908618369572 -6.714040223962609
/home/ashley/reuse/Git_Scripts/Repos/openjpa/21/b/TestTypesafeCriteria.java -9.521096584177782 -1.2456745316258937 -9.521096584177782 -0.7165320936960472 -8.804564490481734
/home/ashley/reuse/Git_Scripts/Repos/openjpa/23/b/SubqueryImpl.java -9.860824919590497 -6.5906836428892595 -9.860824919590497 -9.93681495750212 0.07599003791162318
/home/ashley/reuse/Git_Scripts/Repos/openjpa/25/b/TestMetaDataRepository.java -9.7374174342958 -6.175693317826536 -9.7374174342958 -8.441881209131981 -1.2955362251638185
/home/ashley/reuse/Git_Scripts/Repos/openjpa/26/b/AbstractDB2Dictionary.java -8.815592713124886 -6.017182492201046 -8.815592713124886 -9.477708045655724 0.6621153325308384
/home/ashley/reuse/Git_Scripts/Repos/openjpa/26/b/TestSQLBigDecimalId.java -9.633942510298901 -6.644658493612565 -9.633942510298901 -10.707289366065899 1.0733468557669976
/home/ashley/reuse/Git_Scripts/Repos/openjpa/27/b/PersistenceProviderImpl.java -8.807554646373783 -5.494731233558961 -8.807554646373783 -7.299811717157294 -1.507742929216489
/home/ashley/reuse/Git_Scripts/Repos/openjpa/28/b/EntityManagerImpl.java -7.867845294596106 -5.1403801612609765 -7.867845294596106 -7.413363608411634 -0.4544816861844714
/home/ashley/reuse/Git_Scripts/Repos/openjpa/29/b/CandidatePath.java -9.923273104537659 -6.114433148985564 -9.923273104537659 -7.955417253093673 -1.9678558514439857
/home/ashley/reuse/Git_Scripts/Repos/openjpa/30/b/BrokerImpl.java -8.638608420826488 -5.7076611272204385 -8.638608420826488 -8.410949295813216 -0.2276591250132718
/home/ashley/reuse/Git_Scripts/Repos/openjpa/31/b/DistributedStoreQuery.java -9.266710349198975 -6.178994026080024 -9.266710349198975 -9.266710349198975 0.0
/home/ashley/reuse/Git_Scripts/Repos/openjpa/31/b/DistributedBrokerImpl.java -9.155700409887332 -5.756993439550368 -9.155700409887332 -7.75431769408825 -1.4013827157990821
/home/ashley/reuse/Git_Scripts/Repos/openjpa/31/b/DistributedQueryImpl.java -9.973682229392516 -6.649121486261676 -9.973682229392516 -9.973682229392516 0.0
/home/ashley/reuse/Git_Scripts/Repos/openjpa/31/b/DistributedJDBCConfigurationImpl.java -8.514459868958193 -5.4279948475208535 -8.514459868958193 -7.486954165546572 -1.027505703411621
/home/ashley/reuse/Git_Scripts/Repos/openjpa/32/b/EntityD.java -9.04825323072725 -4.833998301347434 -9.04825323072725 -5.170430417558428 -3.8778228131688213
/home/ashley/reuse/Git_Scripts/Repos/openjpa/32/b/EntityB.java -10.313712912086054 -6.884951970568084 -10.313712912086054 -10.313712912086054 0.0
/home/ashley/reuse/Git_Scripts/Repos/openjpa/32/b/EntityC.java -10.4207631049041 -6.947175403269401 -10.4207631049041 -10.4207631049041 0.0
/home/ashley/reuse/Git_Scripts/Repos/openjpa/32/b/EntityA.java -10.313712912086054 -6.884951970568084 -10.313712912086054 -10.313712912086054 0.0
/home/ashley/reuse/Git_Scripts/Repos/openjpa/33/b/ColumnVersionStrategy.java -9.024517965632688 -6.017308233806943 -9.024517965632688 -9.024517965632688 0.0
/home/ashley/reuse/Git_Scripts/Repos/openjpa/33/b/MultiColumnVersionStrategy.java -9.218051098027065 -6.1453673986847095 -9.218051098027065 -9.218051098027065 0.0
/home/ashley/reuse/Git_Scripts/Repos/openjpa/34/b/DB2Dictionary.java -7.8208016055499785 -5.195319782981145 -7.8208016055499785 -7.737925463968674 -0.08287614158130463
/home/ashley/reuse/Git_Scripts/Repos/openjpa/35/b/EntityManagerImpl.java -7.931336772888891 -5.232290912285696 -7.931336772888891 -7.686593027793101 -0.24474374509578922
/home/ashley/reuse/Git_Scripts/Repos/openjpa/36/b/QueryExpressions.java -10.528237377661132 -4.145679873923222 -10.528237377661132 -3.4152275274093284 -7.113009850251803
/home/ashley/reuse/Git_Scripts/Repos/openjpa/36/b/QueryImpl.java -8.410779373467934 -5.4855667811113005 -8.410779373467934 -7.885533232747976 -0.5252461407199576
/home/ashley/reuse/Git_Scripts/Repos/openjpa/37/b/XMLPersistenceMetaDataParser.java -8.547805544707751 -5.537406821429328 -8.547805544707751 -7.860735645325002 -0.6870698993827489
/home/ashley/reuse/Git_Scripts/Repos/openjpa/38/b/TestDataCacheBehavesIdentical.java -8.678034207182476 -5.325022359164332 -8.678034207182476 -6.890927959910619 -1.7871062472718569
/home/ashley/reuse/Git_Scripts/Repos/openjpa/39/b/JPQLExpressionBuilder.java -9.694314267463506 -6.371046173757615 -9.694314267463506 -9.292497938686202 -0.4018163287773042
/home/ashley/reuse/Git_Scripts/Repos/openjpa/40/b/ProxyManagerImpl.java -8.108558817359526 -5.197384273824968 -8.108558817359526 -7.237532369232517 -0.8710264481270089
/home/ashley/reuse/Git_Scripts/Repos/openjpa/41/b/Proxies.java -8.139740079594047 -4.329648978507471 -8.139740079594047 -4.624852317951162 -3.5148877616428846
/home/ashley/reuse/Git_Scripts/Repos/openjpa/41/b/TestDetachNoProxy.java -7.7180892752524315 -4.218295039327155 -7.7180892752524315 -4.651298834754777 -3.0667904404976545
/home/ashley/reuse/Git_Scripts/Repos/openjpa/42/b/ClassMetaData.java -8.790974124109674 -5.408257706738617 -8.790974124109674 -7.026876840790644 -1.76409728331903
/home/ashley/reuse/Git_Scripts/Repos/openjpa/43/b/ConstraintUpdateManager.java -9.912457350778777 -6.5671316612636135 -9.912457350778777 -9.725717477580714 -0.1867398731980625
/home/ashley/reuse/Git_Scripts/Repos/openjpa/43/b/DepthFirstAnalysis.java -8.737712848359278 -5.804179279879639 -8.737712848359278 -8.644055144436132 -0.09365770392314587
/home/ashley/reuse/Git_Scripts/Repos/openjpa/43/b/Edge.java -8.926983778231682 -5.87335759499377 -8.926983778231682 -8.585099293107914 -0.34188448512376723
/home/ashley/reuse/Git_Scripts/Repos/openjpa/44/b/MetaDataRepository.java -8.418307920348624 -4.437686504902433 -8.418307920348624 -4.692459738482427 -3.7258481818661977
/home/ashley/reuse/Git_Scripts/Repos/openjpa/45/b/StoreContext.java -10.365579312939412 -6.391047367793932 -10.365579312939412 -8.32282866271966 -2.0427506502197517
/home/ashley/reuse/Git_Scripts/Repos/openjpa/45/b/EntityManagerImpl.java -7.919209511834286 -4.645991572832306 -7.919209511834286 -5.619652424263519 -2.2995570875707667
/home/ashley/reuse/Git_Scripts/Repos/openjpa/45/b/BrokerImpl.java -8.590048928164546 -5.529014328689136 -8.590048928164546 -7.757916819382239 -0.8321321087823064
/home/ashley/reuse/Git_Scripts/Repos/openjpa/45/b/DelegatingBroker.java -7.717626106386041 -4.999028915305669 -7.717626106386041 -7.095688208228037 -0.6219378981580048
/home/ashley/reuse/Git_Scripts/Repos/openjpa/46/b/AnnotationPersistenceMetaDataParser.java -8.772504257453125 -5.5743693765404485 -8.772504257453125 -7.644552427986659 -1.1279518294664665
/home/ashley/reuse/Git_Scripts/Repos/openjpa/47/b/StateManagerImpl.java -8.08205160372819 -5.382885779071715 -8.08205160372819 -8.058402971036355 -0.02364863269183637
/home/ashley/reuse/Git_Scripts/Repos/openjpa/48/b/Student.java -9.690142954374735 -6.46009530291649 -9.690142954374735 -9.690142954374735 0.0
/home/ashley/reuse/Git_Scripts/Repos/openjpa/49/b/VersionAttachStrategy.java -8.684879294435678 -5.69918896510464 -8.684879294435678 -8.288998988251345 -0.395880306184333
/home/ashley/reuse/Git_Scripts/Repos/openjpa/49/b/AttachManager.java -9.214393701263774 -6.284360604250271 -9.214393701263774 -9.881556086737788 0.6671623854740147
/home/ashley/reuse/Git_Scripts/Repos/openjpa/50/b/BrokerImpl.java -8.64222619146025 -5.636190570373389 -8.64222619146025 -8.101905617094936 -0.5403205743653139
/home/ashley/reuse/Git_Scripts/Repos/openjpa/51/b/BrokerImpl.java -8.479488933998859 -5.643598268128494 -8.479488933998859 -8.436996060417856 -0.0424928735810024
/home/ashley/reuse/Git_Scripts/Repos/openjpa/52/b/BrokerImpl.java -8.521555230561601 -5.5344138087412285 -8.521555230561601 -7.893818262012152 -0.6277369685494492
/home/ashley/reuse/Git_Scripts/Repos/openjpa/53/b/DBDictionaryFactory.java -7.0798879552404035 -4.719531122325781 -7.0798879552404035 -7.07811443621354 -0.0017735190268632905
/home/ashley/reuse/Git_Scripts/Repos/openjpa/54/b/TestDataCacheBehavesIdentical.java -8.741400240857297 -5.38914450990353 -8.741400240857297 -7.026413391123115 -1.7149868497341823
/home/ashley/reuse/Git_Scripts/Repos/openjpa/55/b/DetachedStateManager.java -8.030756672224033 -5.2819904409290155 -8.030756672224033 -7.715894406220536 -0.3148622660034972
/home/ashley/reuse/Git_Scripts/Repos/openjpa/55/b/SaveFieldManager.java -9.132800971605477 -5.602819472468078 -9.132800971605477 -7.2478333292101595 -1.884967642395317
/home/ashley/reuse/Git_Scripts/Repos/openjpa/55/b/DetachedStateAttachStrategy.java -9.134823584869109 -5.995497420257757 -9.134823584869109 -8.722860952610306 -0.4119626322588026
/home/ashley/reuse/Git_Scripts/Repos/openjpa/55/b/PCRegistry.java -9.54276915307955 -6.060495497218943 -9.54276915307955 -8.304044311093264 -1.2387248419862864
/home/ashley/reuse/Git_Scripts/Repos/openjpa/55/b/PCEnhancer.java -7.91327016088642 -4.824013156395892 -7.91327016088642 -6.178209035679944 -1.7350611252064763
/home/ashley/reuse/Git_Scripts/Repos/openjpa/55/b/AbstractBrokerFactory.java -8.50152606855067 -5.202850587082714 -8.50152606855067 -6.7026099868619395 -1.7989160816887297
/home/ashley/reuse/Git_Scripts/Repos/openjpa/55/b/DetachedValueStateManager.java -8.094166772533944 -5.36101568820605 -8.094166772533944 -7.935145814330919 -0.1590209582030253
/home/ashley/reuse/Git_Scripts/Repos/openjpa/55/b/LifecycleEventManager.java -8.841266349271441 -5.976498481909745 -8.841266349271441 -9.222355416050382 0.38108906677894083
/home/ashley/reuse/Git_Scripts/Repos/openjpa/55/b/OpenJPASavepoint.java -8.735519163007451 -5.770087299900627 -8.735519163007451 -8.498712920636766 -0.23680624237068493
/home/ashley/reuse/Git_Scripts/Repos/openjpa/55/b/StateManagerImpl.java -8.073300213238818 -5.245915225421896 -8.073300213238818 -7.4895793622947755 -0.5837208509440428
/home/ashley/reuse/Git_Scripts/Repos/openjpa/55/b/BrokerImpl.java -8.639200743493914 -5.798794531052918 -8.639200743493914 -8.818220822026586 0.17902007853267143
/home/ashley/reuse/Git_Scripts/Repos/openjpa/55/b/OpenJPAStateManager.java -9.907926476725255 -6.585970620981114 -9.907926476725255 -9.821520141172417 -0.08640633555283728
/home/ashley/reuse/Git_Scripts/Repos/openjpa/55/b/SavepointFieldManager.java -9.37294590889858 -5.949007396057882 -9.37294590889858 -8.142629361738544 -1.2303165471600348
/home/ashley/reuse/Git_Scripts/Repos/openjpa/55/b/SingleFieldManager.java -8.68323340284883 -5.7432602099517345 -8.68323340284883 -8.481381567830342 -0.2018518350184877
/home/ashley/reuse/Git_Scripts/Repos/openjpa/55/b/ObjectIdStateManager.java -8.252305555284359 -5.504289456826649 -8.252305555284359 -8.264703850890255 0.012398295605896337
/home/ashley/reuse/Git_Scripts/Repos/openjpa/57/b/AnnotationPersistenceXMLMetaDataParser.java -8.44265182435561 -5.521679506696928 -8.44265182435561 -7.974544396470546 -0.4681074278850632
/home/ashley/reuse/Git_Scripts/Repos/openjpa/60/b/DistributedStoreQuery.java -9.328515000322627 -5.182080557339767 -9.328515000322627 -5.829239178474585 -3.499275821848042
/home/ashley/reuse/Git_Scripts/Repos/openjpa/61/b/SourceCode.java -7.512990127135342 -4.761590932822384 -7.512990127135342 -6.499646885540691 -1.0133432415946508
/home/ashley/reuse/Git_Scripts/Repos/openjpa/62/b/ProductDerivations.java -7.76354181297487 -5.192164532570305 -7.76354181297487 -7.834994978920617 0.07145316594574691
/home/ashley/reuse/Git_Scripts/Repos/openjpa/63/b/QueryImpl.java -7.877389330634791 -4.595857773496304 -7.877389330634791 -5.516229291060707 -2.3611600395740835
/home/ashley/reuse/Git_Scripts/Repos/openjpa/64/b/BrokerImpl.java -8.639200743493914 -5.615354657451885 -8.639200743493914 -8.021601422699867 -0.6175993207940476
/home/ashley/reuse/Git_Scripts/Repos/openjpa/65/b/JPQLExpressionBuilder.java -9.720422843711438 -6.2828082888288685 -9.720422843711438 -8.882838991743496 -0.8375838519679419
/home/ashley/reuse/Git_Scripts/Repos/openjpa/65/b/PCPath.java -9.948628246215343 -6.451287516629559 -9.948628246215343 -9.175751831878097 -0.7728764143372455
/home/ashley/reuse/Git_Scripts/Repos/openjpa/66/b/PostgresDictionary.java -8.884236475866285 -5.094129257017309 -8.884236475866285 -5.968993326398654 -2.9152431494676305
/home/ashley/reuse/Git_Scripts/Repos/openjpa/66/b/AbstractLobTest.java -8.923657593952898 -6.054137256919021 -8.923657593952898 -9.408587308701536 0.4849297147486382
/home/ashley/reuse/Git_Scripts/Repos/openjpa/67/b/JPAFacadeHelper.java -9.303769695071951 -6.163705843749848 -9.303769695071951 -9.131295150936612 -0.1724745441353388
/home/ashley/reuse/Git_Scripts/Repos/openjpa/68/b/AnnotationPersistenceMetaDataParser.java -8.793084917192889 -5.839687323117951 -8.793084917192889 -8.692226768809956 -0.10085814838293317
/home/ashley/reuse/Git_Scripts/Repos/openjpa/69/b/Compatibility.java -8.381855780817709 -3.2303298141082446 -8.381855780817709 -2.6236451373235004 -5.758210643494209
/home/ashley/reuse/Git_Scripts/Repos/openjpa/69/b/FieldMetaData.java -8.364529353581423 -5.119553007010694 -8.364529353581423 -6.597580620974997 -1.7669487326064255
/home/ashley/reuse/Git_Scripts/Repos/openjpa/70/b/TimestampedEntity.java -8.899802030615119 -6.126375351307151 -8.899802030615119 -9.829632093515205 0.929830062900086
/home/ashley/reuse/Git_Scripts/Repos/openjpa/71/b/PCEnhancer.java -7.938747349325302 -5.261316923148597 -7.938747349325302 -7.799757305624906 -0.13899004370039592
/home/ashley/reuse/Git_Scripts/Repos/openjpa/71/b/ClassMetaData.java -8.683004907677919 -5.674381256696647 -8.683004907677919 -8.187537806052095 -0.49546710162582386
/home/ashley/reuse/Git_Scripts/Repos/openjpa/72/b/AnnotationPersistenceMappingParser.java -9.139717192800239 -5.01204811447382 -9.139717192800239 -5.5485984825617605 -3.5911187102384785
/home/ashley/reuse/Git_Scripts/Repos/openjpa/73/b/OpenJPAPersistence.java -9.406152168331161 -6.279090299496448 -9.406152168331161 -9.443701677985178 0.037549509654017044
/home/ashley/reuse/Git_Scripts/Repos/openjpa/74/b/PostgresDictionary.java -8.47323868608108 -3.1953989142719896 -8.47323868608108 -2.5650056527379426 -5.908233033343137
/home/ashley/reuse/Git_Scripts/Repos/openjpa/75/b/SQLServerDictionary.java -8.557342472678217 -5.216293928321554 -8.557342472678217 -6.676089595953489 -1.8812528767247274
/home/ashley/reuse/Git_Scripts/Repos/openjpa/76/b/ContactInfo.java -11.678054999499679 -7.785369999666453 -11.678054999499679 -11.678054999499679 0.0
/home/ashley/reuse/Git_Scripts/Repos/openjpa/76/b/DataCacheStoreManager.java -8.27641356622679 -5.545796063533831 -8.27641356622679 -8.404564485961915 0.12815091973512516
/home/ashley/reuse/Git_Scripts/Repos/openjpa/76/b/Phone.java -11.267489669046407 -7.523323847344651 -11.267489669046407 -11.267489669046407 0.0
/home/ashley/reuse/Git_Scripts/Repos/openjpa/76/b/Person.java -11.322383916660096 -7.548255944440063 -11.322383916660096 -11.322383916660096 0.0
/home/ashley/reuse/Git_Scripts/Repos/openjpa/76/b/TestJPAEmbeddableDataCache.java -8.854021329077328 -5.906808634922918 -8.854021329077328 -8.854021329077328 0.0
/home/ashley/reuse/Git_Scripts/Repos/openjpa/77/b/DistributedStoreQuery.java -9.181150904435603 -5.673844707866876 -9.181150904435603 -7.4215754939080965 -1.759575410527506
/home/ashley/reuse/Git_Scripts/Repos/openjpa/78/b/AbstractDB2Dictionary.java -9.418041943288754 -5.454219576584733 -9.418041943288754 -6.466679497986689 -2.951362445302065
/home/ashley/reuse/Git_Scripts/Repos/openjpa/78/b/DBDictionary.java -8.583736734427383 -5.230652373954667 -8.583736734427383 -6.695110844304065 -1.8886258901233184
/home/ashley/reuse/Git_Scripts/Repos/openjpa/78/b/ToUpperCase.java -10.528181302732728 -6.363552622854276 -10.528181302732728 -8.011484576979885 -2.5166967257528423
/home/ashley/reuse/Git_Scripts/Repos/openjpa/78/b/ToLowerCase.java -10.528181302732728 -6.363552622854276 -10.528181302732728 -8.011484576979885 -2.5166967257528423
/home/ashley/reuse/Git_Scripts/Repos/openjpa/78/b/DB2Dictionary.java -7.567480448364076 -4.428905413430356 -7.567480448364076 -5.3393107940297835 -2.228169654334293
/home/ashley/reuse/Git_Scripts/Repos/openjpa/79/b/JavaVersions.java -7.335740492442868 -4.789211248517928 -7.335740492442868 -6.891570774830433 -0.44416971761243484
/home/ashley/reuse/Git_Scripts/Repos/openjpa/80/b/SelectExecutor.java -11.078174473256675 -7.396707956229305 -11.078174473256675 -11.078174473256675 0.0
/home/ashley/reuse/Git_Scripts/Repos/openjpa/80/b/QueryImpl.java -7.802082426516192 -5.2013882843441275 -7.802082426516192 -7.802082426516192 0.0
/home/ashley/reuse/Git_Scripts/Repos/openjpa/80/b/SelectImpl.java -9.155906172172013 -6.104078364576217 -9.155906172172013 -9.155906172172013 0.0
/home/ashley/reuse/Git_Scripts/Repos/openjpa/80/b/DB2Dictionary.java -6.9156097173653945 -4.611519565273592 -6.9156097173653945 -6.9156097173653945 0.0
/home/ashley/reuse/Git_Scripts/Repos/openjpa/80/b/AbstractStoreQuery.java -9.617268565817884 -6.4262345640711915 -9.617268565817884 -9.683824057622852 0.06655549180496756
/home/ashley/reuse/Git_Scripts/Repos/openjpa/80/b/JDBCStoreQuery.java -10.081435344685612 -6.71576776976123 -10.081435344685612 -10.05579469987832 -0.025640644807293
/home/ashley/reuse/Git_Scripts/Repos/openjpa/80/b/JDBCStoreManager.java -8.933796683220153 -5.955864455480102 -8.933796683220153 -8.933796683220153 0.0
/home/ashley/reuse/Git_Scripts/Repos/openjpa/80/b/LogicalUnion.java -9.015193096695427 -6.010559132786768 -9.015193096695427 -9.015193096695427 0.0
/home/ashley/reuse/Git_Scripts/Repos/openjpa/81/b/MetaDataRepository.java -7.8046796913851955 -5.20149511168223 -7.8046796913851955 -7.797373182737941 -0.007306508647254795
/home/ashley/reuse/Git_Scripts/Repos/openjpa/82/b/UniqueA.java -11.872808450466156 -7.915205633644104 -11.872808450466156 -11.872808450466156 0.0
/home/ashley/reuse/Git_Scripts/Repos/openjpa/83/b/XMLMetaDataParser.java -8.182953189240424 -5.426501277953667 -8.182953189240424 -8.054703540632298 -0.1282496486081257
/home/ashley/reuse/Git_Scripts/Repos/openjpa/84/b/TestTimeoutException.java -8.196781476642641 -5.473676476743171 -8.196781476642641 -8.232188740040666 0.03540726339802447
/home/ashley/reuse/Git_Scripts/Repos/openjpa/85/b/QueryCacheStoreQuery.java -8.828261226370666 -5.80425644673363 -8.828261226370666 -8.47245554664118 -0.3558056797294853
/home/ashley/reuse/Git_Scripts/Repos/openjpa/86/b/Usage.java -10.094571597257318 -6.680231204067343 -10.094571597257318 -9.83947412007031 -0.25509747718700737
/home/ashley/reuse/Git_Scripts/Repos/openjpa/86/b/TestQueryTimestampEviction.java -8.757405092446612 -5.751597406321825 -8.757405092446612 -8.371382914646459 -0.3860221778001538
/home/ashley/reuse/Git_Scripts/Repos/openjpa/87/b/QueryLanguages.java -7.735478603237025 -5.15698573549135 -7.735478603237025 -7.735478603237025 0.0
/home/ashley/reuse/Git_Scripts/Repos/openjpa/87/b/ProductDerivations.java -6.937211201001819 -4.570956969427226 -6.937211201001819 -6.686971117598948 -0.25024008340287107
/home/ashley/reuse/Git_Scripts/Repos/openjpa/89/b/ManagedClassSubclasser.java -7.878388570241355 -4.034607295486922 -7.878388570241355 -4.132314855507574 -3.7460737147337806
/home/ashley/reuse/Git_Scripts/Repos/openjpa/90/b/Book.java -8.882027794765383 -5.96190906771923 -8.882027794765383 -9.043519209215663 0.16149141445028015
/home/ashley/reuse/Git_Scripts/Repos/openjpa/90/b/TestMultipleLevelDerivedIdentity.java -8.934837504026722 -5.483127005321022 -8.934837504026722 -7.090792417200569 -1.8440450868261538
/home/ashley/reuse/Git_Scripts/Repos/openjpa/90/b/Page.java -11.464974730630866 -7.722698112324054 -11.464974730630866 -11.829769381150939 0.3647946505200732
/home/ashley/reuse/Git_Scripts/Repos/openjpa/91/b/StateManagerImpl.java -8.088672480662911 -5.3774605679038405 -8.088672480662911 -8.021600433879295 -0.06707204678361656
/home/ashley/reuse/Git_Scripts/Repos/openjpa/92/b/JavaVersions.java -6.560712788242535 -4.366188650015067 -6.560712788242535 -6.520881921358148 -0.03983086688438675
/home/ashley/reuse/Git_Scripts/Repos/openjpa/93/b/ConfigurationImpl.java -8.471132156834056 -5.150161194332841 -8.471132156834056 -6.568515141929045 -1.9026170149050108
/home/ashley/reuse/Git_Scripts/Repos/openjpa/94/b/AnnotationPersistenceMetaDataParser.java -8.806516489952854 -5.795674431794458 -8.806516489952854 -8.475062698424116 -0.33145379152873744
/home/ashley/reuse/Git_Scripts/Repos/openjpa/94/b/FetchGroup.java -8.656233510490338 -5.602836073570802 -8.656233510490338 -7.941884143119777 -0.714349367370561
/home/ashley/reuse/Git_Scripts/Repos/openjpa/95/b/OpenJPAConfigurationImpl.java -8.42946318634038 -5.620206572009586 -8.42946318634038 -8.430733257635595 0.0012700712952149473
/home/ashley/reuse/Git_Scripts/Repos/openjpa/96/b/TraversableResolverImpl.java -10.636428845174734 -7.114668123862699 -10.636428845174734 -10.689878236356517 0.0534493911817826
/home/ashley/reuse/Git_Scripts/Repos/openjpa/97/b/JDBCStoreManager.java -8.818428575861422 -5.878539507133691 -8.818428575861422 -8.816570891307839 -0.0018576845535829278
/home/ashley/reuse/Git_Scripts/Repos/openjpa/98/b/TestPUDefaultCascadePersist.java -7.781101096488057 -5.29017117311365 -7.781101096488057 -8.259531680693094 0.4784305842050367
/home/ashley/reuse/Git_Scripts/Repos/openjpa/99/b/DistributedStoreQuery.java -9.165714867827173 -6.550414673291218 -9.165714867827173 -11.478459200755658 2.312744332928485
/home/ashley/reuse/Git_Scripts/Repos/openjpa/100/b/InExpression.java -9.936356663574271 -6.115577078987681 -9.936356663574271 -7.946058261045685 -1.9902984025285857
/home/ashley/reuse/Git_Scripts/Repos/openjpa/101/b/DBDictionaryFactory.java -7.046062353224018 -4.638477634298113 -7.046062353224018 -6.78571695088795 -0.2603454023360685
/home/ashley/reuse/Git_Scripts/Repos/openjpa/102/b/EntityManagerImpl.java -7.931336772888891 -4.68851716293612 -7.931336772888891 -5.733622750797651 -2.1977140220912394
/home/ashley/reuse/Git_Scripts/Repos/openjpa/104/b/DistributedStoreQuery.java -9.240508325911616 -5.476975742915386 -9.240508325911616 -6.723741436686835 -2.5167668892247814
/home/ashley/reuse/Git_Scripts/Repos/openjpa/105/b/Localizer.java -8.441253005795616 -5.035002894205843 -8.441253005795616 -6.238786337252873 -2.202466668542743
/home/ashley/reuse/Git_Scripts/Repos/openjpa/106/b/JavaVersions.java -6.553526945026039 -5.436127027061168 -6.553526945026039 -15.907824352873734 9.354297407847694
/home/ashley/reuse/Git_Scripts/Repos/openjpa/107/b/SingleFieldManager.java -8.68323340284883 -5.555097389043854 -8.68323340284883 -7.708601470252138 -0.974631932596691
/home/ashley/reuse/Git_Scripts/Repos/openjpa/108/b/DelegatingFetchConfiguration.java -8.144096489326413 -4.9503331601788005 -8.144096489326413 -6.308807139619053 -1.8352893497073604
/home/ashley/reuse/Git_Scripts/Repos/openjpa/108/b/FetchConfigurationImpl.java -8.79563637049406 -4.769038616054088 -8.79563637049406 -5.207751715790051 -3.587884654704009
/home/ashley/reuse/Git_Scripts/Repos/openjpa/108/b/FetchConfiguration.java -11.05082740602596 -6.408542060071631 -11.05082740602596 -7.614855859614527 -3.435971546411433
/home/ashley/reuse/Git_Scripts/Repos/openjpa/109/b/AccountingHierarchyRate.java -9.488628755633684 -6.329434548286497 -9.488628755633684 -9.488628755633684 0.0
/home/ashley/reuse/Git_Scripts/Repos/openjpa/109/b/AccountingHierarchyRateOpenJPAKey.java -8.250969946038467 -5.500646630692311 -8.250969946038467 -8.250969946038467 0.0
/home/ashley/reuse/Git_Scripts/Repos/openjpa/109/b/AccountingHierarchy.java -8.661250822102 -5.777700976799987 -8.661250822102 -8.661250822102 0.0
/home/ashley/reuse/Git_Scripts/Repos/openjpa/109/b/TestMergeComplexKey.java -8.331886472442989 -5.554590981628659 -8.331886472442989 -8.331886472442989 0.0
/home/ashley/reuse/Git_Scripts/Repos/openjpa/110/b/MappingRepository.java -9.483053153838808 -6.243106891826106 -9.483053153838808 -9.135037012978634 -0.3480161408601745
/home/ashley/reuse/Git_Scripts/Repos/openjpa/111/b/AnnotationPersistenceMetaDataParser.java -8.79719396948773 -5.805327616901235 -8.79719396948773 -8.533976872152387 -0.2632170973353425
/home/ashley/reuse/Git_Scripts/Repos/openjpa/112/b/DB2Dictionary.java -7.835791109316138 -4.980741684917422 -7.835791109316138 -6.834916950815253 -1.000874158500885
/home/ashley/reuse/Git_Scripts/Repos/openjpa/113/b/UnaryOp.java -10.629111567581866 -6.716800079795864 -10.629111567581866 -9.124224598192086 -1.50488696938978
/home/ashley/reuse/Git_Scripts/Repos/openjpa/113/b/Distinct.java -11.388283243324144 -4.889210607081569 -11.388283243324144 -4.26410605457799 -7.124177188746154
/home/ashley/reuse/Git_Scripts/Repos/openjpa/113/b/PCPath.java -10.199681003232682 -5.456235345323306 -10.199681003232682 -5.865310673792173 -4.3343703294405085
/home/ashley/reuse/Git_Scripts/Repos/openjpa/113/b/Count.java -10.71290951725661 -3.79788765494716 -10.71290951725661 -2.9418870695057016 -7.771022447750909
/home/ashley/reuse/Git_Scripts/Repos/openjpa/113/b/SelectConstructor.java -9.94425851276021 -5.802728773014278 -9.94425851276021 -6.963733422735601 -2.98052509002461
/home/ashley/reuse/Git_Scripts/Repos/openjpa/114/b/Filters.java -8.587596862391987 -5.565331004833018 -8.587596862391987 -7.905477634533613 -0.6821192278583741
/home/ashley/reuse/Git_Scripts/Repos/openjpa/115/b/Configurations.java -8.06760521601924 -4.913262881931854 -8.06760521601924 -6.281411432183148 -1.786193783836092
/home/ashley/reuse/Git_Scripts/Repos/openjpa/116/b/SchemaTool.java -8.581434775193618 -5.653012288170924 -8.581434775193618 -8.281666799706537 -0.29976797548708056
/home/ashley/reuse/Git_Scripts/Repos/openjpa/117/b/DB2Dictionary.java -7.658756142435526 -5.282041002932704 -7.658756142435526 -8.510456996598586 0.8517008541630604
/home/ashley/reuse/Git_Scripts/Repos/openjpa/119/b/AnnotationProcessor6.java -7.605798837411231 -5.455941208784304 -7.605798837411231 -9.651055667639461 2.0452568302282303
/home/ashley/reuse/Git_Scripts/Repos/openjpa/120/b/JPQLExpressionBuilder.java -9.661339724277076 -6.427919550053573 -9.661339724277076 -9.603192772232815 -0.05814695204426101
/home/ashley/reuse/Git_Scripts/Repos/openjpa/121/b/AbstractBrokerFactory.java -8.419188254644151 -5.4939054621096775 -8.419188254644151 -7.90594065926945 -0.5132475953747013
/home/ashley/reuse/Git_Scripts/Repos/openjpa/123/b/InformixDictionary.java -9.267723113629232 -5.9171765865035075 -9.267723113629232 -8.183553604493271 -1.084169509135961
/home/ashley/reuse/Git_Scripts/Repos/openjpa/123/b/DB2Dictionary.java -7.818985863013036 -4.949533912177342 -7.818985863013036 -6.742234367068966 -1.0767514959440696
/home/ashley/reuse/Git_Scripts/Repos/openjpa/123/b/OracleDictionary.java -8.370086939716066 -5.359553079756805 -8.370086939716066 -7.45049338793926 -0.9195935517768055
/home/ashley/reuse/Git_Scripts/Repos/openjpa/124/b/BatchingOperationOrderUpdateManager.java -10.467768344272146 -7.330638993389361 -10.467768344272146 -12.168116501717368 1.7003481574452213
/home/ashley/reuse/Git_Scripts/Repos/openjpa/124/b/BatchingConstraintUpdateManager.java -10.467768344272146 -7.330638993389361 -10.467768344272146 -12.168116501717368 1.7003481574452213
/home/ashley/reuse/Git_Scripts/Repos/openjpa/125/b/Address.java -7.806080322389709 -5.108273421604718 -7.806080322389709 -7.390371902854163 -0.41570841953554627
/home/ashley/reuse/Git_Scripts/Repos/openjpa/126/b/SchemaTool.java -8.594059050371849 -5.717505060721916 -8.594059050371849 -8.5408749999898 -0.05318405038204865
/home/ashley/reuse/Git_Scripts/Repos/openjpa/126/b/Column.java -8.705867635701445 -5.666412600793209 -8.705867635701445 -8.112478410288492 -0.5933892254129525
/home/ashley/reuse/Git_Scripts/Repos/openjpa/126/b/TableJDBCSeq.java -9.034388098297434 -5.604813705973628 -9.034388098297434 -7.380367957904589 -1.654020140392845
/home/ashley/reuse/Git_Scripts/Repos/openjpa/126/b/SchemaGroup.java -9.230087945789434 -6.154359174165164 -9.230087945789434 -9.230087945789434 0.0
/home/ashley/reuse/Git_Scripts/Repos/openjpa/130/b/Distinct.java -9.84578853057651 -7.95539713270582 -9.84578853057651 -20.503600857489225 10.657812326912715
/home/ashley/reuse/Git_Scripts/Repos/openjpa/131/b/ConstraintUpdateManager.java -9.87346799682949 -6.245214992573746 -9.87346799682949 -8.497468380811716 -1.3759996160177739
/home/ashley/reuse/Git_Scripts/Repos/openjpa/132/b/EntityManagerImpl.java -8.062663494646364 -5.211294566929534 -8.062663494646364 -7.367849536446306 -0.6948139582000579
/home/ashley/reuse/Git_Scripts/Repos/openjpa/133/b/Version.java -9.644902950309605 -6.354045505890663 -9.644902950309605 -9.31127423190267 -0.33362871840693487
/home/ashley/reuse/Git_Scripts/Repos/openjpa/133/b/VersionStrategy.java -12.059792707210416 -7.517270787494493 -12.059792707210416 -9.978678036497115 -2.0811146707133013
/home/ashley/reuse/Git_Scripts/Repos/openjpa/133/b/FieldMapping.java -9.472515081628659 -5.551494798229588 -9.472515081628659 -6.7046785975792105 -2.7678364840494485
/home/ashley/reuse/Git_Scripts/Repos/openjpa/133/b/AbstractVersionStrategy.java -11.105281911028218 -7.039711874804128 -11.105281911028218 -9.614640043776108 -1.4906418672521102
/home/ashley/reuse/Git_Scripts/Repos/openjpa/134/b/QueryImpl.java -7.802082426516192 -5.102325588703796 -7.802082426516192 -7.370213760547281 -0.4318686659689108
/home/ashley/reuse/Git_Scripts/Repos/openjpa/135/b/Joins.java -10.46409074193235 -6.324429910823197 -10.46409074193235 -7.991533078469663 -2.4725576634626876
/home/ashley/reuse/Git_Scripts/Repos/openjpa/135/b/CriteriaExpressionBuilder.java -9.33143207605923 -5.72315466295084 -9.33143207605923 -7.400377366232063 -1.9310547098271664
/home/ashley/reuse/Git_Scripts/Repos/openjpa/135/b/TestJPQLSubquery.java -9.141879258005833 -6.069438421325657 -9.141879258005833 -9.029640627940346 -0.1122386300654874
/home/ashley/reuse/Git_Scripts/Repos/openjpa/135/b/CriteriaQueryImpl.java -9.654941346478953 -6.399674065776759 -9.654941346478953 -9.486866932323613 -0.16807441415534008
/home/ashley/reuse/Git_Scripts/Repos/openjpa/136/b/JDBCStoreManager.java -8.944105422277818 -5.65266424787706 -8.944105422277818 -7.680226118420271 -1.2638793038575473
/home/ashley/reuse/Git_Scripts/Repos/openjpa/137/b/PCPath.java -9.947305565605904 -6.279449848985309 -9.947305565605904 -8.515003214099439 -1.4323023515064648
/home/ashley/reuse/Git_Scripts/Repos/openjpa/138/b/TestTableGeneratorMultithreadedInitialization.java -9.312788943321323 -6.47898840660196 -9.312788943321323 -10.646030095463479 1.3332411521421559
/home/ashley/reuse/Git_Scripts/Repos/openjpa/139/b/DB2Dictionary.java -7.600169001993962 -5.387508962497198 -7.600169001993962 -9.248746886993075 1.6485778849991135
/home/ashley/reuse/Git_Scripts/Repos/openjpa/140/b/EntityManagerImpl.java -7.839828250141199 -5.205659039008523 -7.839828250141199 -7.745753555094507 -0.09407469504669219
/home/ashley/reuse/Git_Scripts/Repos/openjpa/141/b/MapKey.java -12.58024053145486 -8.622994540104362 -12.58024053145486 -13.706419268986846 1.1261787375319852
/home/ashley/reuse/Git_Scripts/Repos/openjpa/141/b/Type.java -10.307567470990117 -6.288561805695805 -10.307567470990117 -8.064155727304032 -2.243411743686085
/home/ashley/reuse/Git_Scripts/Repos/openjpa/141/b/PCPath.java -10.002879354845978 -6.56343678183739 -10.002879354845978 -9.542545721675975 -0.46033363317000386
/home/ashley/reuse/Git_Scripts/Repos/openjpa/141/b/TestSpec10_1_26_Ex3.java -9.456504136737571 -5.957648094687846 -9.456504136737571 -8.045187369394618 -1.411316767342953
/home/ashley/reuse/Git_Scripts/Repos/openjpa/142/b/CriteriaQueryImpl.java -9.654941346478951 -5.63241870005892 -9.654941346478951 -6.757660793622634 -2.8972805528563175
/home/ashley/reuse/Git_Scripts/Repos/openjpa/142/b/RootImpl.java -10.606703906637387 -6.575912869786669 -10.606703906637387 -8.638944358347192 -1.9677595482901946
/home/ashley/reuse/Git_Scripts/Repos/openjpa/144/b/Args.java -12.215295882412411 -7.792121200788405 -12.215295882412411 -10.750303537584694 -1.4649923448277171
/home/ashley/reuse/Git_Scripts/Repos/openjpa/144/b/UnaryOp.java -10.629111567581866 -6.64813390797639 -10.629111567581866 -8.875176284097513 -1.7539352834843527
/home/ashley/reuse/Git_Scripts/Repos/openjpa/145/b/AttachStrategy.java -8.14191783061954 -5.271505089384284 -8.14191783061954 -7.474016398539334 -0.6679014320802068
/home/ashley/reuse/Git_Scripts/Repos/openjpa/145/b/BrokerImpl.java -8.622098561270976 -5.609986739903602 -8.622098561270976 -8.029226912451442 -0.5928716488195338
/home/ashley/reuse/Git_Scripts/Repos/openjpa/146/b/PreparedStatementManagerImpl.java -9.2550587082189 -5.843799903033494 -9.2550587082189 -7.916357587697668 -1.3387011205212325
/home/ashley/reuse/Git_Scripts/Repos/openjpa/147/b/JDBCStoreManager.java -8.785878220531258 -5.952950313254616 -8.785878220531258 -9.229999537173498 0.4441213166422404
/home/ashley/reuse/Git_Scripts/Repos/openjpa/148/b/DB2Dictionary.java -7.660620417717806 -5.096633681130588 -7.660620417717806 -7.613802263904404 -0.04681815381340204
/home/ashley/reuse/Git_Scripts/Repos/openjpa/149/b/TestQueryPagination.java -8.213183224566396 -4.639600553110516 -8.213183224566396 -5.3316087712015765 -2.88157445336482
/home/ashley/reuse/Git_Scripts/Repos/openjpa/150/b/DB2Dictionary.java -4.901037988211547 -1.0419008364998616 -4.901037988211547 -0.6614846332914573 -4.23955335492009
/home/ashley/reuse/Git_Scripts/Repos/openjpa/151/b/StoreCollectionFieldStrategy.java -9.414105030771815 -5.957395055048572 -9.414105030771815 -8.112271951061444 -1.30183307971037
/home/ashley/reuse/Git_Scripts/Repos/openjpa/152/b/DistributedStoreQuery.java -9.181150904435603 -5.857968475221518 -9.181150904435603 -8.086499556077671 -1.0946513483579317
/home/ashley/reuse/Git_Scripts/Repos/openjpa/152/b/DistributedStoreManager.java -9.240619827549219 -6.351715358401886 -9.240619827549219 -10.158485250486839 0.91786542293762
/home/ashley/reuse/Git_Scripts/Repos/openjpa/153/b/QueryStatistics.java -8.22480331363162 -4.926363779913991 -8.22480331363162 -6.137648924365962 -2.087154389265658
/home/ashley/reuse/Git_Scripts/Repos/openjpa/154/b/DBDictionary.java -8.635467433679706 -5.301074775674457 -8.635467433679706 -6.864148038268047 -1.771319395411659
/home/ashley/reuse/Git_Scripts/Repos/openjpa/155/b/DataCacheStoreManager.java -8.724193176751779 -5.468796878665053 -8.724193176751779 -7.327961950735748 -1.396231226016031
/home/ashley/reuse/Git_Scripts/Repos/openjpa/156/b/DerbyDictionary.java -7.1925868454796555 -5.025504302386894 -7.1925868454796555 -8.314366445233363 1.1217795997537072
/home/ashley/reuse/Git_Scripts/Repos/openjpa/156/b/DBDictionary.java -8.636086722267866 -5.672318354938062 -8.636086722267866 -8.26424793677301 -0.3718387854948553
/home/ashley/reuse/Git_Scripts/Repos/openjpa/157/b/StateManagerImpl.java -8.073300213238818 -5.2300090185547194 -8.073300213238818 -7.424613989883296 -0.6486862233555222
/home/ashley/reuse/Git_Scripts/Repos/openjpa/157/b/SingleFieldManager.java -8.68323340284883 -5.735199493867591 -8.68323340284883 -8.444574580245213 -0.23865882260361637
/home/ashley/reuse/Git_Scripts/Repos/openjpa/158/b/RelationFieldStrategy.java -8.8931032242846 -5.9287354828564 -8.8931032242846 -8.8931032242846 0.0
/home/ashley/reuse/Git_Scripts/Repos/openjpa/158/b/FetchPlan.java -8.4870543874171 -5.661590301153869 -8.4870543874171 -8.503067697582038 0.016013310164938233
/home/ashley/reuse/Git_Scripts/Repos/openjpa/158/b/StoreFacadeTypeRegistry.java -7.621830317626169 -3.09088049747052 -7.621830317626169 -2.5896566330158413 -5.032173684610328
/home/ashley/reuse/Git_Scripts/Repos/openjpa/159/b/TestNamedQueryLockMode.java -8.815694270323428 -5.72800101923677 -8.815694270323428 -8.167327669184576 -0.6483666011388518
/home/ashley/reuse/Git_Scripts/Repos/openjpa/160/b/QueryImpl.java -7.776349963689673 -5.049836188929378 -7.776349963689673 -7.198987553392528 -0.5773624102971446
/home/ashley/reuse/Git_Scripts/Repos/openjpa/161/b/DetachManager.java -8.734013051707642 -5.820280781784447 -8.734013051707642 -8.721096098710293 -0.012916952997349185
/home/ashley/reuse/Git_Scripts/Repos/openjpa/161/b/BrokerImpl.java -8.634572501242433 -5.714549736518509 -8.634572501242433 -8.448654299124016 -0.18591820211841714
/home/ashley/reuse/Git_Scripts/Repos/openjpa/162/b/DBDictionary.java -8.594517330736034 -5.056753506948349 -8.594517330736034 -6.142348361485199 -2.4521689692508346
/home/ashley/reuse/Git_Scripts/Repos/openjpa/162/b/SchemaGenerator.java -8.197454403052452 -5.1703377654240885 -8.197454403052452 -7.0006565907632305 -1.1967978122892218
/home/ashley/reuse/Git_Scripts/Repos/openjpa/162/b/PostgresDictionary.java -8.47323868608108 -3.221111707291003 -8.47323868608108 -2.5983043099135337 -5.8749343761675465
/home/ashley/reuse/Git_Scripts/Repos/openjpa/163/b/PCPath.java -9.626516310680096 -5.631769435232099 -9.626516310680096 -6.7842444774859505 -2.842271833194145
/home/ashley/reuse/Git_Scripts/Repos/openjpa/164/b/AnnotationProcessor6.java -8.07829844583554 -5.389509795227551 -8.07829844583554 -8.090239759133153 0.011941313297613831
/home/ashley/reuse/Git_Scripts/Repos/openjpa/164/b/SourceAnnotationHandler.java -8.967719657254458 -5.984576528357452 -8.967719657254458 -8.995211133824828 0.02749147657037021
/home/ashley/reuse/Git_Scripts/Repos/openjpa/166/b/JDBCBrokerFactory.java -9.643933745653346 -6.367409576052161 -9.643933745653346 -9.370734489402542 -0.27319925625080366
/home/ashley/reuse/Git_Scripts/Repos/openjpa/167/b/TestJPQLScalarExpressions.java -7.715958358865086 -5.0715362953746315 -7.715958358865086 -7.3989253475922725 -0.31703301127281325
/home/ashley/reuse/Git_Scripts/Repos/openjpa/168/b/MethodLifecycleCallbacks.java -7.272466519921383 -4.915004286788973 -7.272466519921383 -7.581076722796275 0.3086102028748918
/home/ashley/reuse/Git_Scripts/Repos/openjpa/169/b/AbstractPCData.java -8.02006832283458 -5.334088303345483 -8.02006832283458 -7.963527711014162 -0.05654061182041836
/home/ashley/reuse/Git_Scripts/Repos/openjpa/170/b/QueryImpl.java -8.278374974535346 -4.956282567884828 -8.278374974535346 -6.17407193998989 -2.104303034545456
/home/ashley/reuse/Git_Scripts/Repos/openjpa/172/b/DelegatingDatabaseMetaData.java -6.272921838207889 -4.181947892138593 -6.272921838207889 -6.272921838207889 0.0
/home/ashley/reuse/Git_Scripts/Repos/openjpa/173/b/JDBCStoreQuery.java -10.008987667957427 -5.337950324238532 -10.008987667957427 -5.719016466365476 -4.2899712015919516
/home/ashley/reuse/Git_Scripts/Repos/openjpa/174/b/MappingInfo.java -9.01601997255876 -5.780234508990577 -9.01601997255876 -8.052076458230898 -0.9639435143278625
/home/ashley/reuse/Git_Scripts/Repos/openjpa/174/b/DynamicSchemaFactory.java -10.049260200195672 -5.315987084538911 -10.049260200195672 -5.637125462892934 -4.412134737302738
/home/ashley/reuse/Git_Scripts/Repos/openjpa/174/b/Table.java -9.164076067730965 -5.538577797847421 -9.164076067730965 -6.99821705805387 -2.1658590096770958
/home/ashley/reuse/Git_Scripts/Repos/openjpa/175/b/NumberVersionStrategy.java -8.567009114253782 -5.503043501626547 -8.567009114253782 -7.668175371118958 -0.8988337431348237
/home/ashley/reuse/Git_Scripts/Repos/openjpa/178/b/TestCascadePersist.java -9.680796089981508 -5.8004769960633 -9.680796089981508 -7.23564656209958 -2.4451495278819273
/home/ashley/reuse/Git_Scripts/Repos/openjpa/179/b/TestNativeSeqGenerator.java -10.004981862083422 -5.70283966138755 -10.004981862083422 -6.631208908590175 -3.3737729534932477
/home/ashley/reuse/Git_Scripts/Repos/openjpa/180/b/DataCacheScheduler.java -8.243098696782576 -5.469177990180705 -8.243098696782576 -8.12621893914163 -0.11687975764094638
/home/ashley/reuse/Git_Scripts/Repos/openjpa/181/b/XMLPersistenceMetaDataParser.java -8.46617460337206 -5.507183881799425 -8.46617460337206 -7.878493835122647 -0.5876807682494132
/home/ashley/reuse/Git_Scripts/Repos/openjpa/182/b/PersistenceProductDerivation.java -8.302823595148663 -4.4616741348103455 -8.302823595148663 -4.822058300890101 -3.4807652942585623
/home/ashley/reuse/Git_Scripts/Repos/openjpa/182/b/PersistenceProviderImpl.java -9.254686821576652 -4.946609899392935 -9.254686821576652 -5.308217745834031 -3.9464690757426206
/home/ashley/reuse/Git_Scripts/Repos/openjpa/183/b/DetachManager.java -8.751654299920181 -5.854436715813403 -8.751654299920181 -8.840098427673874 0.08844412775369292
/home/ashley/reuse/Git_Scripts/Repos/openjpa/183/b/AutoDetach.java -6.6186671218361885 -4.114306589249523 -6.6186671218361885 -5.4367622786511545 -1.181904843185034
/home/ashley/reuse/Git_Scripts/Repos/openjpa/183/b/BrokerImpl.java -8.639200743493914 -5.721688394583972 -8.639200743493914 -8.471025415930184 -0.16817532756373055
/home/ashley/reuse/Git_Scripts/Repos/openjpa/183/b/AutoDetachValue.java -7.887731240506873 -5.956342843298648 -7.887731240506873 -12.116514909371775 4.228783668864902
/home/ashley/reuse/Git_Scripts/Repos/openjpa/184/b/MappingRepository.java -9.606643443131103 -6.042464108242515 -9.606643443131103 -8.14322074616056 -1.463422696970543
/home/ashley/reuse/Git_Scripts/Repos/openjpa/185/b/AbstractJDBCSavepointManager.java -9.93908005558895 -6.415526591065777 -9.93908005558895 -9.048313446833335 -0.8907666087556141
/home/ashley/reuse/Git_Scripts/Repos/openjpa/185/b/EmbedFieldStrategy.java -9.239147991391146 -6.155750011002026 -9.239147991391146 -9.222598852204928 -0.016549139186217587
/home/ashley/reuse/Git_Scripts/Repos/openjpa/186/b/DBDictionary.java -8.618267558136067 -5.652049168166084 -8.618267558136067 -8.210938234977473 -0.40732932315859394
/home/ashley/reuse/Git_Scripts/Repos/openjpa/186/b/SelectImpl.java -9.104557172709882 -6.0154092867610265 -9.104557172709882 -8.864521834270075 -0.24003533843980662
/home/ashley/reuse/Git_Scripts/Repos/openjpa/186/b/JDBCStoreQuery.java -9.841189537749406 -6.517855898038219 -9.841189537749406 -9.650468810273642 -0.19072072747576385
/home/ashley/reuse/Git_Scripts/Repos/openjpa/187/b/CriteriaExpressionBuilder.java -9.344132560476766 -5.777914688487105 -9.344132560476766 -7.56958810570756 -1.774544454769206
/home/ashley/reuse/Git_Scripts/Repos/openjpa/187/b/CriteriaQueryImpl.java -9.627025755261503 -6.804671029643654 -9.627025755261503 -11.60084534918359 1.9738195939220873
/home/ashley/reuse/Git_Scripts/Repos/openjpa/188/b/PCEnhancer.java -7.91327016088642 -5.103118060927942 -7.91327016088642 -7.184739675002891 -0.7285304858835291
/home/ashley/reuse/Git_Scripts/Repos/openjpa/190/b/BrokerImpl.java -8.639200743493914 -5.728659635384481 -8.639200743493914 -8.502034285539525 -0.13716645795438964
/home/ashley/reuse/Git_Scripts/Repos/openjpa/191/b/DelegatingFetchConfiguration.java -8.120161027066379 -5.304089182879759 -8.120161027066379 -7.642779802420401 -0.47738122464597765
/home/ashley/reuse/Git_Scripts/Repos/openjpa/191/b/FetchConfigurationImpl.java -8.687489821243943 -4.633486885170734 -8.687489821243943 -4.963185158093791 -3.7243046631501526
/home/ashley/reuse/Git_Scripts/Repos/openjpa/191/b/StateManagerImpl.java -8.073300213238818 -5.289054372183636 -8.073300213238818 -7.668166934317701 -0.4051332789211175
/home/ashley/reuse/Git_Scripts/Repos/openjpa/191/b/FetchConfiguration.java -10.867401415671479 -6.967192098464749 -10.867401415671479 -9.706565355361118 -1.160836060310361
/home/ashley/reuse/Git_Scripts/Repos/openjpa/192/b/OracleDictionary.java -8.318835152972682 -5.5458901019817874 -8.318835152972682 -8.318835152972682 0.0
/home/ashley/reuse/Git_Scripts/Repos/openjpa/193/b/PostgresDictionary.java -8.663240637974198 -5.044293923524038 -8.663240637974198 -6.037658959396871 -2.625581678577327
/home/ashley/reuse/Git_Scripts/Repos/openjpa/194/b/InformixDictionary.java -9.15410125500323 -6.102734170002154 -9.15410125500323 -9.15410125500323 0.0
/home/ashley/reuse/Git_Scripts/Repos/openjpa/194/b/DBDictionary.java -8.769119462915357 -5.846153966593209 -8.769119462915357 -8.769119462915357 0.0
/home/ashley/reuse/Git_Scripts/Repos/openjpa/194/b/DB2Dictionary.java -7.838034445546952 -5.219776456764371 -7.838034445546952 -7.812978675412635 -0.02505577013431637
/home/ashley/reuse/Git_Scripts/Repos/openjpa/194/b/TestTimeoutException.java -7.180309680866168 -5.002424756423329 -7.180309680866168 -8.24629403124686 1.0659843503806918
/home/ashley/reuse/Git_Scripts/Repos/openjpa/194/b/PessimisticLockManager.java -9.429252338802115 -6.222692260069409 -9.429252338802115 -9.149264960925807 -0.27998737787630823
/home/ashley/reuse/Git_Scripts/Repos/openjpa/194/b/PersistenceExceptions.java -9.354556678489448 -6.238720919716021 -9.354556678489448 -9.365138756180047 0.010582077690598268
/home/ashley/reuse/Git_Scripts/Repos/openjpa/194/b/OracleDictionary.java -8.186131263685642 -5.457420842457094 -8.186131263685642 -8.186131263685642 0.0
/home/ashley/reuse/Git_Scripts/Repos/openjpa/195/b/AbstractBrokerFactory.java -8.50152606855067 -5.199374294930988 -8.50152606855067 -6.691083572439133 -1.810442496111536
/home/ashley/reuse/Git_Scripts/Repos/openjpa/196/b/PersistenceExceptions.java -9.25888654932398 -6.21274729424899 -9.25888654932398 -9.441971876570499 0.18308532724651805
/home/ashley/reuse/Git_Scripts/Repos/openjpa/196/b/QueryTimeoutException.java -8.013757585553419 -5.244672559972062 -8.013757585553419 -7.589065363277546 -0.42469222227587267
/home/ashley/reuse/Git_Scripts/Repos/openjpa/197/b/JPAProperties.java -7.515357738603708 -5.086402064990216 -7.515357738603708 -7.8608031913485155 0.34544545274480765
/home/ashley/reuse/Git_Scripts/Repos/openjpa/198/b/PessimisticLockManager.java -9.459480349307864 -6.2620875258277175 -9.459480349307864 -9.254042474002066 -0.2054378753057975
/home/ashley/reuse/Git_Scripts/Repos/openjpa/200/b/MappingDefaultsImpl.java -9.87821396079844 -5.993023224340293 -9.87821396079844 -7.618720636613628 -2.2594933241848123
/home/ashley/reuse/Git_Scripts/Repos/openjpa/201/b/TestTypesafeCriteria.java -9.327605842006156 -5.716152551147462 -9.327605842006156 -7.38179531005426 -1.9458105319518957
/home/ashley/reuse/Git_Scripts/Repos/openjpa/202/b/SQLServerDictionary.java -8.640824845118777 -5.768475804694043 -8.640824845118777 -8.669413182075333 0.02858833695655605
/home/ashley/reuse/Git_Scripts/Repos/openjpa/203/b/OpenJPAConfiguration.java -8.992606071215528 -6.003550304969914 -8.992606071215528 -9.027031190161058 0.034425118945529576
/home/ashley/reuse/Git_Scripts/Repos/openjpa/204/b/TestValidationMode.java -8.740383173045933 -4.695442651825759 -8.740383173045933 -5.0730001749988824 -3.6673829980470503
/home/ashley/reuse/Git_Scripts/Repos/openjpa/204/b/OpenJPAConfiguration.java -8.966828708388537 -5.75240570541112 -8.966828708388537 -8.020020708123909 -0.9468080002646282
/home/ashley/reuse/Git_Scripts/Repos/openjpa/204/b/OpenJPAConfigurationImpl.java -8.358101828924898 -5.282642293538708 -8.358101828924898 -7.178254453872625 -1.1798473750522733
/home/ashley/reuse/Git_Scripts/Repos/openjpa/207/b/TestDetachNoProxy.java -7.847102005706435 -4.141677535325947 -7.847102005706435 -4.385484895757202 -3.461617109949233
/home/ashley/reuse/Git_Scripts/Repos/openjpa/209/b/AbstractBrokerFactory.java -8.408214388099685 -5.614111455434517 -8.408214388099685 -8.444396707545332 0.03618231944564698
/home/ashley/reuse/Git_Scripts/Repos/openjpa/210/b/OpenJPAConfiguration.java -8.958349805926398 -5.691471865285171 -8.958349805926398 -7.800292235296143 -1.1580575706302545
/home/ashley/reuse/Git_Scripts/Repos/openjpa/211/b/DBDictionary.java -8.594517330736034 -5.012824029676606 -8.594517330736034 -6.014082683808177 -2.5804346469278565
/home/ashley/reuse/Git_Scripts/Repos/openjpa/212/b/TestDataCacheBehavesIdentical.java -8.750165117125253 -5.3773633358912445 -8.750165117125253 -6.975330917106048 -1.774834200019205
/home/ashley/reuse/Git_Scripts/Repos/openjpa/213/b/RelationFieldStrategy.java -8.997005981828746 -5.812952363538949 -8.997005981828746 -8.211543277032165 -0.785462704796581
/home/ashley/reuse/Git_Scripts/Repos/openjpa/213/b/HandlerRelationMapTableFieldStrategy.java -8.920429275510937 -5.521266230664832 -8.920429275510937 -7.242205408320572 -1.6782238671903649
/home/ashley/reuse/Git_Scripts/Repos/openjpa/214/b/XMLPersistenceMetaDataParser.java -8.639392344654018 -5.73823578492749 -8.639392344654018 -8.543983975272843 -0.09540836938117536
/home/ashley/reuse/Git_Scripts/Repos/openjpa/215/b/CandidatePath.java -9.923273104537659 -6.035899145237126 -9.923273104537659 -7.694888968781833 -2.2283841357558254
/home/ashley/reuse/Git_Scripts/Repos/openjpa/215/b/JPQLExpressionBuilder.java -9.661339724277076 -5.642790094674342 -9.661339724277076 -6.783157746246855 -2.878181978030221
/home/ashley/reuse/Git_Scripts/Repos/openjpa/215/b/Value.java -10.185924617452148 -5.133706007195882 -10.185924617452148 -5.1751068620926235 -5.010817755359525
/home/ashley/reuse/Git_Scripts/Repos/openjpa/215/b/QueryExpressions.java -10.528237377661132 -4.886227030033046 -10.528237377661132 -4.558956372258247 -5.969281005402885
/home/ashley/reuse/Git_Scripts/Repos/openjpa/215/b/AbstractExpressionBuilder.java -8.945868473877443 -5.620728576510981 -8.945868473877443 -7.558214908091068 -1.3876535657863753
/home/ashley/reuse/Git_Scripts/Repos/openjpa/215/b/Subquery.java -10.883364635833585 -7.255576423889057 -10.883364635833585 -10.883364635833585 0.0
/home/ashley/reuse/Git_Scripts/Repos/openjpa/215/b/SubQ.java -9.653121813152383 -6.617334387814708 -9.653121813152383 -10.520818155907653 0.86769634275527
/home/ashley/reuse/Git_Scripts/Repos/openjpa/215/b/Path.java -11.314316340972146 -5.32438416045748 -11.314316340972146 -4.982451232721679 -6.331865108250468
/home/ashley/reuse/Git_Scripts/Repos/openjpa/215/b/Val.java -8.20710492386942 -4.9578756707334035 -8.20710492386942 -6.247989554945752 -1.9591153689236673
/home/ashley/reuse/Git_Scripts/Repos/openjpa/216/b/HandlerHandlerMapTableFieldStrategy.java -8.956164787511474 -5.912139522413637 -8.956164787511474 -8.69192138197912 -0.2642434055323548
/home/ashley/reuse/Git_Scripts/Repos/openjpa/218/b/DistributedJDBCConfigurationImpl.java -8.095243797250088 -5.397850357901478 -8.095243797250088 -8.097541624044654 0.002297826794565694
/home/ashley/reuse/Git_Scripts/Repos/openjpa/219/b/PCPath.java -9.901960217610638 -6.600623092754227 -9.901960217610638 -9.898884119375904 -0.0030760982347342036
/home/ashley/reuse/Git_Scripts/Repos/openjpa/220/b/X.java -7.773610988516423 -4.928098212879112 -7.773610988516423 -6.707195040633304 -1.0664159478831188
/home/ashley/reuse/Git_Scripts/Repos/openjpa/220/b/TestAudit.java -8.676696838680636 -4.966128829252942 -8.676696838680636 -5.800851144273739 -2.8758456944068964
/home/ashley/reuse/Git_Scripts/Repos/openjpa/221/b/AbstractCFMetaDataFactory.java -8.37738429401633 -5.399793896955779 -8.37738429401633 -7.594576778273076 -0.7828075157432544
/home/ashley/reuse/Git_Scripts/Repos/openjpa/222/b/DistributedBrokerImpl.java -9.158094546933489 -5.778978336092066 -9.158094546933489 -7.831105337071698 -1.3269892098617913
/home/ashley/reuse/Git_Scripts/Repos/openjpa/223/b/DB2Dictionary.java -6.168291057504826 -2.1821690996373415 -6.168291057504826 -1.688389653594217 -4.479901403910609
/home/ashley/reuse/Git_Scripts/Repos/openjpa/224/b/TestXMLCustomerOrder.java -9.159933765414383 -6.106622510276256 -9.159933765414383 -9.159933765414383 0.0
/home/ashley/reuse/Git_Scripts/Repos/openjpa/225/b/MappingRepository.java -9.483053153838808 -5.886789145109523 -9.483053153838808 -7.761490011997228 -1.72156314184158
/home/ashley/reuse/Git_Scripts/Repos/openjpa/226/b/DB2Dictionary.java -7.600169001993962 -5.066779334662641 -7.600169001993962 -7.600169001993962 0.0
/home/ashley/reuse/Git_Scripts/Repos/openjpa/227/b/DerbyDictionary.java -7.046470352675859 -4.544129029176589 -7.046470352675859 -6.378456343706588 -0.668014008969271
/home/ashley/reuse/Git_Scripts/Repos/openjpa/227/b/DBDictionary.java -8.594517330736034 -5.324907102383056 -8.594517330736034 -6.998541596660603 -1.5959757340754308
/home/ashley/reuse/Git_Scripts/Repos/openjpa/228/b/PersistenceProviderImpl.java -8.807554646373783 -5.873126885918501 -8.807554646373783 -8.807554646373783 0.0
/home/ashley/reuse/Git_Scripts/Repos/openjpa/229/b/LogFactoryImpl.java -7.911097168868683 -5.0080140337052 -7.911097168868683 -6.818992845893545 -1.0921043229751382
/home/ashley/reuse/Git_Scripts/Repos/openjpa/230/b/TestPersistence.java -9.112575388876234 -5.995414768961018 -9.112575388876234 -8.763370857550685 -0.3492045313255492
/home/ashley/reuse/Git_Scripts/Repos/openjpa/231/b/InformixDictionary.java -9.530761342204556 -6.328526787652428 -9.530761342204556 -9.417748361862209 -0.11301298034234719
/home/ashley/reuse/Git_Scripts/Repos/openjpa/232/b/JPQLExpressionBuilder.java -9.592542042751207 -5.9716788095624045 -9.592542042751207 -7.909504829470355 -1.6830372132808522
/home/ashley/reuse/Git_Scripts/Repos/openjpa/233/b/AbstractBrokerFactory.java -8.50152606855067 -5.485242148552663 -8.50152606855067 -7.727636737583627 -0.7738893309670427
/home/ashley/reuse/Git_Scripts/Repos/openjpa/233/b/LifecycleEventManager.java -8.841266349271441 -5.989883696874828 -8.841266349271441 -9.283176225805661 0.4419098765342202
/home/ashley/reuse/Git_Scripts/Repos/openjpa/233/b/AbstractLifecycleListener.java -8.993806713032962 -5.246387249269228 -8.993806713032962 -6.295664699123074 -2.698142013909888
/home/ashley/reuse/Git_Scripts/Repos/openjpa/235/b/TestBadAutoDetachProperty.java -8.341029563149396 -4.978346778635624 -8.341029563149396 -6.16228110026047 -2.178748462888926
/home/ashley/reuse/Git_Scripts/Repos/openjpa/237/b/AnnotationProcessor6.java -7.570426393017148 -5.499571902785703 -7.570426393017148 -10.04688916377399 2.476462770756842
/home/ashley/reuse/Git_Scripts/Repos/openjpa/237/b/SourceAnnotationHandler.java -9.050664689766307 -5.9945960932218405 -9.050664689766307 -8.87661344573234 -0.17405124403396677
/home/ashley/reuse/Git_Scripts/Repos/openjpa/238/b/TestPreparedQueryCache.java -8.12511364834729 -5.196254529802643 -8.12511364834729 -7.20678468178136 -0.9183289665659293
/home/ashley/reuse/Git_Scripts/Repos/openjpa/238/b/SQLBuffer.java -9.257141013302709 -6.1816661266766335 -9.257141013302709 -9.303368933469015 0.046227920166305836
/home/ashley/reuse/Git_Scripts/Repos/openjpa/239/b/ImageConstraint.java -7.742187783135256 -4.89869336096558 -7.742187783135256 -6.669013238938289 -1.0731745441969665
/home/ashley/reuse/Git_Scripts/Repos/openjpa/239/b/ImageContent.java -7.681566255179375 -4.878832621532846 -7.681566255179375 -6.685807666545011 -0.9957585886343638
/home/ashley/reuse/Git_Scripts/Repos/openjpa/240/b/SingleFieldManager.java -8.574348617698869 -5.601616431975749 -8.574348617698869 -8.076900428700675 -0.49744818899819343
/home/ashley/reuse/Git_Scripts/Repos/openjpa/241/b/TestLocalizer.java -8.17964567388591 -5.4713715700657755 -8.17964567388591 -8.245743820745593 0.06609814685968374
/home/ashley/reuse/Git_Scripts/Repos/openjpa/242/b/TestMixedLockManagerDeadlock.java -8.69163956476229 -5.763485264788975 -8.69163956476229 -8.553875825263177 -0.13776373949911402
/home/ashley/reuse/Git_Scripts/Repos/openjpa/242/b/SequencedActionsTest.java -8.277039485156411 -5.503852718672482 -8.277039485156411 -8.213584246021892 -0.06345523913451956
/home/ashley/reuse/Git_Scripts/Repos/openjpa/242/b/TestMixedLockManagerLockPermutation.java -6.9354847010434595 -4.5484280142012175 -6.9354847010434595 -6.6076254242668595 -0.3278592767766
/home/ashley/reuse/Git_Scripts/Repos/openjpa/242/b/TestMixedLockManagerFindPermutation.java -6.927274300901773 -4.624099821614124 -6.927274300901773 -6.9539689995565 0.026694698654726956
/home/ashley/reuse/Git_Scripts/Repos/openjpa/242/b/TestMixedLockManagerRefreshPermutation.java -7.042399094717482 -4.6839952045238 -7.042399094717482 -6.993408492319448 -0.04899060239803443
/home/ashley/reuse/Git_Scripts/Repos/openjpa/243/b/JPQLExpressionBuilder.java -9.661339724277076 -5.449335712077468 -9.661339724277076 -6.249272090991302 -3.4120676332857736
/home/ashley/reuse/Git_Scripts/Repos/openjpa/243/b/QueryImpl.java -8.410779373467934 -5.5409554340735605 -8.410779373467934 -8.118863424244566 -0.29191594922336783
/home/ashley/reuse/Git_Scripts/Repos/openjpa/244/b/Parent.java -12.497290191342222 -8.239971554731135 -12.497290191342222 -11.997398583688533 -0.499891607653689
/home/ashley/reuse/Git_Scripts/Repos/openjpa/245/b/InterfaceImplGenerator.java -8.471546740613825 -5.472331413655533 -8.471546740613825 -7.722750848934101 -0.7487958916797233
/home/ashley/reuse/Git_Scripts/Repos/openjpa/246/b/StoreCollectionFieldStrategy.java -9.397362881619562 -6.662996932230001 -9.397362881619562 -11.446182322279897 2.048819440660335
/home/ashley/reuse/Git_Scripts/Repos/openjpa/247/b/OpenJPAConfigurationImpl.java -8.383504753021203 -5.596844710848036 -8.383504753021203 -8.417875808321181 0.03437105529997808
/home/ashley/reuse/Git_Scripts/Repos/openjpa/248/b/TestDetachNoStateField.java -9.74932335624513 -6.388580996043557 -9.74932335624513 -9.244652500157148 -0.5046708560879818
/home/ashley/reuse/Git_Scripts/Repos/openjpa/248/b/PCEnhancer.java -7.930380583496484 -5.282935652888267 -7.930380583496484 -7.9121682735659125 -0.018212309930571102
/home/ashley/reuse/Git_Scripts/Repos/openjpa/249/b/RelationFieldStrategy.java -9.009112222118857 -6.044421427511852 -9.009112222118857 -9.183903943252975 0.17479172113411856
/home/ashley/reuse/Git_Scripts/Repos/openjpa/249/b/TestEmbeddable.java -9.484230813622421 -5.926647177898619 -9.484230813622421 -7.899243524918964 -1.5849872887034575
/home/ashley/reuse/Git_Scripts/Repos/openjpa/250/b/RelationFieldStrategy.java -8.912323413222747 -5.922770342457763 -8.912323413222747 -8.828350516741377 -0.08397289648137019
/home/ashley/reuse/Git_Scripts/Repos/openjpa/250/b/RelationToManyInverseKeyFieldStrategy.java -9.462477834618067 -6.27390597077077 -9.462477834618067 -9.309292485769024 -0.15318534884904267
/home/ashley/reuse/Git_Scripts/Repos/openjpa/250/b/MappingFactoryValue.java -9.311804892399849 -6.160553846496241 -9.311804892399849 -9.102079556985437 -0.20972533541441152
/home/ashley/reuse/Git_Scripts/Repos/openjpa/251/b/QueryCacheStoreQuery.java -8.853495357044931 -5.811373878676723 -8.853495357044931 -8.456429504668371 -0.39706585237656
/home/ashley/reuse/Git_Scripts/Repos/openjpa/252/b/Person.java -9.765504810041984 -6.563699954290514 -9.765504810041984 -10.009642430293034 0.2441376202510508
/home/ashley/reuse/Git_Scripts/Repos/openjpa/253/b/AbstractPCData.java -8.245595588029136 -5.466942828227537 -8.245595588029136 -8.111520863020532 -0.1340747250086043
/home/ashley/reuse/Git_Scripts/Repos/openjpa/254/b/SingleFieldManager.java -8.68323340284883 -5.746490844298494 -8.68323340284883 -8.493721969196963 -0.18951143365186596
/home/ashley/reuse/Git_Scripts/Repos/openjpa/255/b/PostgresDictionary.java -8.47323868608108 -3.160990455037187 -8.47323868608108 -2.52046920656371 -5.95276947951737
/home/ashley/reuse/Git_Scripts/Repos/openjpa/256/b/TestParameterLogging.java -7.278587851084027 -4.8043117980478405 -7.278587851084027 -7.058518565552931 -0.22006928553109617
/home/ashley/reuse/Git_Scripts/Repos/openjpa/257/b/TestEntityTypeExpression.java -8.295810576127202 -5.223636104560277 -8.295810576127202 -7.052707462273279 -1.2431031138539232
/home/ashley/reuse/Git_Scripts/Repos/openjpa/258/b/DBDictionary.java -8.617139945638677 -5.508759108566733 -8.617139945638677 -7.635767728198843 -0.9813722174398336
/home/ashley/reuse/Git_Scripts/Repos/openjpa/259/b/CacheTest.java -8.854504798754734 -5.859375899969485 -8.854504798754734 -8.660045742003883 -0.1944590567508513
/home/ashley/reuse/Git_Scripts/Repos/openjpa/261/b/J2DoPrivHelper.java -7.382924624639884 -4.822309207043735 -7.382924624639884 -6.9519899684377275 -0.4309346562021563
/home/ashley/reuse/Git_Scripts/Repos/openjpa/261/b/DataCacheScheduler.java -8.27117993315501 -5.523688334139711 -8.27117993315501 -8.314387589522237 0.0432076563672279
/home/ashley/reuse/Git_Scripts/Repos/openjpa/262/b/AnnotationProcessor6.java -7.531518408441752 -5.033297167752754 -7.531518408441752 -7.583076986277319 0.05155857783556694
/home/ashley/reuse/Git_Scripts/Repos/openjpa/263/b/DataSourceFactory.java -9.267637124376495 -6.175861087862511 -9.267637124376495 -9.256110212530256 -0.01152691184623933
/home/ashley/reuse/Git_Scripts/Repos/openjpa/263/b/SimpleDriverDataSource.java -8.722291106135682 -5.751655729408312 -8.722291106135682 -8.432706408056807 -0.2895846980788743
/home/ashley/reuse/Git_Scripts/Repos/openjpa/264/b/TestStatistics.java -8.40660616671445 -5.517691018218117 -8.40660616671445 -8.018608959019938 -0.3879972076945126
/home/ashley/reuse/Git_Scripts/Repos/openjpa/265/b/DBDictionary.java -8.594517330736034 -5.685022213247948 -8.594517330736034 -8.396213236008247 -0.19830409472778676
/home/ashley/reuse/Git_Scripts/Repos/openjpa/266/b/TestEmbeddableCriteria.java -9.970672478806213 -6.549521410117075 -9.970672478806213 -9.543452633065376 -0.4272198457408365
/home/ashley/reuse/Git_Scripts/Repos/openjpa/266/b/AbstractCriteriaTestCase.java -7.871806816629779 -5.287408925223943 -7.871806816629779 -8.048896427414128 0.17708961078434893
/home/ashley/reuse/Git_Scripts/Repos/openjpa/266/b/TestTypesafeCriteria.java -9.426569727842425 -5.399729781305761 -9.426569727842425 -6.319612137340889 -3.106957590501536
/home/ashley/reuse/Git_Scripts/Repos/openjpa/267/b/RedefinitionHelper.java -8.4439406522318 -5.09788520353693 -8.4439406522318 -6.426564785997234 -2.017375866234566
/home/ashley/reuse/Git_Scripts/Repos/openjpa/267/b/StateManagerImpl.java -8.088672480662911 -5.380596254069749 -8.088672480662911 -8.035033350407327 -0.05363913025558453
/home/ashley/reuse/Git_Scripts/Repos/openjpa/267/b/DynamicPCHelper.java -6.235608356729676 -4.157072237819784 -6.235608356729676 -6.235608356729676 0.0
/home/ashley/reuse/Git_Scripts/Repos/openjpa/267/b/ManagedClassSubclasser.java -7.878388570241355 -4.041599682480833 -7.878388570241355 -4.149471560127119 -3.7289170101142357
/home/ashley/reuse/Git_Scripts/Repos/openjpa/268/b/Deity.java -10.023488402015461 -6.780943157443753 -10.023488402015461 -10.46167368734947 0.4381852853340078
/home/ashley/reuse/Git_Scripts/Repos/openjpa/269/b/SchemaGenerator.java -8.127380085521944 -5.4252718532888276 -8.127380085521944 -8.159045202738263 0.031665117216318706
/home/ashley/reuse/Git_Scripts/Repos/openjpa/269/b/TestManualDelimId.java -9.395379910916732 -6.52163699184732 -9.395379910916732 -10.639167475498377 1.2437875645816447
/home/ashley/reuse/Git_Scripts/Repos/openjpa/270/b/SingleFieldManager.java -8.68323340284883 -5.562659460088019 -8.68323340284883 -7.739260680645187 -0.9439727222036423
/home/ashley/reuse/Git_Scripts/Repos/openjpa/271/b/StateManagerImpl.java -8.073300213238818 -5.173912934912538 -8.073300213238818 -7.203341325416387 -0.8699588878224311
/home/ashley/reuse/Git_Scripts/Repos/openjpa/271/b/BrokerImpl.java -8.639200743493914 -5.705769413080069 -8.639200743493914 -8.401984195882287 -0.23721654761162725
/home/ashley/reuse/Git_Scripts/Repos/openjpa/271/b/SingleFieldManager.java -8.68323340284883 -5.71035444295788 -8.68323340284883 -8.337746662682429 -0.34548674016640035
/home/ashley/reuse/Git_Scripts/Repos/openjpa/272/b/PCEnhancer.java -7.91327016088642 -5.135006014392048 -7.91327016088642 -7.3129637296968255 -0.6003064311895949
/home/ashley/reuse/Git_Scripts/Repos/openjpa/272/b/ClassMetaData.java -8.790974124109674 -5.718936991668069 -8.790974124109674 -8.181885816282666 -0.6090883078270082
/home/ashley/reuse/Git_Scripts/Repos/openjpa/273/b/Auditable.java -6.718229944163109 -4.478819962775406 -6.718229944163109 -6.718229944163109 0.0
/home/ashley/reuse/Git_Scripts/Repos/openjpa/273/b/Auditor.java -10.73050241663417 -7.176023491124101 -10.73050241663417 -10.73050241663417 0.0
/home/ashley/reuse/Git_Scripts/Repos/openjpa/274/b/Configurations.java -8.002432793976391 -5.293693031138158 -8.002432793976391 -7.817480033889862 -0.18495276008652883
/home/ashley/reuse/Git_Scripts/Repos/openjpa/274/b/ApplicationIdTool.java -7.8321284923099235 -5.221597163814621 -7.8321284923099235 -7.8321284923099235 0.0
/home/ashley/reuse/Git_Scripts/Repos/openjpa/274/b/AbstractCFMetaDataFactory.java -8.32457932555343 -5.535173914450647 -8.32457932555343 -8.257809088332227 -0.06677023722120268
/home/ashley/reuse/Git_Scripts/Repos/openjpa/274/b/AbstractQueryCache.java -8.348440335448798 -5.534467975276288 -8.348440335448798 -8.209777809831378 -0.13866252561741987
/home/ashley/reuse/Git_Scripts/Repos/openjpa/274/b/XMLPersistenceMetaDataParser.java -8.636952151972473 -5.527033551797001 -8.636952151972473 -7.674915402371578 -0.9620367496008946
/home/ashley/reuse/Git_Scripts/Repos/openjpa/274/b/QueryImpl.java -8.504137009149336 -5.670139922204534 -8.504137009149336 -8.506551356743492 0.002414347594156041
/home/ashley/reuse/Git_Scripts/Repos/openjpa/274/b/XMLFileHandler.java -8.116664286521365 -5.411653354450526 -8.116664286521365 -8.116664286521365 0.0
/home/ashley/reuse/Git_Scripts/Repos/openjpa/274/b/ClassMetaDataIterator.java -7.740998049592373 -5.13564829051904 -7.740998049592373 -7.629502192911001 -0.11149585668137174
/home/ashley/reuse/Git_Scripts/Repos/openjpa/274/b/ReverseMappingTool.java -8.7787993839498 -5.852714419033455 -8.7787993839498 -8.7787993839498 0.0
/home/ashley/reuse/Git_Scripts/Repos/openjpa/274/b/ObjectValue.java -8.543231833465748 -5.645307378942125 -8.543231833465748 -8.321329707921183 -0.221902125544565
/home/ashley/reuse/Git_Scripts/Repos/openjpa/274/b/AnnotationPersistenceXMLMetaDataParser.java -8.41543118051782 -5.611531971747241 -8.41543118051782 -8.41543118051782 0.0
/home/ashley/reuse/Git_Scripts/Repos/openjpa/274/b/PCEnhancer.java -7.945586837400794 -5.2880783778998826 -7.945586837400794 -7.905315560590155 -0.04027127681063902
/home/ashley/reuse/Git_Scripts/Repos/openjpa/274/b/DataSourceFactory.java -9.344421375664174 -6.074441599004049 -9.344421375664174 -8.67928027079919 -0.6651411048649845
/home/ashley/reuse/Git_Scripts/Repos/openjpa/274/b/J2DoPrivHelper.java -7.528506087277067 -4.866348890242891 -7.528506087277067 -6.878544184600577 -0.6499619026764893
/home/ashley/reuse/Git_Scripts/Repos/openjpa/274/b/BrokerImpl.java -8.586528952543976 -5.658640707782465 -8.586528952543976 -8.297099604800714 -0.2894293477432619
/home/ashley/reuse/Git_Scripts/Repos/openjpa/274/b/MappingRepository.java -9.614500736997895 -6.409667157998597 -9.614500736997895 -9.614500736997895 0.0
/home/ashley/reuse/Git_Scripts/Repos/openjpa/274/b/AnnotationPersistenceMetaDataParser.java -8.804001202946301 -5.651160906833949 -8.804001202946301 -7.889418018847809 -0.9145831840984924
/home/ashley/reuse/Git_Scripts/Repos/openjpa/274/b/AnnotationPersistenceMappingParser.java -9.04834824053557 -5.7613993715191105 -9.04834824053557 -7.930021114369614 -1.1183271261659566
/home/ashley/reuse/Git_Scripts/Repos/openjpa/274/b/ProxyManagerImpl.java -7.944319610606376 -5.296213073737584 -7.944319610606376 -7.944319610606376 0.0
/home/ashley/reuse/Git_Scripts/Repos/openjpa/274/b/ProductDerivations.java -7.756039194057095 -5.061381905217788 -7.756039194057095 -7.281179651563804 -0.47485954249329154
/home/ashley/reuse/Git_Scripts/Repos/openjpa/274/b/XMLMetaDataSerializer.java -8.565507469817842 -5.715124849937134 -8.565507469817842 -8.587083055384133 0.02157558556629091
/home/ashley/reuse/Git_Scripts/Repos/openjpa/274/b/AnnotationPersistenceMetaDataSerializer.java -9.136715541582817 -6.0531676005444 -9.136715541582817 -8.967927781443006 -0.16878776013981067
/home/ashley/reuse/Git_Scripts/Repos/openjpa/274/b/MetaDataRepository.java -8.403590587767042 -5.602393725178028 -8.403590587767042 -8.403590587767042 0.0
/home/ashley/reuse/Git_Scripts/Repos/openjpa/274/b/Services.java -6.992083201756563 -4.661388801171041 -6.992083201756563 -6.992083201756563 0.0
/home/ashley/reuse/Git_Scripts/Repos/openjpa/276/b/PCEnhancer.java -7.903215372065674 -4.721772139085378 -7.903215372065674 -5.864819740639091 -2.0383956314265825
/home/ashley/reuse/Git_Scripts/Repos/openjpa/277/b/DataCachePCDataImpl.java -8.862371429242254 -5.8914628251212715 -8.862371429242254 -8.787266586621557 -0.07510484262069639
/home/ashley/reuse/Git_Scripts/Repos/openjpa/278/b/AbstractCriteriaTestCase.java -7.812261458558526 -5.297247709324393 -7.812261458558526 -8.22361659113769 0.411355132579164
/home/ashley/reuse/Git_Scripts/Repos/openjpa/279/b/DB2Dictionary.java -4.901037988211547 -1.6064626808506821 -4.901037988211547 -1.1948937102609938 -3.7061442779505533
/home/ashley/reuse/Git_Scripts/Repos/openjpa/280/b/JPQLExpressionBuilder.java -9.661339724277076 -6.280967869196936 -9.661339724277076 -8.975723231511415 -0.6856164927656607
/home/ashley/reuse/Git_Scripts/Repos/openjpa/280/b/QueryExpressions.java -10.528237377661132 -5.171113058285856 -10.528237377661132 -5.081336789912838 -5.446900587748294
/home/ashley/reuse/Git_Scripts/Repos/openjpa/281/b/AbstractDataCache.java -8.292310721014742 -5.466621615557556 -8.292310721014742 -8.021215947443107 -0.2710947735716349
/home/ashley/reuse/Git_Scripts/Repos/openjpa/281/b/TestStatistics.java -8.285358583568975 -3.3751399383373 -8.285358583568975 -2.847555952116873 -5.437802631452102
/home/ashley/reuse/Git_Scripts/Repos/openjpa/282/b/OpenJPAVersion.java -7.20915283569441 -4.733351057683937 -7.20915283569441 -6.891394033019174 -0.31775880267523604
/home/ashley/reuse/Git_Scripts/Repos/openjpa/282/b/PersistenceProductDerivation.java -8.166939791193768 -5.284750484639864 -8.166939791193768 -7.487405307033857 -0.6795344841599107
/home/ashley/reuse/Git_Scripts/Repos/openjpa/282/b/JDBCPersistenceProductDerivation.java -9.42316206916849 -6.042789644355666 -9.42316206916849 -8.403879637845627 -1.0192824313228623
/home/ashley/reuse/Git_Scripts/Repos/openjpa/282/b/ProductDerivations.java -7.624539756732594 -4.528125692550225 -7.624539756732594 -5.574976997698151 -2.049562759034443
/home/ashley/reuse/Git_Scripts/Repos/openjpa/284/b/TestMultipleSchemaNames.java -9.351676497856024 -6.300526850799923 -9.351676497856024 -9.6554570719902 0.30378057413417636
/home/ashley/reuse/Git_Scripts/Repos/openjpa/285/b/RowManagerImpl.java -9.338487231725292 -5.924102837625732 -9.338487231725292 -8.101337213847154 -1.2371500178781378
/home/ashley/reuse/Git_Scripts/Repos/openjpa/286/b/DBCPDriverDataSource.java -7.852721998391848 -5.134157135549207 -7.852721998391848 -7.4151456219754355 -0.43757637641641267
/home/ashley/reuse/Git_Scripts/Repos/openjpa/286/b/SimpleDriverDataSource.java -8.648831045024853 -5.834274463285853 -8.648831045024853 -8.96405039974102 0.3152193547161666
/home/ashley/reuse/Git_Scripts/Repos/openjpa/287/b/DataCacheStoreManager.java -8.27641356622679 -5.517609044151194 -8.27641356622679 -8.27641356622679 0.0
/home/ashley/reuse/Git_Scripts/Repos/openjpa/288/b/JPQLExpressionBuilder.java -9.613084261981177 -5.378088788538805 -9.613084261981177 -6.103455692801713 -3.5096285691794638
/home/ashley/reuse/Git_Scripts/Repos/openjpa/289/b/MixedMappingLocation.java -12.610543344135724 -8.469767917703098 -12.610543344135724 -12.610543344135724 0.0
/home/ashley/reuse/Git_Scripts/Repos/openjpa/289/b/TestParsing.java -7.85593734195798 -5.23729156130532 -7.85593734195798 -7.85593734195798 0.0
/home/ashley/reuse/Git_Scripts/Repos/openjpa/290/b/DerbyDictionary.java -7.046470352675859 -2.9171401739749014 -7.046470352675859 -2.4860014593469066 -4.560468893328952
/home/ashley/reuse/Git_Scripts/Repos/openjpa/290/b/HSQLDictionary.java -8.991210777906057 -5.674595997218707 -8.991210777906057 -7.6880735880883595 -1.303137189817697
/home/ashley/reuse/Git_Scripts/Repos/openjpa/291/b/BrokerImpl.java -8.639200743493914 -5.7086418132110275 -8.639200743493914 -8.414453312541388 -0.22474743095252592
/home/ashley/reuse/Git_Scripts/Repos/openjpa/292/b/PCRegistry.java -8.656134359596905 -5.758187697827686 -8.656134359596905 -8.59183623993416 -0.06429811966274457
/home/ashley/reuse/Git_Scripts/Repos/openjpa/293/b/TestSpec10_1_27_Ex7.java -9.560908495833496 -6.373938997222331 -9.560908495833496 -9.560908495833496 0.0
/home/ashley/reuse/Git_Scripts/Repos/openjpa/294/b/DetachManager.java -8.751654299920181 -5.8145718743633115 -8.751654299920181 -8.660777426001667 -0.09087687391851418
/home/ashley/reuse/Git_Scripts/Repos/openjpa/295/b/AbstractBrokerFactory.java -8.473760097254974 -5.3848032145117815 -8.473760097254974 -7.384064653174649 -1.0896954440803253
/home/ashley/reuse/Git_Scripts/Repos/openjpa/295/b/BrokerImpl.java -8.588399447196535 -5.4875489657790215 -8.588399447196535 -7.599409063189648 -0.988990384006887
/home/ashley/reuse/Git_Scripts/Repos/openjpa/296/b/BrokerImpl.java -8.61543286866649 -5.730294077781877 -8.61543286866649 -8.555734667050434 -0.05969820161605632
/home/ashley/reuse/Git_Scripts/Repos/openjpa/297/b/EntityE.java -9.241767433844592 -6.172299549679601 -9.241767433844592 -9.241767433844592 0.0
/home/ashley/reuse/Git_Scripts/Repos/openjpa/297/b/TestNoSchemaManualDelimId.java -9.325372448732681 -6.269070292716266 -9.325372448732681 -9.56407652165246 0.2387040729197789
/home/ashley/reuse/Git_Scripts/Repos/openjpa/297/b/EntityF.java -8.468291714351155 -5.648284414943202 -8.468291714351155 -8.468291714351155 0.0
/home/ashley/reuse/Git_Scripts/Repos/openjpa/298/b/QueryCacheStoreQuery.java -8.958428409142389 -6.0654504805089795 -8.958428409142389 -9.391171526238669 0.43274311709627966
/home/ashley/reuse/Git_Scripts/Repos/openjpa/298/b/AbstractBrokerFactory.java -8.50152606855067 -5.610475987560715 -8.50152606855067 -8.246270075676488 -0.2552559928741811
/home/ashley/reuse/Git_Scripts/Repos/openjpa/299/b/MultiClassLoader.java -8.306791282651163 -5.435981680368304 -8.306791282651163 -7.8646046744491995 -0.44218660820196387
/home/ashley/reuse/Git_Scripts/Repos/openjpa/299/b/PersistenceProviderImpl.java -8.724044522619522 -5.78888506269599 -8.724044522619522 -8.60302339836123 -0.12102112425829148
/home/ashley/reuse/Git_Scripts/Repos/openjpa/300/b/Book.java -8.848041874832877 -5.863160278503714 -8.848041874832877 -8.690041127068005 -0.15800074776487172
/home/ashley/reuse/Git_Scripts/Repos/openjpa/300/b/TestMultipleLevelDerivedIdentity.java -9.014197936641617 -5.789761010331096 -9.014197936641617 -8.086947597824699 -0.9272503388169184
/home/ashley/reuse/Git_Scripts/Repos/openjpa/303/b/OpenJPAVersion.java -7.267358639087327 -4.722422186822664 -7.267358639087327 -6.742709753377814 -0.5246488857095128
/home/ashley/reuse/Git_Scripts/Repos/openjpa/304/b/XMLValueHandler.java -9.953110531243444 -6.04842870744794 -9.953110531243444 -7.708781685963061 -2.244328845280384
/home/ashley/reuse/Git_Scripts/Repos/openjpa/305/b/JPQLExpressionBuilder.java -9.661339724277076 -6.297175588349387 -9.661339724277076 -9.041253737832792 -0.620085986444284
/home/ashley/reuse/Git_Scripts/Repos/openjpa/306/b/TableJDBCSeq.java -9.193446341343373 -6.043299575779309 -9.193446341343373 -8.816232130690304 -0.3772142106530687
/home/ashley/reuse/Git_Scripts/Repos/openjpa/306/b/Table.java -9.057126034561254 -5.790961522956451 -9.057126034561254 -8.027090542664576 -1.0300354918966779
/home/ashley/reuse/Git_Scripts/Repos/openjpa/307/b/TestMethodQLQuery.java -9.92607017397352 -6.4506291581525526 -9.92607017397352 -9.211693911452699 -0.7143762625208208
/home/ashley/reuse/Git_Scripts/Repos/openjpa/308/b/AbstractOpenJpaMojo.java -7.415818686041349 -4.112144165514693 -7.415818686041349 -4.615302650555663 -2.8005160354856855
/home/ashley/reuse/Git_Scripts/Repos/openjpa/309/b/ClassMapping.java -9.593377648669449 -6.135148801312874 -9.593377648669449 -8.509673879269942 -1.0837037693995075
/home/ashley/reuse/Git_Scripts/Repos/openjpa/311/b/TestNoSchemaManualDelimitedJoinAnnotations.java -10.192555434714013 -6.748174632638243 -10.192555434714013 -9.971824934853965 -0.2207304998600481
/home/ashley/reuse/Git_Scripts/Repos/openjpa/311/b/EntityE.java -9.148516688745167 -6.109673732693451 -9.148516688745167 -9.148516688745167 0.0
/home/ashley/reuse/Git_Scripts/Repos/openjpa/311/b/TestNoSchemaManualDelimId.java -9.255458032189217 -6.1563453879267644 -9.255458032189217 -9.192921153593344 -0.06253687859587309
/home/ashley/reuse/Git_Scripts/Repos/openjpa/311/b/TestNoSchemaManualDelimIdSeqGen.java -9.997983134954854 -6.570103202970333 -9.997983134954854 -9.581400504331736 -0.4165826306231182
/home/ashley/reuse/Git_Scripts/Repos/openjpa/311/b/TestNoSchemaManualDelimInheritance.java -10.602777989079817 -7.002303027916882 -10.602777989079817 -10.292541800070596 -0.31023618900922045
/home/ashley/reuse/Git_Scripts/Repos/openjpa/312/b/TestTablePerClassInheritanceWithAbstractRoot.java -9.018862623095748 -4.947540928665871 -9.018862623095748 -5.4739893662437815 -3.5448732568519663
/home/ashley/reuse/Git_Scripts/Repos/openjpa/313/b/MethodLifecycleCallbacks.java -7.651662308670145 -4.963240416434688 -7.651662308670145 -7.063072900310903 -0.5885894083592422
/home/ashley/reuse/Git_Scripts/Repos/openjpa/314/b/Broker.java -10.732853198684989 -7.0092102522024415 -10.732853198684989 -10.10150889287999 -0.6313443058049995
/home/ashley/reuse/Git_Scripts/Repos/openjpa/314/b/AbstractBrokerFactory.java -8.50152606855067 -5.647119154388035 -8.50152606855067 -8.406622464616541 -0.094903603934128
/home/ashley/reuse/Git_Scripts/Repos/openjpa/314/b/BrokerImpl.java -8.639200743493914 -5.720499878047515 -8.639200743493914 -8.465817284718423 -0.17338345877549166
/home/ashley/reuse/Git_Scripts/Repos/openjpa/314/b/DelegatingBroker.java -7.775841505926793 -5.123997723073627 -7.775841505926793 -7.511055318080115 -0.26478618784667773
/home/ashley/reuse/Git_Scripts/Repos/openjpa/315/b/JDBCExpressionFactory.java -13.694300337004245 -8.51259610702992 -13.694300337004245 -11.245525861336361 -2.448774475667884
/home/ashley/reuse/Git_Scripts/Repos/openjpa/316/b/ColumnVersionStrategy.java -9.417626982772195 -5.492465003515601 -9.417626982772195 -6.589025738606227 -2.8286012441659674
/home/ashley/reuse/Git_Scripts/Repos/openjpa/317/b/ProxyManagerImpl.java -8.050675409261189 -5.043333811254964 -8.050675409261189 -6.749904845462122 -1.300770563799066
/home/ashley/reuse/Git_Scripts/Repos/openjpa/318/b/CompUser.java -10.489243919699074 -6.013602774390902 -10.489243919699074 -7.046827961496675 -3.4424159582023997
/home/ashley/reuse/Git_Scripts/Repos/openjpa/319/b/SQLBuffer.java -9.318936730458397 -6.114086907601123 -9.318936730458397 -8.886324723257466 -0.4326120072009303
