before_file_path change CE-Avg CE-Left CE-Right CE-Diff
/home/ashley/reuse/Git_Scripts/Repos/derby/8740/b/Property.java -4.458996786837305 -2.967175852984056 -4.458996786837305 -4.4343886367995715 -0.02460815003773309
/home/ashley/reuse/Git_Scripts/Repos/derby/8740/b/IndexStatisticsDaemonImpl.java -0.3751431897980936 -0.24986737463068034 -0.3751431897980936 -0.3741186749420223 -0.0010245148560713013
/home/ashley/reuse/Git_Scripts/Repos/derby/8741/b/_Suite.java -2.910934075366821 -1.9154851169512241 -2.910934075366821 -2.7901028495968774 -0.12083122576994354
/home/ashley/reuse/Git_Scripts/Repos/derby/8742/b/EmbeddedBaseDataSource.java -0.9400808846848764 -0.6268343321837089 -0.9400808846848764 -0.9400808846848764 0.0
/home/ashley/reuse/Git_Scripts/Repos/derby/8742/b/BasicEmbeddedXADataSource40.java -3.390473684748651 -2.23982069847385 -3.390473684748651 -3.287341405364662 -0.10313227938398928
/home/ashley/reuse/Git_Scripts/Repos/derby/8742/b/EmbeddedDataSource.java -3.25858860477795 -2.6728055361932848 -3.25858860477795 -7.416880327812456 4.158291723034506
/home/ashley/reuse/Git_Scripts/Repos/derby/8742/b/BasicEmbeddedDataSource40.java -3.100360183330238 -1.1324213069867965 -3.100360183330238 -0.8915970561051192 -2.2087631272251187
/home/ashley/reuse/Git_Scripts/Repos/derby/8742/b/ReferenceableDataSource.java -4.3984105998773915 -2.90449847461457 -4.3984105998773915 -4.275745762430612 -0.1226648374467798
/home/ashley/reuse/Git_Scripts/Repos/derby/8743/b/UpdateCursorTest.java -3.7960932054089076 -2.700092962001105 -3.7960932054089076 -4.67185561304539 0.8757624076364827
/home/ashley/reuse/Git_Scripts/Repos/derby/8745/b/SQLState.java -4.2417094057560645 -2.8210832490123545 -4.2417094057560645 -4.210832540200061 -0.030876865556003885
/home/ashley/reuse/Git_Scripts/Repos/derby/8745/b/RawStore.java -2.3468925245750647 -1.5612793183354117 -2.3468925245750647 -2.33203485625805 -0.014857668317014738
/home/ashley/reuse/Git_Scripts/Repos/derby/8746/b/ClosedObjectTest.java -4.026352834679058 -2.6855220089406178 -4.026352834679058 -4.032148928011129 0.005796093332071095
/home/ashley/reuse/Git_Scripts/Repos/derby/8747/b/TestDbMetaData.java -2.765671545346814 -1.3771176371558052 -2.765671545346814 -1.3714465967831664 -1.3942249485636478
/home/ashley/reuse/Git_Scripts/Repos/derby/8748/b/FromTable.java -3.1041545662787584 -1.9852504267028244 -3.1041545662787584 -2.753074432256995 -0.3510801340217635
/home/ashley/reuse/Git_Scripts/Repos/derby/8748/b/FromSubquery.java -2.892471717553639 -1.8780778286320223 -2.892471717553639 -2.6776023899639405 -0.21486932758969868
/home/ashley/reuse/Git_Scripts/Repos/derby/8748/b/ResultColumn.java -3.0288231262352876 -2.0213184298621973 -3.0288231262352876 -3.037574842468089 0.008751716232801243
/home/ashley/reuse/Git_Scripts/Repos/derby/8748/b/AllResultColumn.java -2.462139383301119 -1.589366094444379 -2.462139383301119 -2.2418427016373346 -0.22029668166378436
/home/ashley/reuse/Git_Scripts/Repos/derby/8748/b/JoinNode.java -3.3216976156781106 -2.2108976746586215 -3.3216976156781106 -3.3050324660911246 -0.01666514958698606
/home/ashley/reuse/Git_Scripts/Repos/derby/8748/b/ResultSetNode.java -2.2188160972367448 -1.5341251564297735 -2.2188160972367448 -2.4850740289051543 0.2662579316684095
/home/ashley/reuse/Git_Scripts/Repos/derby/8748/b/FromBaseTable.java -1.1654455691527066 -0.7513538752157045 -1.1654455691527066 -1.057248871284352 -0.10819669786835462
/home/ashley/reuse/Git_Scripts/Repos/derby/8748/b/FromList.java -3.06129586115144 -1.986419889548999 -3.06129586115144 -2.82808627524155 -0.23320958590988994
/home/ashley/reuse/Git_Scripts/Repos/derby/8748/b/FromVTI.java -3.224441971517188 -1.8908098963411828 -3.224441971517188 -2.285448164869347 -0.9389938066478409
/home/ashley/reuse/Git_Scripts/Repos/derby/8748/b/ResultColumnList.java -2.405976010521363 -1.551203867418319 -2.405976010521363 -2.1829611900270876 -0.22301482049427523
/home/ashley/reuse/Git_Scripts/Repos/derby/8749/b/DMLModStatementNode.java -2.5141161457099477 -1.6920517754851407 -2.5141161457099477 -2.5869513780740228 0.07283523236407508
/home/ashley/reuse/Git_Scripts/Repos/derby/8753/b/ClientDataSource.java -3.1882772549079004 -2.8898830459032956 -3.1882772549079004 -15.438886055015974 12.250608800108074
/home/ashley/reuse/Git_Scripts/Repos/derby/8753/b/ClientConnectionPoolDataSource.java -3.1631894121808135 -2.3295264082228795 -3.1631894121808135 -4.419491590068229 1.2563021778874153
/home/ashley/reuse/Git_Scripts/Repos/derby/8753/b/ClientXADataSource.java -0.6365006533069266 -0.45179065979824984 -0.6365006533069266 -0.7784230962740115 0.1419224429670849
/home/ashley/reuse/Git_Scripts/Repos/derby/8754/b/Cursor.java -2.3752170008618103 -1.5139784921599024 -2.3752170008618103 -2.0874342064821345 -0.2877827943796758
/home/ashley/reuse/Git_Scripts/Repos/derby/8754/b/NetCursor.java -3.028474870378365 -1.8309504692290806 -3.028474870378365 -2.314705652541948 -0.713769217836417
/home/ashley/reuse/Git_Scripts/Repos/derby/8755/b/InListMultiProbeTest.java -2.7306004163375186 -1.7791201440408546 -2.7306004163375186 -2.5528990707847896 -0.17770134555272898
/home/ashley/reuse/Git_Scripts/Repos/derby/8756/b/ParameterMappingTest.java -2.1584545881262613 -1.2718347586272178 -2.1584545881262613 -1.5480703623109575 -0.6103842258153038
/home/ashley/reuse/Git_Scripts/Repos/derby/8758/b/ReEncryptCrashRecovery.java -3.1468801610832653 -1.6843330975536845 -3.1468801610832653 -1.811082064089256 -1.3357980969940093
/home/ashley/reuse/Git_Scripts/Repos/derby/8759/b/IndexSplitDeadlockTest.java -2.8651117039079113 -1.9214410185069355 -2.8651117039079113 -2.915732052033493 0.05062034812558158
/home/ashley/reuse/Git_Scripts/Repos/derby/8760/b/EmbedDatabaseMetaData.java -3.041318812567275 -2.016242483406969 -3.041318812567275 -2.99101443524018 -0.05030437732709503
/home/ashley/reuse/Git_Scripts/Repos/derby/8761/b/EmbedResultSet.java -0.8730739899919969 -0.465386095971199 -0.8730739899919969 -0.4983180781861101 -0.3747559118058868
/home/ashley/reuse/Git_Scripts/Repos/derby/8762/b/EmbedConnection40.java -2.852653196048281 -1.4127101149881105 -2.852653196048281 -1.3976990275797363 -1.4549541684685445
/home/ashley/reuse/Git_Scripts/Repos/derby/8763/b/_Suite.java -4.314671362037003 -2.6018416592503355 -4.314671362037003 -3.271400220957244 -1.0432711410797588
/home/ashley/reuse/Git_Scripts/Repos/derby/8765/b/SURijTest.java -4.368765072427679 -2.912510048285119 -4.368765072427679 -4.368765072427679 0.0
/home/ashley/reuse/Git_Scripts/Repos/derby/8766/b/CastNode.java -3.122428902524752 -2.1085914692354653 -3.122428902524752 -3.2459443602846987 0.12351545775994666
/home/ashley/reuse/Git_Scripts/Repos/derby/8767/b/EmbeddedDataSource40.java -2.3121741552742137 -0.859168538571839 -2.3121741552742137 -0.6806400110763919 -1.6315341441978217
/home/ashley/reuse/Git_Scripts/Repos/derby/8767/b/Driver40.java -0.647964502079511 -0.37500945557851695 -0.647964502079511 -0.4444556510560201 -0.20350885102349087
/home/ashley/reuse/Git_Scripts/Repos/derby/8768/b/BlobClob4BlobTest.java -3.17885416175587 -2.0377433090440644 -3.17885416175587 -2.8381678829988832 -0.34068627875698665
/home/ashley/reuse/Git_Scripts/Repos/derby/8769/b/CurrentOfNode.java -2.7950964417282402 -1.8705098325051583 -2.7950964417282402 -2.8257949199460133 0.03069847821777305
/home/ashley/reuse/Git_Scripts/Repos/derby/8770/b/RolesTest.java -3.205073166383338 -2.1348263459982597 -3.205073166383338 -3.195936325754267 -0.009136840629071052
/home/ashley/reuse/Git_Scripts/Repos/derby/8771/b/GenericPreparedStatement.java -3.885732687542651 -2.5862365281880098 -3.885732687542651 -3.8666616068675954 -0.019071080675055807
/home/ashley/reuse/Git_Scripts/Repos/derby/8772/b/JMXManagementService.java -3.840274996069064 -2.554068243139351 -3.840274996069064 -3.8128879319132625 -0.02738706415580161
/home/ashley/reuse/Git_Scripts/Repos/derby/8773/b/BasicDependencyManager.java -3.8961609999463525 -2.870208797185329 -3.8961609999463525 -5.448328102888165 1.5521671029418123
/home/ashley/reuse/Git_Scripts/Repos/derby/8773/b/DataDictionaryImpl.java -2.117410298030709 -1.2665626759501907 -2.117410298030709 -1.5759392309889857 -0.5414710670417233
/home/ashley/reuse/Git_Scripts/Repos/derby/8773/b/GenericLanguageConnectionContext.java -3.0809188661119213 -1.9495650529822977 -3.0809188661119213 -2.654541701605361 -0.4263771645065604
/home/ashley/reuse/Git_Scripts/Repos/derby/8774/b/GroupByNode.java -2.850866076064566 -1.8912297626977173 -2.850866076064566 -2.809211519727813 -0.04165455633675297
/home/ashley/reuse/Git_Scripts/Repos/derby/8774/b/OrderByColumn.java -3.5956708765209404 -2.342581316455559 -3.5956708765209404 -3.3586210963200456 -0.23704978020089484
/home/ashley/reuse/Git_Scripts/Repos/derby/8774/b/AggregateNode.java -3.283913713504529 -2.185549382094078 -3.283913713504529 -3.2651246331348274 -0.018789080369701505
/home/ashley/reuse/Git_Scripts/Repos/derby/8774/b/GroupByColumn.java -0.4917192561421866 -0.29900504262383465 -0.4917192561421866 -0.3804819951125917 -0.11123726102959491
/home/ashley/reuse/Git_Scripts/Repos/derby/8774/b/SetOperatorNode.java -3.1355254337452716 -2.090006933334151 -3.1355254337452716 -3.1324377671438484 -0.0030876666014232335
/home/ashley/reuse/Git_Scripts/Repos/derby/8774/b/FromList.java -3.1729824359145353 -2.1197771967999635 -3.1729824359145353 -3.192418775491347 0.01943633957681179
/home/ashley/reuse/Git_Scripts/Repos/derby/8774/b/SelectNode.java -2.4707170500961593 -1.6210586980268917 -2.4707170500961593 -2.356934028052257 -0.11378302204390245
/home/ashley/reuse/Git_Scripts/Repos/derby/8775/b/EmbedBlob.java -2.4467912578498345 -1.581183907467989 -2.4467912578498345 -2.233990799891321 -0.21280045795851343
/home/ashley/reuse/Git_Scripts/Repos/derby/8775/b/LOBStreamControl.java -3.282105407504053 -2.0214785578036327 -3.282105407504053 -2.6303987993389053 -0.6517066081651479
/home/ashley/reuse/Git_Scripts/Repos/derby/8777/b/AutoloadTest.java -3.5454580851756563 -1.574613499398744 -3.5454580851756563 -1.4157992876551275 -2.129658797520529
/home/ashley/reuse/Git_Scripts/Repos/derby/8779/b/checkDataSource.java -2.4803126887054456 -1.6599054331543026 -2.4803126887054456 -2.5089151311815874 0.028602442476141743
/home/ashley/reuse/Git_Scripts/Repos/derby/8780/b/SQLChar.java -3.868248400342778 -2.458570690214436 -3.868248400342778 -3.3732398800168926 -0.4950085203258854
/home/ashley/reuse/Git_Scripts/Repos/derby/8782/b/GeneratorBase.java -4.804080600506573 -3.211205019357015 -4.804080600506573 -4.840429255743698 0.03634865523712438
/home/ashley/reuse/Git_Scripts/Repos/derby/8782/b/ReleaseNotesGenerator.java -4.154316303094785 -2.6809090741584933 -4.154316303094785 -3.7794521620244272 -0.37486414107035815
/home/ashley/reuse/Git_Scripts/Repos/derby/8784/b/JDBC40Translation.java -2.9724871927741368 -1.9816581285160912 -2.9724871927741368 -2.9724871927741368 0.0
/home/ashley/reuse/Git_Scripts/Repos/derby/8785/b/UpdateNode.java -2.51018141785789 -1.603604473447 -2.51018141785789 -2.2200752929229757 -0.29010612493491417
/home/ashley/reuse/Git_Scripts/Repos/derby/8785/b/WindowResultSetNode.java -3.6504728938382565 -2.479872311206354 -3.6504728938382565 -3.8666932113963686 0.2162203175581121
/home/ashley/reuse/Git_Scripts/Repos/derby/8786/b/Request.java -2.404758494534744 -1.626788799575491 -2.404758494534744 -2.5139416270902375 0.1091831325554935
/home/ashley/reuse/Git_Scripts/Repos/derby/8787/b/Diagnosable.java -2.913280418737961 -2.0992755958552953 -2.913280418737961 -3.6602753979015406 0.7469949791635795
/home/ashley/reuse/Git_Scripts/Repos/derby/8787/b/ExceptionFormatter.java -3.84040426332241 -2.6187231506368946 -3.84040426332241 -4.116031363560861 0.27562710023845094
/home/ashley/reuse/Git_Scripts/Repos/derby/8787/b/XaException.java -3.3071839304353636 -2.535829077855687 -3.3071839304353636 -5.4192484342959535 2.11206450386059
/home/ashley/reuse/Git_Scripts/Repos/derby/8787/b/SqlWarning.java -2.897355034328824 -2.3040524330780725 -2.897355034328824 -5.625845818190631 2.728490783861807
/home/ashley/reuse/Git_Scripts/Repos/derby/8787/b/SqlException.java -2.537821565389677 -1.4694827749621922 -2.537821565389677 -1.7453663152938037 -0.7924552500958733
/home/ashley/reuse/Git_Scripts/Repos/derby/8788/b/_Suite.java -3.7562015991198163 -2.5050530107116016 -3.7562015991198163 -3.7562015991198163 0.0
/home/ashley/reuse/Git_Scripts/Repos/derby/8789/b/NetworkServerControlImpl.java -3.393143878707013 -2.2575545437170588 -3.393143878707013 -3.3725160282650073 -0.02062785044200588
/home/ashley/reuse/Git_Scripts/Repos/derby/8791/b/SQLState.java -4.254914185079039 -2.829248013492579 -4.254914185079039 -4.22195873958359 -0.03295544549544882
/home/ashley/reuse/Git_Scripts/Repos/derby/8792/b/FromBaseTable.java -2.3521036659085506 -1.5382707823577828 -2.3521036659085506 -2.2227497402011864 -0.12935392570736415
/home/ashley/reuse/Git_Scripts/Repos/derby/8793/b/UTF8Util.java -4.063473791098479 -2.7635715959611824 -4.063473791098479 -4.319440644081061 0.25596685298258137
/home/ashley/reuse/Git_Scripts/Repos/derby/8795/b/SQLState.java -4.240235489436794 -2.804158299941844 -4.240235489436794 -4.1398511265239915 -0.10038436291280295
/home/ashley/reuse/Git_Scripts/Repos/derby/8795/b/DatabaseMetaData.java -2.453153011566323 -1.624408879843659 -2.453153011566323 -2.404194119191114 -0.04895889237520912
/home/ashley/reuse/Git_Scripts/Repos/derby/8795/b/splitmessages.java -3.6302641741660424 -2.2851662914516275 -3.6302641741660424 -3.0837002371633484 -0.546563937002694
/home/ashley/reuse/Git_Scripts/Repos/derby/8796/b/NSSecurityMechanismTest.java -3.1859101514626946 -2.098681247654329 -3.1859101514626946 -3.0741097194876086 -0.11180043197508605
/home/ashley/reuse/Git_Scripts/Repos/derby/8797/b/AutoGenJDBC30Test.java -2.5023808432764625 -1.517881882092375 -2.5023808432764625 -1.9286834112721116 -0.5736974320043509
/home/ashley/reuse/Git_Scripts/Repos/derby/8797/b/BaseJDBCTestCase.java -2.8674451770443223 -1.8310564273558008 -2.8674451770443223 -2.532108944049195 -0.3353362329951275
/home/ashley/reuse/Git_Scripts/Repos/derby/8798/b/ErrorStreamTest.java -3.7905956819508932 -2.4856772208534847 -3.7905956819508932 -3.6102628712015643 -0.18033281074932894
/home/ashley/reuse/Git_Scripts/Repos/derby/8799/b/SelectNode.java -2.303191240343527 -1.490300214339929 -2.303191240343527 -2.1109248411496324 -0.19226639919389443
/home/ashley/reuse/Git_Scripts/Repos/derby/8800/b/AggregateDefinition.java -3.1824372869517616 -2.109289829723842 -3.1824372869517616 -3.1275676785560416 -0.05486960839572008
/home/ashley/reuse/Git_Scripts/Repos/derby/8800/b/ColumnOrdering.java -3.5531210591139084 -2.4466666942144015 -3.5531210591139084 -3.928450748456927 0.37532968934301847
/home/ashley/reuse/Git_Scripts/Repos/derby/8800/b/ConcatenationOperatorNode.java -3.413678493577904 -2.2239608403705553 -3.413678493577904 -3.1888138114342146 -0.22486468214368927
/home/ashley/reuse/Git_Scripts/Repos/derby/8800/b/CreateIndexNode.java -2.8087497879025856 -2.0167263490162166 -2.8087497879025856 -3.5726465849824747 0.7638967970798891
/home/ashley/reuse/Git_Scripts/Repos/derby/8800/b/CostEstimateImpl.java -4.574187857244651 -3.0318316433374948 -4.574187857244651 -4.491495593412445 -0.08269226383220563
/home/ashley/reuse/Git_Scripts/Repos/derby/8800/b/XMLTypeCompiler.java -2.924981443776894 -2.019892846079893 -2.924981443776894 -3.253930724687973 0.328949280911079
/home/ashley/reuse/Git_Scripts/Repos/derby/8800/b/UCode_CharStream.java -4.991170839942473 -3.3325980737283594 -4.991170839942473 -5.01182752215641 0.020656682213936683
/home/ashley/reuse/Git_Scripts/Repos/derby/8800/b/DropAliasNode.java -2.9183285133225407 -1.904517119116199 -2.9183285133225407 -2.741144282156529 -0.17718423116601167
/home/ashley/reuse/Git_Scripts/Repos/derby/8800/b/CharStream.java -4.149570540056629 -2.756605164419245 -4.149570540056629 -4.084394039427468 -0.06517650062916136
/home/ashley/reuse/Git_Scripts/Repos/derby/8800/b/ExpressionClassBuilder.java -3.9312947054375855 -2.71452208612892 -3.9312947054375855 -4.383057177700584 0.4517624722629985
/home/ashley/reuse/Git_Scripts/Repos/derby/8800/b/LengthOperatorNode.java -2.5910301164293705 -1.7388181459813623 -2.5910301164293705 -2.643315477523237 0.05228536109386628
/home/ashley/reuse/Git_Scripts/Repos/derby/8800/b/UserTypeConstantNode.java -3.2268565382808774 -2.2172129349869296 -3.2268565382808774 -3.5392474902816664 0.31239095200078904
/home/ashley/reuse/Git_Scripts/Repos/derby/8800/b/SingleChildResultSetNode.java -2.3862676051840848 -1.643303918293948 -2.3862676051840848 -2.6368354915364742 0.25056788635238947
/home/ashley/reuse/Git_Scripts/Repos/derby/8800/b/UnaryDateTimestampOperatorNode.java -0.7088446548313583 -0.4808844182915239 -0.7088446548313583 -0.7465817083979198 0.03773705356656154
/home/ashley/reuse/Git_Scripts/Repos/derby/8800/b/TernaryOperatorNode.java -3.381486169638152 -2.2397508012122143 -3.381486169638152 -3.315702629469478 -0.06578354016867438
/home/ashley/reuse/Git_Scripts/Repos/derby/8800/b/GroupByList.java -3.5583239403765465 -2.6587700742835967 -3.5583239403765465 -5.258587375301482 1.7002634349249353
/home/ashley/reuse/Git_Scripts/Repos/derby/8800/b/DefaultNode.java -2.4965671156871174 -1.6242725812904137 -2.4965671156871174 -2.321721427906504 -0.17484568778061327
/home/ashley/reuse/Git_Scripts/Repos/derby/8800/b/IsNode.java -2.9811635044024163 -2.082215182598041 -2.9811635044024163 -3.4526033144009376 0.4714398099985213
/home/ashley/reuse/Git_Scripts/Repos/derby/8800/b/NestedLoopJoinStrategy.java -3.1168849654927073 -1.9786696545192535 -3.1168849654927073 -2.706336366244458 -0.41054859924824916
/home/ashley/reuse/Git_Scripts/Repos/derby/8800/b/GroupByNode.java -2.840773596128956 -1.7904171551625314 -2.840773596128956 -2.4211637031340976 -0.4196098929948584
/home/ashley/reuse/Git_Scripts/Repos/derby/8800/b/BitTypeCompiler.java -2.9564528720939838 -2.131488051976971 -2.9564528720939838 -3.8102256585459457 0.853772786451962
/home/ashley/reuse/Git_Scripts/Repos/derby/8800/b/InListOperatorNode.java -2.789809612697647 -1.7898207333158411 -2.789809612697647 -2.4954145714373674 -0.2943950412602794
/home/ashley/reuse/Git_Scripts/Repos/derby/8800/b/TimeTypeCompiler.java -3.3908504040074274 -2.5603211665393917 -3.3908504040074274 -5.208625878320687 1.8177754743132595
/home/ashley/reuse/Git_Scripts/Repos/derby/8800/b/OptimizerImpl.java -2.817319779459544 -1.8230231533132186 -2.817319779459544 -2.5827499828437492 -0.2345697966157947
/home/ashley/reuse/Git_Scripts/Repos/derby/8800/b/ReplaceAggregatesWithCRVisitor.java -4.173064099175733 -2.621540267430909 -4.173064099175733 -3.5103886842851653 -0.6626754148905674
/home/ashley/reuse/Git_Scripts/Repos/derby/8800/b/NodeFactoryImpl.java -4.214845491270438 -4.211141760610271 -4.214845491270438 -2396.139661787244 2391.924816295974
/home/ashley/reuse/Git_Scripts/Repos/derby/8800/b/TestConstraintNode.java -2.7551844076250305 -1.8805226909186714 -2.7551844076250305 -2.9618232381969074 0.20663883057187693
/home/ashley/reuse/Git_Scripts/Repos/derby/8800/b/ScrollInsensitiveResultSetNode.java -1.851251296500756 -1.405329451358238 -1.851251296500756 -2.9083101938984686 1.0570588973977126
/home/ashley/reuse/Git_Scripts/Repos/derby/8800/b/FromTable.java -3.2633999030068974 -2.16205472424079 -3.2633999030068974 -3.2023273254892746 -0.06107257751762285
/home/ashley/reuse/Git_Scripts/Repos/derby/8800/b/InsertNode.java -1.8396668947084251 -1.1666846198447693 -1.8396668947084251 -1.5946267471373907 -0.24504014757103443
/home/ashley/reuse/Git_Scripts/Repos/derby/8800/b/HashTableNode.java -2.6212356429788937 -1.859496876551024 -2.6212356429788937 -3.1993773361966684 0.5781416932177748
/home/ashley/reuse/Git_Scripts/Repos/derby/8800/b/AndNode.java -3.53255869843185 -2.388620647053735 -3.53255869843185 -3.688111709300298 0.1555530108684482
/home/ashley/reuse/Git_Scripts/Repos/derby/8800/b/NewInvocationNode.java -3.249012798285401 -2.1132389192247256 -3.249012798285401 -3.0225824087776663 -0.22643038950773464
/home/ashley/reuse/Git_Scripts/Repos/derby/8800/b/RemapCRsVisitor.java -4.13718700569901 -2.7018364118850675 -4.13718700569901 -3.8938230641873033 -0.24336394151170682
/home/ashley/reuse/Git_Scripts/Repos/derby/8800/b/CreateViewNode.java -2.799002975423076 -1.870828683003939 -2.799002975423076 -2.8208360719552372 0.021833096532161367
/home/ashley/reuse/Git_Scripts/Repos/derby/8800/b/JavaValueNode.java -3.2582946024683457 -2.212840409160761 -3.2582946024683457 -3.448303143001057 0.1900085405327112
/home/ashley/reuse/Git_Scripts/Repos/derby/8800/b/LOBTypeCompiler.java -2.6507391808260397 -1.8642083747120837 -2.6507391808260397 -3.132691759158047 0.48195257833200733
/home/ashley/reuse/Git_Scripts/Repos/derby/8800/b/BetweenOperatorNode.java -3.2969348990266236 -2.280952356357829 -3.2969348990266236 -3.695720273592432 0.3987853745658083
/home/ashley/reuse/Git_Scripts/Repos/derby/8800/b/C_NodeNames.java -4.7524656175213 -3.0612092796366768 -4.7524656175213 -4.301030992057377 -0.4514346254639232
/home/ashley/reuse/Git_Scripts/Repos/derby/8800/b/FromSubquery.java -2.935978058591475 -1.916945610647191 -2.935978058591475 -2.7614970768237534 -0.17448098176772175
/home/ashley/reuse/Git_Scripts/Repos/derby/8800/b/IntersectOrExceptNode.java -2.43802195453647 -1.5918206124686547 -2.43802195453647 -2.291646201294448 -0.146375753242022
/home/ashley/reuse/Git_Scripts/Repos/derby/8800/b/BooleanConstantNode.java -3.040418208446897 -1.9826890209377144 -3.040418208446897 -2.8436479277332145 -0.1967702807136824
/home/ashley/reuse/Git_Scripts/Repos/derby/8800/b/ProjectRestrictNode.java -2.3724883054672237 -1.5931436861022208 -2.3724883054672237 -2.4243490875468576 0.05186078207963396
/home/ashley/reuse/Git_Scripts/Repos/derby/8800/b/CastNode.java -2.9746440075137515 -2.0263450519432995 -2.9746440075137515 -3.1770753630368125 0.20243135552306102
/home/ashley/reuse/Git_Scripts/Repos/derby/8800/b/DateTypeCompiler.java -3.3155945125870856 -2.497226357030201 -3.3155945125870856 -5.0587195688369135 1.743125056249828
/home/ashley/reuse/Git_Scripts/Repos/derby/8800/b/ResultColumn.java -3.0146909764763405 -2.058026582229186 -3.0146909764763405 -3.2418998075953134 0.22720883111897283
/home/ashley/reuse/Git_Scripts/Repos/derby/8800/b/OrderByColumn.java -3.7159464397779267 -2.251057674602821 -3.7159464397779267 -2.8551006569687374 -0.8608457828091893
/home/ashley/reuse/Git_Scripts/Repos/derby/8800/b/NumericConstantNode.java -3.3881446093859764 -1.997597968708037 -3.3881446093859764 -2.4336295494909845 -0.9545150598949919
/home/ashley/reuse/Git_Scripts/Repos/derby/8800/b/OrderByList.java -2.9963054466126304 -1.8037924559310476 -2.9963054466126304 -2.265118446614238 -0.7311869999983927
/home/ashley/reuse/Git_Scripts/Repos/derby/8800/b/DropTriggerNode.java -2.234419704045508 -1.4562409476467668 -2.234419704045508 -2.0845898113544097 -0.14982989269109837
/home/ashley/reuse/Git_Scripts/Repos/derby/8800/b/CurrentOfNode.java -2.7965880399937477 -1.937081331619861 -2.7965880399937477 -3.1513532307107766 0.35476519071702883
/home/ashley/reuse/Git_Scripts/Repos/derby/8800/b/HasCorrelatedCRsVisitor.java -3.3967343628673445 -2.365133556366892 -3.3967343628673445 -3.8780529972817455 0.4813186344144009
/home/ashley/reuse/Git_Scripts/Repos/derby/8800/b/BinaryArithmeticOperatorNode.java -0.7092704454463857 -0.48204121014596957 -0.7092704454463857 -0.7512330547729396 0.041962609326553824
/home/ashley/reuse/Git_Scripts/Repos/derby/8800/b/AggregateNode.java -3.4165044476246784 -2.2001300988317154 -3.4165044476246784 -3.088169797025403 -0.32833465059927525
/home/ashley/reuse/Git_Scripts/Repos/derby/8800/b/HasVariantValueNodeVisitor.java -3.7596928006936277 -2.488032000459018 -3.7596928006936277 -3.6665734743606584 -0.09311932633296927
/home/ashley/reuse/Git_Scripts/Repos/derby/8800/b/AllResultColumn.java -2.462139383301119 -1.589366094444379 -2.462139383301119 -2.2418427016373346 -0.22029668166378436
/home/ashley/reuse/Git_Scripts/Repos/derby/8800/b/AccessPathImpl.java -3.4129545091279008 -2.274163074719493 -3.4129545091279008 -3.402720762473844 -0.010233746654056741
/home/ashley/reuse/Git_Scripts/Repos/derby/8800/b/ParameterNode.java -2.834567309465882 -1.8623452902131024 -2.834567309465882 -2.714885578621767 -0.11968173084411493
/home/ashley/reuse/Git_Scripts/Repos/derby/8800/b/DropSchemaNode.java -2.56260981767265 -1.510529181518053 -2.56260981767265 -1.834514549141702 -0.7280952685309481
/home/ashley/reuse/Git_Scripts/Repos/derby/8800/b/ColumnDefinitionNode.java -3.24734078648423 -2.103964567027308 -3.24734078648423 -2.9877698326936506 -0.2595709537905795
/home/ashley/reuse/Git_Scripts/Repos/derby/8800/b/TableName.java -3.1418280688993434 -2.0427433380829654 -3.1418280688993434 -2.9147715866091386 -0.2270564822902048
/home/ashley/reuse/Git_Scripts/Repos/derby/8800/b/MaterializeSubqueryNode.java -2.7045800236360322 -1.709144320492215 -2.7045800236360322 -2.3218564353856506 -0.38272358825038166
/home/ashley/reuse/Git_Scripts/Repos/derby/8800/b/RenameNode.java -4.384572608277529 -2.845073790049669 -4.384572608277529 -4.05145897505125 -0.3331136332262794
/home/ashley/reuse/Git_Scripts/Repos/derby/8800/b/CreateSchemaNode.java -2.100470008105642 -1.5442344318850738 -2.100470008105642 -2.915687388873916 0.8152173807682739
/home/ashley/reuse/Git_Scripts/Repos/derby/8800/b/StaticClassFieldReferenceNode.java -3.091105649055094 -2.0917560478553447 -3.091105649055094 -3.2350235234038127 0.14391787434871883
/home/ashley/reuse/Git_Scripts/Repos/derby/8800/b/QueryTreeNode.java -2.79802505717464 -1.824486568335831 -2.79802505717464 -2.6212533565369065 -0.17677170063773362
/home/ashley/reuse/Git_Scripts/Repos/derby/8800/b/ConstantNode.java -2.280220929992974 -1.4787263796684682 -2.280220929992974 -2.103459617590418 -0.17676131240255621
/home/ashley/reuse/Git_Scripts/Repos/derby/8800/b/MaxMinAggregateDefinition.java -3.5422397984298515 -2.59099893184383 -3.5422397984298515 -4.801329774175059 1.2590899757452076
/home/ashley/reuse/Git_Scripts/Repos/derby/8800/b/UpdateNode.java -2.208361721732417 -1.3492042270662734 -2.208361721732417 -1.7339841579398276 -0.47437756379258933
/home/ashley/reuse/Git_Scripts/Repos/derby/8800/b/SpecialFunctionNode.java -0.6172294984660525 -0.3785352783561337 -0.6172294984660525 -0.48880217532998854 -0.12842732313606392
/home/ashley/reuse/Git_Scripts/Repos/derby/8800/b/BitConstantNode.java -2.7248375945343706 -1.962383038265579 -2.7248375945343706 -3.4969986567457454 0.7721610622113748
/home/ashley/reuse/Git_Scripts/Repos/derby/8800/b/RefTypeCompiler.java -2.7021812642187077 -1.9622196466331447 -2.7021812642187077 -3.566879268768694 0.8646980045499864
/home/ashley/reuse/Git_Scripts/Repos/derby/8800/b/Token.java -5.5603495084824255 -3.7211569787536236 -5.5603495084824255 -5.5603495084824255 0.0
/home/ashley/reuse/Git_Scripts/Repos/derby/8800/b/MaterializeResultSetNode.java -1.6080094576451252 -1.214532428857574 -1.6080094576451252 -2.4734497637531327 0.8654403061080076
/home/ashley/reuse/Git_Scripts/Repos/derby/8800/b/QueryTreeNodeVector.java -2.9766281679362563 -2.0623195158015664 -2.9766281679362563 -3.349539079355564 0.37291091141930766
/home/ashley/reuse/Git_Scripts/Repos/derby/8800/b/DeleteNode.java -1.0600130188475902 -0.729403439214959 -1.0600130188475902 -1.1693205357497607 0.10930751690217044
/home/ashley/reuse/Git_Scripts/Repos/derby/8800/b/GrantNode.java -2.44020566966626 -1.5801756459622278 -2.44020566966626 -2.241755208578944 -0.19845046108731612
/home/ashley/reuse/Git_Scripts/Repos/derby/8800/b/CompilerContextImpl.java -2.309799440287464 -1.4347456501502067 -2.309799440287464 -1.893583421398589 -0.41621601888887527
/home/ashley/reuse/Git_Scripts/Repos/derby/8800/b/VTIDeferModPolicy.java -3.8129794922759417 -2.5537054604597462 -3.8129794922759417 -3.866206363361012 0.05322687108507029
/home/ashley/reuse/Git_Scripts/Repos/derby/8800/b/BinaryRelationalOperatorNode.java -0.7711606403220272 -0.48725387916044643 -0.7711606403220272 -0.6616042935447001 -0.10955634677732717
/home/ashley/reuse/Git_Scripts/Repos/derby/8800/b/JoinNode.java -3.349485794361166 -2.240411075000051 -3.349485794361166 -3.3824227407636736 0.03293694640250777
/home/ashley/reuse/Git_Scripts/Repos/derby/8800/b/ConstraintDefinitionNode.java -3.798567042056424 -2.6923259868713547 -3.798567042056424 -4.617468368092068 0.8189013260356437
/home/ashley/reuse/Git_Scripts/Repos/derby/8800/b/BaseJoinStrategy.java -2.59462846069974 -1.7744043722497824 -2.59462846069974 -2.8029800560382383 0.20835159533849845
/home/ashley/reuse/Git_Scripts/Repos/derby/8800/b/CountAggregateDefinition.java -2.612983745418292 -1.9455368104473152 -2.612983745418292 -3.808284820450064 1.195301075031772
/home/ashley/reuse/Git_Scripts/Repos/derby/8800/b/SetSchemaNode.java -2.8523597186688616 -1.949044657977724 -2.8523597186688616 -3.070292820769404 0.21793310210054218
/home/ashley/reuse/Git_Scripts/Repos/derby/8800/b/DDLStatementNode.java -2.853189163376869 -1.730622935163019 -2.853189163376869 -2.197502061718238 -0.6556871016586308
/home/ashley/reuse/Git_Scripts/Repos/derby/8800/b/TableElementNode.java -4.542342092114961 -2.942801394307941 -4.542342092114961 -4.166941919212897 -0.3754001729020633
/home/ashley/reuse/Git_Scripts/Repos/derby/8800/b/StatementNode.java -2.555039512612207 -1.7327515153750521 -2.555039512612207 -2.6886779429107284 0.13363843029852118
/home/ashley/reuse/Git_Scripts/Repos/derby/8800/b/OrderedColumnList.java -4.272188481443671 -2.75739588968525 -4.272188481443671 -3.888359047563966 -0.3838294338797046
/home/ashley/reuse/Git_Scripts/Repos/derby/8800/b/NOPStatementNode.java -2.429675575999428 -1.4634887972394217 -2.429675575999428 -1.8266903965543146 -0.6029851794451135
/home/ashley/reuse/Git_Scripts/Repos/derby/8800/b/GroupByColumn.java -2.8297249676673513 -1.7633764044838827 -2.8297249676673513 -2.339699424485932 -0.4900255431814191
/home/ashley/reuse/Git_Scripts/Repos/derby/8800/b/ResultSetNode.java -2.251662910893956 -1.5677500856108546 -2.251662910893956 -2.580068712319578 0.3284058014256219
/home/ashley/reuse/Git_Scripts/Repos/derby/8800/b/DB2LengthOperatorNode.java -2.5540142991048516 -1.733693311377023 -2.5540142991048516 -2.698868841442142 0.14485454233729023
/home/ashley/reuse/Git_Scripts/Repos/derby/8800/b/JavaToSQLValueNode.java -2.9103720268088917 -1.8658139506907814 -2.9103720268088917 -2.5992871308316943 -0.31108489597719746
/home/ashley/reuse/Git_Scripts/Repos/derby/8800/b/TypeCompilerFactoryImpl.java -6.587199552456275 -4.678058048966605 -6.587199552456275 -8.061151932129306 1.4739523796730305
/home/ashley/reuse/Git_Scripts/Repos/derby/8800/b/IndexToBaseRowNode.java -3.1574862025894195 -2.0154167250570763 -3.1574862025894195 -2.783742937793121 -0.3737432647962984
/home/ashley/reuse/Git_Scripts/Repos/derby/8800/b/XMLConstantNode.java -1.6684473703506877 -1.1900813410893016 -1.6684473703506877 -2.062807657888123 0.39436028753743524
/home/ashley/reuse/Git_Scripts/Repos/derby/8800/b/DistinctNode.java -2.0853668853609344 -1.4481714481673154 -2.0853668853609344 -2.3697350970010618 0.2843682116401274
/home/ashley/reuse/Git_Scripts/Repos/derby/8800/b/BaseColumnNode.java -2.464200207481058 -1.6003661864083625 -2.464200207481058 -2.2826275606140327 -0.18157264686702534
/home/ashley/reuse/Git_Scripts/Repos/derby/8800/b/TablePrivilegesNode.java -3.313561118776546 -1.6994926769301688 -3.313561118776546 -1.742039086088365 -1.571522032688181
/home/ashley/reuse/Git_Scripts/Repos/derby/8800/b/SavepointNode.java -4.351644445892645 -2.8004601816868933 -4.351644445892645 -3.9150246018231485 -0.4366198440694964
/home/ashley/reuse/Git_Scripts/Repos/derby/8800/b/RowResultSetNode.java -2.2224388527940353 -1.2991323406261153 -2.2224388527940353 -1.5628939619730466 -0.6595448908209887
/home/ashley/reuse/Git_Scripts/Repos/derby/8800/b/FromBaseTable.java -2.3342703514255403 -1.5219663426079528 -2.3342703514255403 -2.186627619559392 -0.1476427318661484
/home/ashley/reuse/Git_Scripts/Repos/derby/8800/b/ExecSPSNode.java -2.831825308716901 -1.902714417224757 -2.831825308716901 -2.8996295766720945 0.06780426795519334
/home/ashley/reuse/Git_Scripts/Repos/derby/8800/b/BinaryLogicalOperatorNode.java -2.551147056659444 -1.8477799585522077 -2.551147056659444 -3.3441416427785353 0.7929945861190912
/home/ashley/reuse/Git_Scripts/Repos/derby/8800/b/OrderedColumn.java -2.2226529017914576 -1.3741712961283286 -2.2226529017914576 -1.7901366614428498 -0.4325162403486078
/home/ashley/reuse/Git_Scripts/Repos/derby/8800/b/DMLModStatementNode.java -2.371175604237888 -1.4838594719691858 -2.371175604237888 -1.982317525322518 -0.38885807891537016
/home/ashley/reuse/Git_Scripts/Repos/derby/8800/b/SubqueryList.java -2.7107395147249265 -1.7447744315267344 -2.7107395147249265 -2.444317378332305 -0.2664221363926216
/home/ashley/reuse/Git_Scripts/Repos/derby/8800/b/StaticMethodCallNode.java -3.6323638128093925 -2.2629523847945414 -3.6323638128093925 -3.0006154721104044 -0.6317483406989881
/home/ashley/reuse/Git_Scripts/Repos/derby/8800/b/UntypedNullConstantNode.java -2.042786072114667 -1.2916585473164908 -2.042786072114667 -1.7482448245074362 -0.2945412476072309
/home/ashley/reuse/Git_Scripts/Repos/derby/8800/b/LikeEscapeOperatorNode.java -2.6890839490198037 -1.8768480190663912 -2.6890839490198037 -3.105330358818938 0.4162464097991343
/home/ashley/reuse/Git_Scripts/Repos/derby/8800/b/ParserImpl.java -3.9851614025866136 -2.7798086773469577 -3.9851614025866136 -4.584362281734482 0.599200879147868
/home/ashley/reuse/Git_Scripts/Repos/derby/8800/b/UnaryLogicalOperatorNode.java -2.32266242026357 -1.589531544593784 -2.32266242026357 -2.517930499843251 0.19526807957968106
/home/ashley/reuse/Git_Scripts/Repos/derby/8800/b/TransactionStatementNode.java -1.8896855961297694 -1.254751235830167 -1.8896855961297694 -1.8671893390329866 -0.022496257096782823
/home/ashley/reuse/Git_Scripts/Repos/derby/8800/b/SetOperatorNode.java -3.214178178591605 -2.0493347354902247 -3.214178178591605 -2.8273872452356663 -0.3867909333559387
/home/ashley/reuse/Git_Scripts/Repos/derby/8800/b/TriggerReferencingStruct.java -5.936160665711652 -4.016950826421419 -5.936160665711652 -6.140855861081019 0.20469519536936698
/home/ashley/reuse/Git_Scripts/Repos/derby/8800/b/NormalizeResultSetNode.java -2.0192900815056802 -1.326893124047938 -2.0192900815056802 -1.9348598341953382 -0.08443024731034199
/home/ashley/reuse/Git_Scripts/Repos/derby/8800/b/LockTableNode.java -2.358718201852201 -1.620358764733937 -2.358718201852201 -2.5881498358207597 0.22943163396855892
/home/ashley/reuse/Git_Scripts/Repos/derby/8800/b/CurrentRowLocationNode.java -2.278492814511884 -1.562698804354185 -2.278492814511884 -2.4871666613854972 0.20867384687361312
/home/ashley/reuse/Git_Scripts/Repos/derby/8800/b/OrNode.java -3.8966956973646574 -2.584731288015255 -3.8966956973646574 -3.838484953203674 -0.058210744160983374
/home/ashley/reuse/Git_Scripts/Repos/derby/8800/b/ColumnReference.java -3.2370513911926833 -2.0155058264702044 -3.2370513911926833 -2.6695392961124416 -0.5675120950802417
/home/ashley/reuse/Git_Scripts/Repos/derby/8800/b/FromList.java -3.179303146996733 -2.1151736062483044 -3.179303146996733 -3.159061699957676 -0.020241447039056837
/home/ashley/reuse/Git_Scripts/Repos/derby/8800/b/ValueNodeList.java -2.6451538523736318 -1.7144164315778883 -2.6451538523736318 -2.4349429501982436 -0.21021090217538818
/home/ashley/reuse/Git_Scripts/Repos/derby/8800/b/ParseException.java -4.499199010906557 -2.9894006850989876 -4.499199010906557 -4.454207020797492 -0.044991990109065405
/home/ashley/reuse/Git_Scripts/Repos/derby/8800/b/TableOperatorNode.java -2.6405083126696502 -1.7771289925508407 -2.6405083126696502 -2.7162951116209886 0.07578679895133833
/home/ashley/reuse/Git_Scripts/Repos/derby/8800/b/IsNullNode.java -2.6743015946111193 -1.7641325095299112 -2.6743015946111193 -2.591728537406991 -0.08257305720412811
/home/ashley/reuse/Git_Scripts/Repos/derby/8800/b/HashJoinStrategy.java -3.1318605640668418 -2.0676070220536915 -3.1318605640668418 -3.0408266423733847 -0.09103392169345703
/home/ashley/reuse/Git_Scripts/Repos/derby/8800/b/SimpleStringOperatorNode.java -2.5321992340123645 -1.6934082377457689 -2.5321992340123645 -2.5500735815465694 0.017874347534204915
/home/ashley/reuse/Git_Scripts/Repos/derby/8800/b/DropIndexNode.java -2.292987462621698 -1.5205023570738394 -2.292987462621698 -2.251579111152232 -0.04140835146946609
/home/ashley/reuse/Git_Scripts/Repos/derby/8800/b/Predicate.java -3.5679584578776624 -2.252755696268043 -3.5679584578776624 -3.0557032628925618 -0.5122551949851006
/home/ashley/reuse/Git_Scripts/Repos/derby/8800/b/HasNodeVisitor.java -3.9256491958920345 -2.7108717574238157 -3.9256491958920345 -4.3572650760686455 0.431615880176611
/home/ashley/reuse/Git_Scripts/Repos/derby/8800/b/CreateAliasNode.java -3.468244555221861 -1.8702002832987097 -3.468244555221861 -2.0285673085976836 -1.4396772466241772
/home/ashley/reuse/Git_Scripts/Repos/derby/8800/b/MethodCallNode.java -3.5295853284449965 -2.185035699289374 -3.5295853284449965 -2.867367177994748 -0.6622181504502485
/home/ashley/reuse/Git_Scripts/Repos/derby/8800/b/TableElementList.java -2.832155431915167 -1.5892922198530584 -2.832155431915167 -1.8107876030417183 -1.0213678288734487
/home/ashley/reuse/Git_Scripts/Repos/derby/8800/b/ActivationClassBuilder.java -3.3946989924030913 -2.6045535372747857 -3.3946989924030913 -5.586345953600157 2.1916469611970655
/home/ashley/reuse/Git_Scripts/Repos/derby/8800/b/FromVTI.java -3.2188648188488824 -1.8868794885556097 -3.2188648188488824 -2.2795673893030717 -0.9392974295458107
/home/ashley/reuse/Git_Scripts/Repos/derby/8800/b/RevokeNode.java -0.7196116104895315 -0.46599053333186224 -0.7196116104895315 -0.6610889795159853 -0.05852263097354615
/home/ashley/reuse/Git_Scripts/Repos/derby/8800/b/ValueNode.java -0.9503150276038422 -0.6573626829959679 -0.9503150276038422 -1.065754597117541 0.11543956951369883
/home/ashley/reuse/Git_Scripts/Repos/derby/8800/b/TimestampTypeCompiler.java -3.5981205256891826 -2.706504149088784 -3.5981205256891826 -5.444943450379205 1.8468229246900227
/home/ashley/reuse/Git_Scripts/Repos/derby/8800/b/CoalesceFunctionNode.java -0.9216156613777922 -0.5616183189383256 -0.9216156613777922 -0.7183286526717009 -0.2032870087060913
/home/ashley/reuse/Git_Scripts/Repos/derby/8800/b/CreateTriggerNode.java -2.932278799716178 -2.036575584410951 -2.932278799716178 -3.333586007142342 0.4013072074261643
/home/ashley/reuse/Git_Scripts/Repos/derby/8800/b/UnaryArithmeticOperatorNode.java -3.268797524288855 -2.1791983495259033 -3.268797524288855 -3.2647064134950017 -0.004091110793853492
/home/ashley/reuse/Git_Scripts/Repos/derby/8800/b/UnaryOperatorNode.java -3.2825003221751907 -2.270486933810215 -3.2825003221751907 -3.6802184549104724 0.39771813273528167
/home/ashley/reuse/Git_Scripts/Repos/derby/8800/b/SQLBooleanConstantNode.java -2.4667989800230687 -2.452027728645685 -2.4667989800230687 -204.7443153419147 202.27751636189163
/home/ashley/reuse/Git_Scripts/Repos/derby/8800/b/CurrentDatetimeOperatorNode.java -2.654392803011665 -1.763680779541173 -2.654392803011665 -2.622730065798802 -0.03166273721286261
/home/ashley/reuse/Git_Scripts/Repos/derby/8800/b/BaseTypeCompiler.java -3.2675799722010015 -2.24273516771398 -3.2675799722010015 -3.570384755240375 0.3028047830393734
/home/ashley/reuse/Git_Scripts/Repos/derby/8800/b/VirtualColumnNode.java -3.8136537962731256 -2.5055657350041596 -3.8136537962731256 -3.6524147570924606 -0.16123903918066507
/home/ashley/reuse/Git_Scripts/Repos/derby/8800/b/CursorNode.java -3.261204651971839 -2.134987997239442 -3.261204651971839 -3.089722043468899 -0.17148260850294017
/home/ashley/reuse/Git_Scripts/Repos/derby/8800/b/CharConstantNode.java -1.343799055782718 -0.8614636580174476 -1.343799055782718 -1.1974157163728358 -0.14638333940988213
/home/ashley/reuse/Git_Scripts/Repos/derby/8800/b/BooleanTypeCompiler.java -3.328545614279323 -2.5810603227808957 -3.328545614279323 -5.746719778499345 2.4181741642200216
/home/ashley/reuse/Git_Scripts/Repos/derby/8800/b/SumAvgAggregateDefinition.java -3.8796394361391555 -2.785543387697967 -3.8796394361391555 -4.924585301460303 1.0449458653211479
/home/ashley/reuse/Git_Scripts/Repos/derby/8800/b/CharTypeCompiler.java -3.076776935266278 -2.3060891204131715 -3.076776935266278 -4.603239910902261 1.5264629756359827
/home/ashley/reuse/Git_Scripts/Repos/derby/8800/b/ExtractOperatorNode.java -3.2174264234700622 -2.1493061793333004 -3.2174264234700622 -3.2371048725432736 0.019678449073211368
/home/ashley/reuse/Git_Scripts/Repos/derby/8800/b/BinaryListOperatorNode.java -2.9866315743243694 -2.0125897433892077 -2.9866315743243694 -3.0821247558628553 0.09549318153848585
/home/ashley/reuse/Git_Scripts/Repos/derby/8800/b/DropViewNode.java -1.909710744400175 -1.1554049331323943 -1.909710744400175 -1.4625959272588642 -0.44711481714131085
/home/ashley/reuse/Git_Scripts/Repos/derby/8800/b/SubqueryNode.java -3.515933958065837 -2.3209531743058207 -3.515933958065837 -3.4137900700094748 -0.1021438880563621
/home/ashley/reuse/Git_Scripts/Repos/derby/8800/b/NotNode.java -2.0703878701112473 -1.4426196604992025 -2.0703878701112473 -2.371038253889778 0.3006503837785308
/home/ashley/reuse/Git_Scripts/Repos/derby/8800/b/GetCurrentConnectionNode.java -2.1666955833795667 -1.5634051323197213 -2.1666955833795667 -2.7989228660678296 0.6322272826882629
/home/ashley/reuse/Git_Scripts/Repos/derby/8800/b/ResultColumnList.java -2.3534546910965073 -1.530315749755844 -2.3534546910965073 -2.1875094852335266 -0.16594520586298067
/home/ashley/reuse/Git_Scripts/Repos/derby/8800/b/HalfOuterJoinNode.java -4.11771364568934 -2.7846408826963884 -4.11771364568934 -4.298646500231943 0.18093285454260233
/home/ashley/reuse/Git_Scripts/Repos/derby/8800/b/CLOBTypeCompiler.java -2.6199833721035977 -1.8746760558012678 -2.6199833721035977 -3.286645807753368 0.6666624356497701
/home/ashley/reuse/Git_Scripts/Repos/derby/8800/b/CreateTableNode.java -2.573907649341038 -1.4764709974815884 -2.573907649341038 -1.730575138041641 -0.843332511299397
/home/ashley/reuse/Git_Scripts/Repos/derby/8800/b/TimestampOperatorNode.java -2.8752295800656587 -1.8950376777705478 -2.8752295800656587 -2.77938859406347 -0.09584098600218871
/home/ashley/reuse/Git_Scripts/Repos/derby/8800/b/PredicateList.java -2.9578023060442 -1.963950924986363 -2.9578023060442 -2.9224583703346747 -0.0353439357095251
/home/ashley/reuse/Git_Scripts/Repos/derby/8800/b/SetTransactionIsolationNode.java -2.155474948386628 -1.4674550429864317 -2.155474948386628 -2.298670836566159 0.14319588817953122
/home/ashley/reuse/Git_Scripts/Repos/derby/8800/b/RowOrderingImpl.java -3.3929492233970375 -2.2740313672582184 -3.3929492233970375 -3.4454052198234146 0.052455996426377105
/home/ashley/reuse/Git_Scripts/Repos/derby/8800/b/VarbitConstantNode.java -1.799545265764642 -1.0321920014951909 -1.799545265764642 -1.2103136300717947 -0.5892316356928473
/home/ashley/reuse/Git_Scripts/Repos/derby/8800/b/UnaryComparisonOperatorNode.java -3.096463220144979 -2.0649163204380585 -3.096463220144979 -3.0991986116822097 0.0027353915372305693
/home/ashley/reuse/Git_Scripts/Repos/derby/8800/b/NonStaticMethodCallNode.java -3.1577665350016577 -2.2070612896062656 -3.1577665350016577 -3.6617647405881293 0.5039982055864716
/home/ashley/reuse/Git_Scripts/Repos/derby/8800/b/DropTableNode.java -2.1156354289259167 -1.4993692529324814 -2.1156354289259167 -2.573659593951115 0.4580241650251984
/home/ashley/reuse/Git_Scripts/Repos/derby/8800/b/NumericTypeCompiler.java -3.486762090829025 -2.3766211839900926 -3.486762090829025 -3.7322796581714237 0.24551756734239882
/home/ashley/reuse/Git_Scripts/Repos/derby/8800/b/ConditionalNode.java -2.786031531400716 -1.615231104145413 -2.786031531400716 -1.9217984047024237 -0.8642331266982921
/home/ashley/reuse/Git_Scripts/Repos/derby/8800/b/RoutineDesignator.java -4.38600034739111 -2.983190519683022 -4.38600034739111 -4.66359530608675 0.2775949586956399
/home/ashley/reuse/Git_Scripts/Repos/derby/8800/b/MiscellaneousStatementNode.java -1.5998163449380771 -1.1603606205569388 -1.5998163449380771 -2.1003175478237326 0.5005012028856555
/home/ashley/reuse/Git_Scripts/Repos/derby/8800/b/RelationalOperator.java -4.513896374856396 -3.0505577559063806 -4.513896374856396 -4.69254662715942 0.178650252303024
/home/ashley/reuse/Git_Scripts/Repos/derby/8800/b/DMLStatementNode.java -2.1824270195505755 -1.579686918009051 -2.1824270195505755 -2.85673171329876 0.6743046937481845
/home/ashley/reuse/Git_Scripts/Repos/derby/8800/b/BinaryComparisonOperatorNode.java -3.4460360484213957 -2.500199434602031 -3.4460360484213957 -4.549099332272288 1.1030632838508923
/home/ashley/reuse/Git_Scripts/Repos/derby/8800/b/UnionNode.java -3.3208038334020116 -2.1387789211618413 -3.3208038334020116 -3.0043635995509983 -0.3164402338510133
/home/ashley/reuse/Git_Scripts/Repos/derby/8800/b/AlterTableNode.java -2.9346105089198082 -1.6129699407380058 -2.9346105089198082 -1.7897812614852135 -1.1448292474345947
/home/ashley/reuse/Git_Scripts/Repos/derby/8800/b/VerifyAggregateExpressionsVisitor.java -3.640103577262668 -2.3384907829687442 -3.640103577262668 -3.2699235524562953 -0.3701800248063729
/home/ashley/reuse/Git_Scripts/Repos/derby/8800/b/OrderByNode.java -2.143495354018256 -1.6229783826804898 -2.143495354018256 -3.3417225705502007 1.1982272165319445
/home/ashley/reuse/Git_Scripts/Repos/derby/8800/b/ReferencedTablesVisitor.java -4.025878955402561 -2.6486045759227372 -4.025878955402561 -3.8545649573003242 -0.1713139981022369
/home/ashley/reuse/Git_Scripts/Repos/derby/8800/b/SelectNode.java -2.201920949680103 -1.3366277708068113 -2.201920949680103 -1.700425767937984 -0.5014951817421189
/home/ashley/reuse/Git_Scripts/Repos/derby/8800/b/ModifyColumnNode.java -3.1729006665408916 -1.9389948517749893 -3.1729006665408916 -2.492993380853558 -0.6799072856873338
/home/ashley/reuse/Git_Scripts/Repos/derby/8800/b/OptimizerFactoryImpl.java -3.7427730487093873 -2.5086259011823695 -3.7427730487093873 -3.7977240396366048 0.05495099092721745
/home/ashley/reuse/Git_Scripts/Repos/derby/8800/b/FKConstraintDefinitionNode.java -3.1913864768804574 -2.1660170575025157 -3.1913864768804574 -3.3658049401663908 0.17441846328593336
/home/ashley/reuse/Git_Scripts/Repos/derby/8800/b/SQLToJavaValueNode.java -2.9439229265596607 -2.005180797574634 -2.9439229265596607 -3.144152978549932 0.2002300519902711
/home/ashley/reuse/Git_Scripts/Repos/derby/8800/b/BaseTableNumbersVisitor.java -3.729937988491411 -2.3837020919829217 -3.729937988491411 -3.2946363010473334 -0.4353016874440776
/home/ashley/reuse/Git_Scripts/Repos/derby/8800/b/PrivilegeNode.java -3.6135302578158184 -2.158245121198191 -3.6135302578158184 -2.6795037800493144 -0.9340264777665039
/home/ashley/reuse/Git_Scripts/Repos/derby/8800/b/CallStatementNode.java -2.367948407016797 -1.6657645720356256 -2.367948407016797 -2.808697928030872 0.4407495210140753
/home/ashley/reuse/Git_Scripts/Repos/derby/8800/b/UserDefinedTypeCompiler.java -2.921081314243326 -1.8372191959799955 -2.921081314243326 -2.4701761449305977 -0.4509051693127284
/home/ashley/reuse/Git_Scripts/Repos/derby/8800/b/BinaryOperatorNode.java -3.356791993609151 -2.2925646060056573 -3.356791993609151 -3.6156100678827534 0.2588180742736026
/home/ashley/reuse/Git_Scripts/Repos/derby/8801/b/DataSourceReferenceTest.java -4.500101012028488 -2.994953009028165 -4.500101012028488 -4.477164717369831 -0.022936294658657097
/home/ashley/reuse/Git_Scripts/Repos/derby/8801/b/ClientBaseDataSource.java -3.4564877906158076 -2.304571487586726 -3.4564877906158076 -3.4564877906158076 0.0
/home/ashley/reuse/Git_Scripts/Repos/derby/8801/b/_Suite.java -3.153206303011871 -2.1021375353412473 -3.153206303011871 -3.153206303011871 0.0
/home/ashley/reuse/Git_Scripts/Repos/derby/8802/b/CacheManager.java -3.758149902523797 -2.708387359919384 -3.758149902523797 -4.8480133742556974 1.0898634717319005
/home/ashley/reuse/Git_Scripts/Repos/derby/8803/b/GenericActivationHolder.java -0.5744248898025669 -0.38252751092115467 -0.5744248898025669 -0.5725282038456716 -0.0018966859568952943
/home/ashley/reuse/Git_Scripts/Repos/derby/8804/b/SURDataModelSetup.java -3.4810452321817427 -2.339860296445862 -3.4810452321817427 -3.568728991178764 0.08768375899702141
/home/ashley/reuse/Git_Scripts/Repos/derby/8804/b/SURBaseTest.java -2.931618236116916 -1.9646362298206423 -2.931618236116916 -2.9756291854497805 0.044010949332864424
/home/ashley/reuse/Git_Scripts/Repos/derby/8804/b/HoldabilityTest.java -3.091731002153861 -1.9927212372653396 -3.091731002153861 -2.8016568440325975 -0.29007415812126336
