before_file_path change CE-Avg CE-Left CE-Right CE-Diff
/home/ashley/reuse/Git_Scripts/Repos/openjpa_buggy/2/b/ClassMetaData.java -7.108655695666812 -4.76545754914644 -7.108655695666812 -7.227959238196722 0.11930354252991027
/home/ashley/reuse/Git_Scripts/Repos/openjpa_buggy/3/b/JDBCExpressionFactory.java -11.19932412676546 -7.6836399565946305 -11.19932412676546 -12.233034605501361 1.0337104787359017
/home/ashley/reuse/Git_Scripts/Repos/openjpa_buggy/3/b/ConstPath.java -7.818799196888289 -4.8588682750130765 -7.818799196888289 -6.4174665506028115 -1.4013326462854776
/home/ashley/reuse/Git_Scripts/Repos/openjpa_buggy/3/b/DBDictionary.java -6.52978324628029 -4.8318881493556844 -6.52978324628029 -9.291263736703062 2.7614804904227723
/home/ashley/reuse/Git_Scripts/Repos/openjpa_buggy/3/b/NotContainsExpression.java -8.132670292562997 -5.417254502057823 -8.132670292562997 -8.11233861683159 -0.020331675731407373
/home/ashley/reuse/Git_Scripts/Repos/openjpa_buggy/3/b/AbstractVal.java -8.79196202604741 -5.711715469357946 -8.79196202604741 -8.151487971169784 -0.6404740548776253
/home/ashley/reuse/Git_Scripts/Repos/openjpa_buggy/3/b/SubQ.java -7.817867493223283 -5.521270603865941 -7.817867493223283 -9.397505103155385 1.5796376099321021
/home/ashley/reuse/Git_Scripts/Repos/openjpa_buggy/3/b/PCPath.java -8.475303222775702 -6.371202847391619 -8.475303222775702 -12.831582717530555 4.356279494754853
/home/ashley/reuse/Git_Scripts/Repos/openjpa_buggy/3/b/JDBCStoreQuery.java -8.080789031916222 -5.41436694874784 -8.080789031916222 -8.204319438095563 0.12353040617934141
/home/ashley/reuse/Git_Scripts/Repos/openjpa_buggy/3/b/SelectConstructor.java -7.433637450975202 -5.173668662203971 -7.433637450975202 -8.503980505745771 1.0703430547705688
/home/ashley/reuse/Git_Scripts/Repos/openjpa_buggy/3/b/Lit.java -7.9971291140017 -5.135902239582487 -7.9971291140017 -7.159524568395537 -0.8376045456061627
/home/ashley/reuse/Git_Scripts/Repos/openjpa_buggy/4/b/TestException.java -6.270724157529394 -3.303802831346778 -6.270724157529394 -3.4878953274218225 -2.782828830107572
/home/ashley/reuse/Git_Scripts/Repos/openjpa_buggy/5/b/XMLPersistenceMetaDataParser.java -7.040817851437108 -4.831643728594136 -7.040817851437108 -7.698589472723759 0.6577716212866509
/home/ashley/reuse/Git_Scripts/Repos/openjpa_buggy/5/b/ClassMetaData.java -7.108655695666812 -4.815185963454373 -7.108655695666812 -7.462383009472873 0.35372731380606126
/home/ashley/reuse/Git_Scripts/Repos/openjpa_buggy/5/b/AnnotationPersistenceMetaDataParser.java -7.6060586513092465 -5.0434792414779075 -7.6060586513092465 -7.484841010227747 -0.12121764108149957
/home/ashley/reuse/Git_Scripts/Repos/openjpa_buggy/6/b/SchemaGenerator.java -5.855610884814166 -3.9214123127566833 -5.855610884814166 -5.934548401714424 0.07893751690025752
/home/ashley/reuse/Git_Scripts/Repos/openjpa_buggy/7/b/TestDataCacheBehavesIdentical.java -7.566408887106934 -5.031228665235494 -7.566408887106934 -7.503876582254811 -0.06253230485212313
/home/ashley/reuse/Git_Scripts/Repos/openjpa_buggy/8/b/SaveFieldManager.java -7.568265978430207 -4.842507684636203 -7.568265978430207 -6.722787241143536 -0.8454787372866717
/home/ashley/reuse/Git_Scripts/Repos/openjpa_buggy/8/b/AbstractUnenhancedClassTest.java -7.105128571102249 -4.904572561281749 -7.105128571102249 -7.917912218251066 0.8127836471488177
/home/ashley/reuse/Git_Scripts/Repos/openjpa_buggy/8/b/StateManagerImpl.java -6.9116444235172905 -4.744906868011405 -6.9116444235172905 -7.5678544942059185 0.656210070688628
/home/ashley/reuse/Git_Scripts/Repos/openjpa_buggy/8/b/BrokerImpl.java -6.9383043982210495 -4.697343362495778 -6.9383043982210495 -7.271476996161403 0.3331725979403535
/home/ashley/reuse/Git_Scripts/Repos/openjpa_buggy/9/b/QueryResultCacheImpl.java -7.788938344440512 -5.192625562960341 -7.788938344440512 -7.788938344440512 0.0
/home/ashley/reuse/Git_Scripts/Repos/openjpa_buggy/10/b/BrokerImpl.java -6.9383043982210495 -4.788956560225646 -6.9383043982210495 -7.729255204304622 0.7909508060835728
/home/ashley/reuse/Git_Scripts/Repos/openjpa_buggy/11/b/TestTimestampVersion.java -6.894428692668081 -4.663529218964812 -6.894428692668081 -7.206144883559988 0.3117161908919073
/home/ashley/reuse/Git_Scripts/Repos/openjpa_buggy/12/b/PCEnhancer.java -6.683394840950702 -4.793104049553324 -6.683394840950702 -8.47293591896406 1.7895410780133583
/home/ashley/reuse/Git_Scripts/Repos/openjpa_buggy/13/b/TestTablePerClassInheritanceWithAbstractRoot.java -7.904993086126207 -5.304791278684934 -7.904993086126207 -8.048982031228688 0.14398894510248095
/home/ashley/reuse/Git_Scripts/Repos/openjpa_buggy/14/b/BrokerImpl.java -6.9383043982210495 -4.611185382115966 -6.9383043982210495 -6.874123668865052 -0.06418072935599728
/home/ashley/reuse/Git_Scripts/Repos/openjpa_buggy/15/b/FetchGroup.java -6.487351611658511 -2.9212557290657073 -6.487351611658511 -2.6571373409402277 -3.830214270718283
/home/ashley/reuse/Git_Scripts/Repos/openjpa_buggy/16/b/OpenJPAConfigurationImpl.java -7.605285632386525 -5.004666396005298 -7.605285632386525 -7.317856628906213 -0.28742900348031153
/home/ashley/reuse/Git_Scripts/Repos/openjpa_buggy/17/b/NameSet.java -5.883804915338297 -3.415312048558437 -5.883804915338297 -4.070303400336767 -1.81350151500153
/home/ashley/reuse/Git_Scripts/Repos/openjpa_buggy/17/b/MappingDefaultsImpl.java -7.884224904834149 -5.050205088140413 -7.884224904834149 -7.022560980808558 -0.8616639240255903
/home/ashley/reuse/Git_Scripts/Repos/openjpa_buggy/19/b/Configurations.java -6.261771262989524 -4.361690032155141 -6.261771262989524 -7.187036232504502 0.9252649695149779
/home/ashley/reuse/Git_Scripts/Repos/openjpa_buggy/21/b/JPQLExpressionBuilder.java -7.85973180141632 -5.4998390362990115 -7.85973180141632 -9.158733908428554 1.2990021070122335
/home/ashley/reuse/Git_Scripts/Repos/openjpa_buggy/21/b/Expressions.java -8.758951284381297 -6.944048180841397 -8.758951284381297 -16.756426173318633 7.997474888937337
/home/ashley/reuse/Git_Scripts/Repos/openjpa_buggy/21/b/TestTypesafeCriteria.java -8.249415033031172 -7.75153036978563 -8.249415033031172 -64.21727347923063 55.96785844619946
/home/ashley/reuse/Git_Scripts/Repos/openjpa_buggy/23/b/SubqueryImpl.java -9.921027208732138 -5.024420709886556 -9.921027208732138 -5.087706260888275 -4.833320947843863
/home/ashley/reuse/Git_Scripts/Repos/openjpa_buggy/25/b/TestMetaDataRepository.java -8.069012959364809 -4.601054198105891 -8.069012959364809 -5.352711567103388 -2.716301392261421
/home/ashley/reuse/Git_Scripts/Repos/openjpa_buggy/26/b/AbstractDB2Dictionary.java -7.99795959020856 -4.550563215118664 -7.99795959020856 -5.268117095346955 -2.7298424948616047
/home/ashley/reuse/Git_Scripts/Repos/openjpa_buggy/26/b/TestSQLBigDecimalId.java -6.750672110563474 -3.676705345931892 -6.750672110563474 -4.027295831240801 -2.7233762793226726
/home/ashley/reuse/Git_Scripts/Repos/openjpa_buggy/27/b/PersistenceProviderImpl.java -7.876320222757286 -5.240649500383075 -7.876320222757286 -7.824766126753784 -0.05155409600350236
/home/ashley/reuse/Git_Scripts/Repos/openjpa_buggy/28/b/EntityManagerImpl.java -6.8176041382751755 -4.639854698378527 -6.8176041382751755 -7.2627024976211665 0.44509835934599096
/home/ashley/reuse/Git_Scripts/Repos/openjpa_buggy/29/b/CandidatePath.java -8.25626856554046 -5.5069477454258795 -8.25626856554046 -8.25626856554046 0.0
/home/ashley/reuse/Git_Scripts/Repos/openjpa_buggy/30/b/BrokerImpl.java -6.9383043982210495 -4.755878061289777 -6.9383043982210495 -7.559533714270597 0.6212293160495479
/home/ashley/reuse/Git_Scripts/Repos/openjpa_buggy/31/b/DistributedStoreQuery.java -8.387726394645133 -4.983157675470353 -8.387726394645133 -6.134884607956585 -2.252841786688548
/home/ashley/reuse/Git_Scripts/Repos/openjpa_buggy/31/b/DistributedBrokerImpl.java -7.464446130943633 -4.565496132622185 -7.464446130943633 -5.8636372016569265 -1.600808929286707
/home/ashley/reuse/Git_Scripts/Repos/openjpa_buggy/32/b/EntityD.java -8.251013441318458 -6.4174548988032445 -8.251013441318458 -14.4392735223073 6.188260080988842
/home/ashley/reuse/Git_Scripts/Repos/openjpa_buggy/32/b/EntityB.java -7.5634676181797795 -5.021979843253778 -7.5634676181797795 -7.44293426968289 -0.12053334849688913
/home/ashley/reuse/Git_Scripts/Repos/openjpa_buggy/32/b/EntityC.java -7.6665501450388716 -5.084956728852313 -7.6665501450388716 -7.550390294356464 -0.11615985068240775
/home/ashley/reuse/Git_Scripts/Repos/openjpa_buggy/32/b/EntityA.java -7.442934269682891 -4.968554525772356 -7.442934269682891 -7.442934269682891 0.0
/home/ashley/reuse/Git_Scripts/Repos/openjpa_buggy/33/b/ColumnVersionStrategy.java -7.231792017307173 -4.341851330160622 -7.231792017307173 -5.4299196903833025 -1.8018723269238706
/home/ashley/reuse/Git_Scripts/Repos/openjpa_buggy/33/b/MultiColumnVersionStrategy.java -6.832206654011594 -4.554804436007729 -6.832206654011594 -6.832206654011594 0.0
/home/ashley/reuse/Git_Scripts/Repos/openjpa_buggy/34/b/DB2Dictionary.java -6.153006615136498 -4.305084602159851 -6.153006615136498 -7.165730982611423 1.0127243674749256
/home/ashley/reuse/Git_Scripts/Repos/openjpa_buggy/35/b/EntityManagerImpl.java -6.8176041382751755 -5.048519952489349 -6.8176041382751755 -9.727861115034322 2.910256976759147
/home/ashley/reuse/Git_Scripts/Repos/openjpa_buggy/36/b/QueryExpressions.java -9.309598787954128 -6.206399191969419 -9.309598787954128 -9.309598787954128 0.0
/home/ashley/reuse/Git_Scripts/Repos/openjpa_buggy/36/b/QueryImpl.java -7.098525853049241 -4.770794559600865 -7.098525853049241 -7.274380985518265 0.17585513246902362
/home/ashley/reuse/Git_Scripts/Repos/openjpa_buggy/37/b/XMLPersistenceMetaDataParser.java -7.040817851437108 -4.856662800841404 -7.040817851437108 -7.827082456127076 0.7862646046899684
/home/ashley/reuse/Git_Scripts/Repos/openjpa_buggy/38/b/TestDataCacheBehavesIdentical.java -7.566408887106933 -5.0517566753681304 -7.566408887106933 -7.59594868755855 0.02953980045161675
/home/ashley/reuse/Git_Scripts/Repos/openjpa_buggy/39/b/JPQLExpressionBuilder.java -7.85973180141632 -5.429938118265678 -7.85973180141632 -8.781448750409705 0.9217169489933852
/home/ashley/reuse/Git_Scripts/Repos/openjpa_buggy/40/b/ProxyManagerImpl.java -6.659175825372425 -4.569560557045227 -6.659175825372425 -7.280380335991483 0.6212045106190578
/home/ashley/reuse/Git_Scripts/Repos/openjpa_buggy/42/b/ClassMetaData.java -7.108655695666812 -5.066461051436276 -7.108655695666812 -8.817897772848353 1.7092420771815409
/home/ashley/reuse/Git_Scripts/Repos/openjpa_buggy/43/b/ConstraintUpdateManager.java -7.933093872648114 -5.288729248432076 -7.933093872648114 -7.933093872648114 0.0
/home/ashley/reuse/Git_Scripts/Repos/openjpa_buggy/43/b/DepthFirstAnalysis.java -6.772570614494569 -4.516006499847845 -6.772570614494569 -6.772570614494569 0.0
/home/ashley/reuse/Git_Scripts/Repos/openjpa_buggy/43/b/Edge.java -7.13408599944495 -4.7560573329633 -7.13408599944495 -7.13408599944495 0.0
/home/ashley/reuse/Git_Scripts/Repos/openjpa_buggy/44/b/MetaDataRepository.java -6.779723400859884 -5.328769304516616 -6.779723400859884 -12.449595077702599 5.669871676842715
/home/ashley/reuse/Git_Scripts/Repos/openjpa_buggy/45/b/StoreContext.java -8.756625481304805 -5.801755223599933 -8.756625481304805 -8.582364277696751 -0.17426120360805442
/home/ashley/reuse/Git_Scripts/Repos/openjpa_buggy/45/b/EntityManagerImpl.java -6.8176041382751755 -5.017970951598058 -6.8176041382751755 -9.504864596469975 2.6872604581947996
/home/ashley/reuse/Git_Scripts/Repos/openjpa_buggy/45/b/BrokerImpl.java -6.9383043982210495 -4.788956560225646 -6.9383043982210495 -7.729255204304622 0.7909508060835728
/home/ashley/reuse/Git_Scripts/Repos/openjpa_buggy/45/b/DelegatingBroker.java -5.8358086614150215 -3.8526150027472386 -5.8358086614150215 -5.667397620997775 -0.1684110404172463
/home/ashley/reuse/Git_Scripts/Repos/openjpa_buggy/46/b/AnnotationPersistenceMetaDataParser.java -7.6060586513092465 -5.300609337073785 -7.6060586513092465 -8.743793510557088 1.1377348592478418
/home/ashley/reuse/Git_Scripts/Repos/openjpa_buggy/47/b/StateManagerImpl.java -6.911644423517293 -4.694887351979661 -6.911644423517293 -7.319113222190805 0.40746879867351193
/home/ashley/reuse/Git_Scripts/Repos/openjpa_buggy/49/b/VersionAttachStrategy.java -7.328004411659582 -4.834566772425766 -7.328004411659582 -7.100695559894662 -0.22730885176491977
/home/ashley/reuse/Git_Scripts/Repos/openjpa_buggy/49/b/AttachManager.java -7.740881285299211 -4.983806961814691 -7.740881285299211 -6.996376142572981 -0.7445051427262301
/home/ashley/reuse/Git_Scripts/Repos/openjpa_buggy/50/b/BrokerImpl.java -6.9383043982210495 -4.755073707124489 -6.9383043982210495 -7.555470723068409 0.6171663248473598
/home/ashley/reuse/Git_Scripts/Repos/openjpa_buggy/51/b/BrokerImpl.java -6.9383043982210495 -4.682349205705398 -6.9383043982210495 -7.2000936802231585 0.26178928200210905
/home/ashley/reuse/Git_Scripts/Repos/openjpa_buggy/52/b/BrokerImpl.java -6.9383043982210495 -4.71862922612443 -6.9383043982210495 -7.374792114800576 0.4364877165795269
/home/ashley/reuse/Git_Scripts/Repos/openjpa_buggy/53/b/DBDictionaryFactory.java -6.185219529423618 -3.933894413349887 -6.185219529423618 -5.402574612771419 -0.7826449166521989
/home/ashley/reuse/Git_Scripts/Repos/openjpa_buggy/54/b/TestDataCacheBehavesIdentical.java -7.566408887106934 -5.031228665235494 -7.566408887106934 -7.503876582254811 -0.06253230485212313
/home/ashley/reuse/Git_Scripts/Repos/openjpa_buggy/55/b/DetachedStateManager.java -6.844563317921509 -4.567913539610267 -6.844563317921509 -6.866531196520981 0.021967878599472357
/home/ashley/reuse/Git_Scripts/Repos/openjpa_buggy/55/b/SaveFieldManager.java -7.568265978430206 -5.047565013301579 -7.568265978430206 -7.568265978430206 0.0
/home/ashley/reuse/Git_Scripts/Repos/openjpa_buggy/55/b/DetachedStateAttachStrategy.java -7.53801972923604 -5.02534648615736 -7.53801972923604 -7.53801972923604 0.0
/home/ashley/reuse/Git_Scripts/Repos/openjpa_buggy/55/b/PCRegistry.java -7.861507672511442 -5.2429362149026195 -7.861507672511442 -7.861507672511442 0.0
/home/ashley/reuse/Git_Scripts/Repos/openjpa_buggy/55/b/PCEnhancer.java -6.683394840950702 -4.878386235126481 -6.683394840950702 -9.031586135048146 2.348191294097444
/home/ashley/reuse/Git_Scripts/Repos/openjpa_buggy/55/b/AbstractBrokerFactory.java -7.262507527276981 -5.384650119564872 -7.262507527276981 -10.412415198430251 3.1499076711532705
/home/ashley/reuse/Git_Scripts/Repos/openjpa_buggy/55/b/DetachedValueStateManager.java -7.307223334958003 -4.872133142896905 -7.307223334958003 -7.307223334958003 0.0
/home/ashley/reuse/Git_Scripts/Repos/openjpa_buggy/55/b/LifecycleEventManager.java -7.41588094329855 -4.94446547354598 -7.41588094329855 -7.41588094329855 0.0
/home/ashley/reuse/Git_Scripts/Repos/openjpa_buggy/55/b/OpenJPASavepoint.java -7.1666467315633104 -4.782700194824276 -7.1666467315633104 -7.1666467315633104 0.0
/home/ashley/reuse/Git_Scripts/Repos/openjpa_buggy/55/b/StateManagerImpl.java -6.911644423517293 -4.819275255456621 -6.911644423517293 -7.9591009254005955 1.0474565018833024
/home/ashley/reuse/Git_Scripts/Repos/openjpa_buggy/55/b/BrokerImpl.java -6.9383043982210495 -4.755878061289777 -6.9383043982210495 -7.559872494126933 0.6215680959058831
/home/ashley/reuse/Git_Scripts/Repos/openjpa_buggy/55/b/OpenJPAStateManager.java -8.77103768194829 -5.847358454632193 -8.77103768194829 -8.77103768194829 0.0
/home/ashley/reuse/Git_Scripts/Repos/openjpa_buggy/55/b/SavepointFieldManager.java -7.684913210741578 -5.125245964394575 -7.684913210741578 -7.684913210741578 0.0
/home/ashley/reuse/Git_Scripts/Repos/openjpa_buggy/55/b/SingleFieldManager.java -6.873276227401648 -4.615763809328493 -6.873276227401648 -7.026632369322 0.15335614192035152
/home/ashley/reuse/Git_Scripts/Repos/openjpa_buggy/55/b/ObjectIdStateManager.java -6.938343916006248 -4.626025259461658 -6.938343916006248 -6.938343916006248 0.0
/home/ashley/reuse/Git_Scripts/Repos/openjpa_buggy/57/b/AnnotationPersistenceXMLMetaDataParser.java -7.095169538551249 -4.705604668054715 -7.095169538551249 -6.981131174199971 -0.1140383643512779
/home/ashley/reuse/Git_Scripts/Repos/openjpa_buggy/60/b/DistributedStoreQuery.java -8.387726394645133 -5.480960244492623 -8.387726394645133 -7.90789360683854 -0.47983278780659333
/home/ashley/reuse/Git_Scripts/Repos/openjpa_buggy/61/b/SourceCode.java -6.419615016076456 -4.31898513041406 -6.419615016076456 -6.597894215061283 0.1782791989848267
/home/ashley/reuse/Git_Scripts/Repos/openjpa_buggy/62/b/ProductDerivations.java -5.917102542994358 -3.4431415659665445 -5.917102542994358 -4.117571357238342 -1.799531185756016
/home/ashley/reuse/Git_Scripts/Repos/openjpa_buggy/63/b/QueryImpl.java -7.136069158214293 -5.617105865965822 -7.136069158214293 -13.19454398045663 6.058474822242336
/home/ashley/reuse/Git_Scripts/Repos/openjpa_buggy/64/b/BrokerImpl.java -6.9383043982210495 -4.755878061289777 -6.9383043982210495 -7.559872494126933 0.6215680959058831
/home/ashley/reuse/Git_Scripts/Repos/openjpa_buggy/65/b/JPQLExpressionBuilder.java -7.85973180141632 -5.509256064987628 -7.85973180141632 -9.21117253520789 1.35144073379157
/home/ashley/reuse/Git_Scripts/Repos/openjpa_buggy/65/b/PCPath.java -8.475303222775702 -5.64665747966612 -8.475303222775702 -8.457926896332287 -0.017376326443415024
/home/ashley/reuse/Git_Scripts/Repos/openjpa_buggy/66/b/PostgresDictionary.java -6.242919401582662 -4.543492796176911 -6.242919401582662 -8.342287878063315 2.0993684764806533
/home/ashley/reuse/Git_Scripts/Repos/openjpa_buggy/66/b/AbstractLobTest.java -7.548286721187927 -5.01854915180302 -7.548286721187927 -7.483445450717895 -0.06484127047003252
/home/ashley/reuse/Git_Scripts/Repos/openjpa_buggy/67/b/JPAFacadeHelper.java -7.982464290972686 -5.031661123930488 -7.982464290972686 -6.80211069371067 -1.180353597262016
/home/ashley/reuse/Git_Scripts/Repos/openjpa_buggy/68/b/AnnotationPersistenceMetaDataParser.java -7.6060586513092465 -5.367454459748213 -7.6060586513092465 -9.11742654799359 1.5113678966843436
/home/ashley/reuse/Git_Scripts/Repos/openjpa_buggy/69/b/Compatibility.java -7.183806700798729 -5.731760665530901 -7.183806700798729 -14.178565856839597 6.994759156040868
/home/ashley/reuse/Git_Scripts/Repos/openjpa_buggy/69/b/FieldMetaData.java -6.84480447377372 -4.847046496263371 -6.84480447377372 -8.30357979187218 1.4587753180984597
/home/ashley/reuse/Git_Scripts/Repos/openjpa_buggy/70/b/TimestampedEntity.java -7.150049838657403 -4.606282107596597 -7.150049838657403 -6.47369377283846 -0.6763560658189434
/home/ashley/reuse/Git_Scripts/Repos/openjpa_buggy/71/b/PCEnhancer.java -6.683394840950702 -4.503588541640339 -6.683394840950702 -6.904113552311141 0.22071871136043963
/home/ashley/reuse/Git_Scripts/Repos/openjpa_buggy/71/b/ClassMetaData.java -7.108655695666812 -4.856676982917402 -7.108655695666812 -7.665357647737104 0.5567019520702923
/home/ashley/reuse/Git_Scripts/Repos/openjpa_buggy/72/b/AnnotationPersistenceMappingParser.java -7.801797202629494 -5.779278514323197 -7.801797202629494 -11.145424575184991 3.3436273725554972
/home/ashley/reuse/Git_Scripts/Repos/openjpa_buggy/74/b/PostgresDictionary.java -6.242919401582662 -5.139394506226889 -6.242919401582662 -14.528102366223155 8.285182964640494
/home/ashley/reuse/Git_Scripts/Repos/openjpa_buggy/76/b/ContactInfo.java -9.868011368526725 -6.578674245684484 -9.868011368526725 -9.868011368526725 0.0
/home/ashley/reuse/Git_Scripts/Repos/openjpa_buggy/76/b/DataCacheStoreManager.java -7.187625121477372 -4.452295832017656 -7.187625121477372 -5.849649161761445 -1.3379759597159273
/home/ashley/reuse/Git_Scripts/Repos/openjpa_buggy/76/b/Phone.java -8.669936985812043 -5.788933080588786 -8.669936985812043 -8.669936985812043 0.0
/home/ashley/reuse/Git_Scripts/Repos/openjpa_buggy/76/b/Person.java -9.318819709708135 -6.212546473138756 -9.318819709708135 -9.318819709708135 0.0
/home/ashley/reuse/Git_Scripts/Repos/openjpa_buggy/76/b/TestJPAEmbeddableDataCache.java -7.570555187674147 -5.050566188140655 -7.570555187674147 -7.570555187674147 0.0
/home/ashley/reuse/Git_Scripts/Repos/openjpa_buggy/77/b/DistributedStoreQuery.java -8.387726394645133 -5.578629347381905 -8.387726394645133 -8.328657898908196 -0.05906849573693762
/home/ashley/reuse/Git_Scripts/Repos/openjpa_buggy/78/b/AbstractDB2Dictionary.java -7.99795959020856 -5.2576228381849095 -7.99795959020856 -7.672461234793095 -0.3254983554154647
/home/ashley/reuse/Git_Scripts/Repos/openjpa_buggy/78/b/DBDictionary.java -6.52978324628029 -4.774149102882782 -6.52978324628029 -8.878318681738481 2.3485354354581913
/home/ashley/reuse/Git_Scripts/Repos/openjpa_buggy/78/b/ToUpperCase.java -8.516251326046609 -5.3184494447247594 -8.516251326046609 -7.044857117881488 -1.4713942081651208
/home/ashley/reuse/Git_Scripts/Repos/openjpa_buggy/78/b/ToLowerCase.java -8.516251326046609 -5.3184494447247594 -8.516251326046609 -7.044857117881488 -1.4713942081651208
/home/ashley/reuse/Git_Scripts/Repos/openjpa_buggy/78/b/DB2Dictionary.java -6.153006615136498 -4.597926962895829 -6.153006615136498 -9.096342742909895 2.9433361277733976
/home/ashley/reuse/Git_Scripts/Repos/openjpa_buggy/79/b/JavaVersions.java -5.319522360199939 -3.5475390891058023 -5.319522360199939 -5.319522360199939 0.0
/home/ashley/reuse/Git_Scripts/Repos/openjpa_buggy/81/b/MetaDataRepository.java -6.779723400859884 -4.523531711154358 -6.779723400859884 -6.795894476353885 0.016171075494001208
/home/ashley/reuse/Git_Scripts/Repos/openjpa_buggy/82/b/UniqueA.java -6.073848385477336 -4.049232256984891 -6.073848385477336 -6.073848385477336 0.0
/home/ashley/reuse/Git_Scripts/Repos/openjpa_buggy/84/b/TestTimeoutException.java -6.905133569438899 -3.494163974896792 -6.905133569438899 -3.5342404075837806 -3.3708931618551183
/home/ashley/reuse/Git_Scripts/Repos/openjpa_buggy/86/b/Usage.java -8.495966644158386 -5.663977762772257 -8.495966644158386 -8.495966644158386 0.0
/home/ashley/reuse/Git_Scripts/Repos/openjpa_buggy/86/b/TestQueryTimestampEviction.java -7.392761473711843 -4.887738743955318 -7.392761473711843 -7.212287188187233 -0.18047428552461042
/home/ashley/reuse/Git_Scripts/Repos/openjpa_buggy/87/b/QueryLanguages.java -6.835014365108035 -4.556676243405357 -6.835014365108035 -6.835014365108035 0.0
/home/ashley/reuse/Git_Scripts/Repos/openjpa_buggy/87/b/ProductDerivations.java -5.578682218535863 -3.721700620132802 -5.578682218535863 -5.578682218535863 0.0
/home/ashley/reuse/Git_Scripts/Repos/openjpa_buggy/89/b/ManagedClassSubclasser.java -6.928308676109763 -4.9137906327615415 -6.928308676109763 -8.4497278110663 1.5214191349565365
/home/ashley/reuse/Git_Scripts/Repos/openjpa_buggy/90/b/Book.java -6.994621420725818 -4.6349900980713254 -6.994621420725818 -6.8697174667842855 -0.12490395394153264
/home/ashley/reuse/Git_Scripts/Repos/openjpa_buggy/90/b/TestMultipleLevelDerivedIdentity.java -7.558841418329321 -5.413105789900352 -7.558841418329321 -9.52460822681125 1.9657668084819289
/home/ashley/reuse/Git_Scripts/Repos/openjpa_buggy/90/b/Page.java -8.365983525766705 -5.527076203209234 -8.365983525766705 -8.108001654928083 -0.2579818708386217
/home/ashley/reuse/Git_Scripts/Repos/openjpa_buggy/91/b/StateManagerImpl.java -6.9116444235172905 -4.744906868011405 -6.9116444235172905 -7.5678544942059185 0.656210070688628
/home/ashley/reuse/Git_Scripts/Repos/openjpa_buggy/92/b/JavaVersions.java -5.319522360199939 -3.373107090471609 -5.319522360199939 -4.609324348759634 -0.7101980114403057
/home/ashley/reuse/Git_Scripts/Repos/openjpa_buggy/93/b/ConfigurationImpl.java -6.5210700741712015 -4.77673490439812 -6.5210700741712015 -8.926248693666183 2.405178619494982
/home/ashley/reuse/Git_Scripts/Repos/openjpa_buggy/94/b/AnnotationPersistenceMetaDataParser.java -7.6060586513092465 -5.387980098217613 -7.6060586513092465 -9.23697232391393 1.6309136726046836
/home/ashley/reuse/Git_Scripts/Repos/openjpa_buggy/94/b/FetchGroup.java -6.48735161165851 -3.0600715149332594 -6.48735161165851 -2.896139112347549 -3.591212499310961
/home/ashley/reuse/Git_Scripts/Repos/openjpa_buggy/95/b/OpenJPAConfigurationImpl.java -7.605285632386525 -5.474804284151306 -7.605285632386525 -9.771841090482777 2.1665554580962523
/home/ashley/reuse/Git_Scripts/Repos/openjpa_buggy/96/b/TraversableResolverImpl.java -9.418525254728252 -6.268516808330843 -9.418525254728252 -9.371432628454611 -0.04709262627364019
/home/ashley/reuse/Git_Scripts/Repos/openjpa_buggy/97/b/JDBCStoreManager.java -7.255516581389247 -4.8456431336131 -7.255516581389247 -7.294500077559796 0.03898349617054908
/home/ashley/reuse/Git_Scripts/Repos/openjpa_buggy/98/b/TestPUDefaultCascadePersist.java -6.514654251655353 -4.343102834436902 -6.514654251655353 -6.514654251655353 0.0
/home/ashley/reuse/Git_Scripts/Repos/openjpa_buggy/99/b/DistributedStoreQuery.java -8.387726394645133 -4.537094967947431 -8.387726394645133 -4.941515689324361 -3.4462107053207722
/home/ashley/reuse/Git_Scripts/Repos/openjpa_buggy/100/b/InExpression.java -7.0343884425952865 -4.559151222513164 -7.0343884425952865 -6.47833678475204 -0.5560516578432466
/home/ashley/reuse/Git_Scripts/Repos/openjpa_buggy/101/b/DBDictionaryFactory.java -6.185219529423619 -4.060579148695054 -6.185219529423619 -5.90892717993169 -0.2762923494919285
/home/ashley/reuse/Git_Scripts/Repos/openjpa_buggy/102/b/EntityManagerImpl.java -6.8176041382751755 -5.048519952489349 -6.8176041382751755 -9.727861115034322 2.910256976759147
/home/ashley/reuse/Git_Scripts/Repos/openjpa_buggy/104/b/DistributedStoreQuery.java -8.387726394645133 -5.593286807569456 -8.387726394645133 -8.387726394645133 0.0
/home/ashley/reuse/Git_Scripts/Repos/openjpa_buggy/105/b/Localizer.java -6.488034194253941 -4.327486846807801 -6.488034194253941 -6.488034194253941 0.0
/home/ashley/reuse/Git_Scripts/Repos/openjpa_buggy/106/b/JavaVersions.java -5.319522360199939 -3.3666575549257742 -5.319522360199939 -4.581340592956236 -0.7381817672437032
/home/ashley/reuse/Git_Scripts/Repos/openjpa_buggy/107/b/SingleFieldManager.java -6.873276227401648 -4.615763809328493 -6.873276227401648 -7.026632369322 0.15335614192035152
/home/ashley/reuse/Git_Scripts/Repos/openjpa_buggy/108/b/DelegatingFetchConfiguration.java -6.375159972594398 -4.189390839133461 -6.375159972594398 -6.105945006009766 -0.26921496658463173
/home/ashley/reuse/Git_Scripts/Repos/openjpa_buggy/108/b/FetchConfigurationImpl.java -7.704182138392961 -5.29289257376028 -7.704182138392961 -8.452901789106484 0.7487196507135225
/home/ashley/reuse/Git_Scripts/Repos/openjpa_buggy/108/b/FetchConfiguration.java -9.748166069940341 -6.406403453990894 -9.748166069940341 -9.343973818259888 -0.4041922516804526
/home/ashley/reuse/Git_Scripts/Repos/openjpa_buggy/109/b/AccountingHierarchyRate.java -6.390473265074183 -4.2627953211728835 -6.390473265074183 -6.390473265074183 0.0
/home/ashley/reuse/Git_Scripts/Repos/openjpa_buggy/109/b/AccountingHierarchyRateOpenJPAKey.java -6.453753204365612 -4.302502136243741 -6.453753204365612 -6.453753204365612 0.0
/home/ashley/reuse/Git_Scripts/Repos/openjpa_buggy/109/b/AccountingHierarchy.java -6.568978353730876 -4.381999024214599 -6.568978353730876 -6.568978353730876 0.0
/home/ashley/reuse/Git_Scripts/Repos/openjpa_buggy/109/b/TestMergeComplexKey.java -7.027498203151191 -4.684998802100794 -7.027498203151191 -7.027498203151191 0.0
/home/ashley/reuse/Git_Scripts/Repos/openjpa_buggy/110/b/MappingRepository.java -8.031296859374152 -5.67121927695482 -8.031296859374152 -9.649522945160681 1.6182260857865298
/home/ashley/reuse/Git_Scripts/Repos/openjpa_buggy/111/b/AnnotationPersistenceMetaDataParser.java -7.6060586513092465 -5.3755751973205195 -7.6060586513092465 -9.165488352362779 1.5594297010535323
/home/ashley/reuse/Git_Scripts/Repos/openjpa_buggy/112/b/DB2Dictionary.java -6.153006615136498 -4.137728038047111 -6.153006615136498 -6.316612571377122 0.16360595624062402
/home/ashley/reuse/Git_Scripts/Repos/openjpa_buggy/113/b/UnaryOp.java -7.925153798447621 -5.504379547285438 -7.925153798447621 -8.996757060942025 1.0716032624944045
/home/ashley/reuse/Git_Scripts/Repos/openjpa_buggy/113/b/Distinct.java -8.326725113531442 -6.294607675110078 -8.326725113531442 -12.896269383152354 4.569544269620913
/home/ashley/reuse/Git_Scripts/Repos/openjpa_buggy/113/b/PCPath.java -8.475303222775702 -6.371202847391619 -8.475303222775702 -12.831582717530555 4.356279494754853
/home/ashley/reuse/Git_Scripts/Repos/openjpa_buggy/113/b/Count.java -8.319047336902441 -6.046317909810536 -8.319047336902441 -11.065902589653247 2.746855252750805
/home/ashley/reuse/Git_Scripts/Repos/openjpa_buggy/113/b/SelectConstructor.java -7.433637450975202 -5.173668662203971 -7.433637450975202 -8.503980505745771 1.0703430547705688
/home/ashley/reuse/Git_Scripts/Repos/openjpa_buggy/115/b/Configurations.java -6.261771262989526 -4.4644109930573475 -6.261771262989526 -7.776715923390218 1.5149446604006922
/home/ashley/reuse/Git_Scripts/Repos/openjpa_buggy/116/b/SchemaTool.java -6.849162579174398 -4.54967278655891 -6.849162579174398 -6.7747877105713625 -0.07437486860303544
/home/ashley/reuse/Git_Scripts/Repos/openjpa_buggy/117/b/DB2Dictionary.java -6.153006615136498 -4.946917043224274 -6.153006615136498 -12.618637122958916 6.465630507822418
/home/ashley/reuse/Git_Scripts/Repos/openjpa_buggy/119/b/AnnotationProcessor6.java -7.678339187064183 -5.994957383439222 -7.678339187064183 -13.672274496171406 5.993935309107223
/home/ashley/reuse/Git_Scripts/Repos/openjpa_buggy/120/b/JPQLExpressionBuilder.java -7.85973180141632 -5.91942546846923 -7.85973180141632 -11.989111154931742 4.1293793535154215
/home/ashley/reuse/Git_Scripts/Repos/openjpa_buggy/121/b/AbstractBrokerFactory.java -7.262507527276981 -5.126858908891783 -7.262507527276981 -8.714566331877315 1.452058804600334
/home/ashley/reuse/Git_Scripts/Repos/openjpa_buggy/123/b/InformixDictionary.java -6.8741612655998265 -3.9438676222603712 -6.8741612655998265 -4.6228387798250345 -2.251322485774792
/home/ashley/reuse/Git_Scripts/Repos/openjpa_buggy/123/b/DB2Dictionary.java -6.153006615136498 -4.3062155845852175 -6.153006615136498 -7.17200158509019 1.0189949699536927
/home/ashley/reuse/Git_Scripts/Repos/openjpa_buggy/123/b/OracleDictionary.java -5.959372382573991 -4.050497513268552 -5.959372382573991 -6.3226834310622495 0.36331104848825824
/home/ashley/reuse/Git_Scripts/Repos/openjpa_buggy/124/b/BatchingOperationOrderUpdateManager.java -9.170598765325208 -4.796338266383477 -9.170598765325208 -5.005785352251751 -4.164813413073457
/home/ashley/reuse/Git_Scripts/Repos/openjpa_buggy/124/b/BatchingConstraintUpdateManager.java -9.170598765325208 -4.796338266383477 -9.170598765325208 -5.005785352251751 -4.164813413073457
/home/ashley/reuse/Git_Scripts/Repos/openjpa_buggy/125/b/Address.java -6.108231838182649 -4.072154558788433 -6.108231838182649 -6.108231838182649 0.0
/home/ashley/reuse/Git_Scripts/Repos/openjpa_buggy/126/b/SchemaTool.java -6.849162579174397 -4.574478297145524 -6.849162579174397 -6.886965769181161 0.03780319000676435
/home/ashley/reuse/Git_Scripts/Repos/openjpa_buggy/126/b/Column.java -6.117264501352301 -4.034142868831999 -6.117264501352301 -5.921239306603289 -0.19602519474901126
/home/ashley/reuse/Git_Scripts/Repos/openjpa_buggy/126/b/TableJDBCSeq.java -7.048285124032675 -4.5742186392926465 -7.048285124032675 -6.5136182323449585 -0.5346668916877162
/home/ashley/reuse/Git_Scripts/Repos/openjpa_buggy/126/b/SchemaGroup.java -7.201003251817783 -4.5348965641032 -7.201003251817783 -6.121362028772967 -1.079641223044816
/home/ashley/reuse/Git_Scripts/Repos/openjpa_buggy/130/b/Distinct.java -8.326725113531442 -4.638131971133742 -8.326725113531442 -5.235119254546996 -3.0916058589844457
/home/ashley/reuse/Git_Scripts/Repos/openjpa_buggy/131/b/ConstraintUpdateManager.java -7.933093872648119 -5.53149059098306 -7.933093872648119 -9.13182479160938 1.198730918961262
/home/ashley/reuse/Git_Scripts/Repos/openjpa_buggy/132/b/EntityManagerImpl.java -6.8176041382751755 -4.714536352560934 -6.8176041382751755 -7.64165633785128 0.8240521995761041
/home/ashley/reuse/Git_Scripts/Repos/openjpa_buggy/133/b/Version.java -8.27685226590005 -5.493710798146723 -8.27685226590005 -8.163618456399137 -0.11323380950091355
/home/ashley/reuse/Git_Scripts/Repos/openjpa_buggy/133/b/VersionStrategy.java -9.832180489189193 -6.23220889275378 -9.832180489189193 -8.465139351654868 -1.3670411375343257
/home/ashley/reuse/Git_Scripts/Repos/openjpa_buggy/133/b/FieldMapping.java -8.077894819719416 -5.429520285370679 -8.077894819719416 -8.280379760852577 0.20248494113316085
/home/ashley/reuse/Git_Scripts/Repos/openjpa_buggy/133/b/AbstractVersionStrategy.java -9.25081816861992 -5.945124141606154 -9.25081816861992 -8.318565174883028 -0.932252993736892
/home/ashley/reuse/Git_Scripts/Repos/openjpa_buggy/134/b/QueryImpl.java -7.136069158214293 -5.5431965782557455 -7.136069158214293 -12.41676033529287 5.280691177078578
/home/ashley/reuse/Git_Scripts/Repos/openjpa_buggy/135/b/Joins.java -11.162258092703834 -5.375940478471332 -11.162258092703834 -5.185304291291497 -5.9769538014123365
/home/ashley/reuse/Git_Scripts/Repos/openjpa_buggy/135/b/CriteriaExpressionBuilder.java -8.576019114613777 -5.128850519358598 -8.576019114613777 -6.379891043124349 -2.1961280714894276
/home/ashley/reuse/Git_Scripts/Repos/openjpa_buggy/135/b/TestJPQLSubquery.java -7.953644596732413 -5.2708615879504475 -7.953644596732413 -7.81251815783034 -0.14112643890207366
/home/ashley/reuse/Git_Scripts/Repos/openjpa_buggy/135/b/CriteriaQueryImpl.java -8.727076838993703 -5.837768292194432 -8.727076838993703 -8.816409121597575 0.0893322826038716
/home/ashley/reuse/Git_Scripts/Repos/openjpa_buggy/136/b/JDBCStoreManager.java -7.255516581389247 -4.98125141987033 -7.255516581389247 -7.945764830869588 0.6902482494803408
/home/ashley/reuse/Git_Scripts/Repos/openjpa_buggy/137/b/PCPath.java -8.475303222775702 -5.945741787681105 -8.475303222775702 -9.960612902260136 1.485309679484434
/home/ashley/reuse/Git_Scripts/Repos/openjpa_buggy/138/b/TestTableGeneratorMultithreadedInitialization.java -8.315194743529254 -5.294572979553322 -8.315194743529254 -7.273852598077927 -1.0413421454513268
/home/ashley/reuse/Git_Scripts/Repos/openjpa_buggy/139/b/DB2Dictionary.java -6.153006615136498 -4.844572077057376 -6.153006615136498 -11.390972635666179 5.237966020529681
/home/ashley/reuse/Git_Scripts/Repos/openjpa_buggy/140/b/EntityManagerImpl.java -6.8176041382751755 -4.515499636453242 -6.8176041382751755 -6.685549194752936 -0.13205494352223912
/home/ashley/reuse/Git_Scripts/Repos/openjpa_buggy/141/b/MapKey.java -9.796351900171215 -6.3363637822384025 -9.796351900171215 -8.95217728753121 -0.8441746126400052
/home/ashley/reuse/Git_Scripts/Repos/openjpa_buggy/141/b/Type.java -7.874523571020539 -5.25407174721939 -7.874523571020539 -7.874523571020539 0.0
/home/ashley/reuse/Git_Scripts/Repos/openjpa_buggy/141/b/PCPath.java -8.475303222775702 -5.730321347868142 -8.475303222775702 -8.84478222694888 0.36947900417317747
/home/ashley/reuse/Git_Scripts/Repos/openjpa_buggy/141/b/TestSpec10_1_26_Ex3.java -7.770570094603383 -5.347400773347571 -7.770570094603383 -8.573968019638649 0.8033979250352656
/home/ashley/reuse/Git_Scripts/Repos/openjpa_buggy/142/b/CriteriaQueryImpl.java -8.727076838993703 -5.837768292194432 -8.727076838993703 -8.816409121597575 0.0893322826038716
/home/ashley/reuse/Git_Scripts/Repos/openjpa_buggy/142/b/RootImpl.java -11.018143343951477 -5.817271485792563 -11.018143343951477 -6.161998684950642 -4.856144659000836
/home/ashley/reuse/Git_Scripts/Repos/openjpa_buggy/144/b/Args.java -8.88442260033942 -5.806259878754431 -8.88442260033942 -8.379229942673062 -0.5051926576663579
/home/ashley/reuse/Git_Scripts/Repos/openjpa_buggy/144/b/UnaryOp.java -7.925153798447623 -5.504379547285439 -7.925153798447623 -8.996757060942025 1.0716032624944027
/home/ashley/reuse/Git_Scripts/Repos/openjpa_buggy/145/b/AttachStrategy.java -6.762362888359058 -4.489032103508143 -6.762362888359058 -6.67442285746676 -0.08794003089229818
/home/ashley/reuse/Git_Scripts/Repos/openjpa_buggy/145/b/BrokerImpl.java -6.9383043982210495 -4.740242078116964 -6.9383043982210495 -7.481085406623282 0.5427810084022324
/home/ashley/reuse/Git_Scripts/Repos/openjpa_buggy/146/b/PreparedStatementManagerImpl.java -6.861735381772833 -4.567015597236603 -6.861735381772833 -6.817106208558051 -0.04462917321478255
/home/ashley/reuse/Git_Scripts/Repos/openjpa_buggy/147/b/JDBCStoreManager.java -7.255516581389247 -4.916174008534336 -7.255516581389247 -7.6238047496363786 0.3682881682471315
/home/ashley/reuse/Git_Scripts/Repos/openjpa_buggy/148/b/DB2Dictionary.java -6.153006615136498 -4.9454245354423385 -6.153006615136498 -12.599238756897487 6.446232141760989
/home/ashley/reuse/Git_Scripts/Repos/openjpa_buggy/149/b/TestQueryPagination.java -6.991639204590656 -5.281776095657474 -6.991639204590656 -10.77041026294644 3.778771058355784
/home/ashley/reuse/Git_Scripts/Repos/openjpa_buggy/150/b/DB2Dictionary.java -6.153006615136498 -5.7303302299331 -6.153006615136498 -41.65593296753146 35.502926352394965
/home/ashley/reuse/Git_Scripts/Repos/openjpa_buggy/151/b/StoreCollectionFieldStrategy.java -7.949822825878273 -5.296264217103887 -7.949822825878273 -7.930862430722856 -0.0189603951554167
/home/ashley/reuse/Git_Scripts/Repos/openjpa_buggy/152/b/DistributedStoreQuery.java -8.387726394645135 -5.578629347381906 -8.387726394645135 -8.328657898908197 -0.05906849573693762
/home/ashley/reuse/Git_Scripts/Repos/openjpa_buggy/152/b/DistributedStoreManager.java -8.315442744682818 -5.6270221680418375 -8.315442744682818 -8.699037320400173 0.3835945757173551
/home/ashley/reuse/Git_Scripts/Repos/openjpa_buggy/153/b/QueryStatistics.java -6.084010488238817 -3.8466091771467483 -6.084010488238817 -5.224885087882327 -0.8591254003564899
/home/ashley/reuse/Git_Scripts/Repos/openjpa_buggy/154/b/DBDictionary.java -6.5297832462802905 -4.688699995098481 -6.5297832462802905 -8.314723045569966 1.7849397992896758
/home/ashley/reuse/Git_Scripts/Repos/openjpa_buggy/155/b/DataCacheStoreManager.java -7.187625121477373 -5.049733700518747 -7.187625121477373 -8.48864269878228 1.3010175773049077
/home/ashley/reuse/Git_Scripts/Repos/openjpa_buggy/156/b/DerbyDictionary.java -4.961057834495749 -3.027779626826272 -4.961057834495749 -3.8848495211924385 -1.0762083133033107
/home/ashley/reuse/Git_Scripts/Repos/openjpa_buggy/156/b/DBDictionary.java -6.5297832462802905 -4.623904378836452 -6.5297832462802905 -7.921042061246854 1.3912588149665632
/home/ashley/reuse/Git_Scripts/Repos/openjpa_buggy/157/b/StateManagerImpl.java -6.911644423517293 -4.819275255456621 -6.911644423517293 -7.9591009254005955 1.0474565018833024
/home/ashley/reuse/Git_Scripts/Repos/openjpa_buggy/157/b/SingleFieldManager.java -6.87327622740165 -4.615763809328495 -6.87327622740165 -7.026632369322001 0.15335614192035063
/home/ashley/reuse/Git_Scripts/Repos/openjpa_buggy/158/b/RelationFieldStrategy.java -7.475151038756279 -5.52550926521791 -7.475151038756279 -10.592719361103248 3.117568322346968
/home/ashley/reuse/Git_Scripts/Repos/openjpa_buggy/159/b/TestNamedQueryLockMode.java -7.206129645285814 -3.584492323557119 -7.206129645285814 -3.5615442292961896 -3.6445854159896243
/home/ashley/reuse/Git_Scripts/Repos/openjpa_buggy/160/b/QueryImpl.java -7.136069158214293 -5.568492046512145 -7.136069158214293 -12.670163607441705 5.534094449227411
/home/ashley/reuse/Git_Scripts/Repos/openjpa_buggy/161/b/DetachManager.java -7.291208761217453 -4.876308901638562 -7.291208761217453 -7.359603215161235 0.06839445394378263
/home/ashley/reuse/Git_Scripts/Repos/openjpa_buggy/161/b/BrokerImpl.java -6.9383043982210495 -4.759098201036743 -6.9383043982210495 -7.575829471143323 0.6375250729222737
/home/ashley/reuse/Git_Scripts/Repos/openjpa_buggy/162/b/DBDictionary.java -6.5297832462802905 -4.834290878420506 -6.5297832462802905 -9.308562222302543 2.7787789760222523
/home/ashley/reuse/Git_Scripts/Repos/openjpa_buggy/162/b/SchemaGenerator.java -5.855610884814168 -3.903740589876112 -5.855610884814168 -5.855610884814168 0.0
/home/ashley/reuse/Git_Scripts/Repos/openjpa_buggy/162/b/PostgresDictionary.java -6.242919401582662 -5.139394506226889 -6.242919401582662 -14.528102366223155 8.285182964640494
/home/ashley/reuse/Git_Scripts/Repos/openjpa_buggy/163/b/PCPath.java -8.475303222775702 -6.61644561938424 -8.475303222775702 -15.0835606716127 6.608257448836998
/home/ashley/reuse/Git_Scripts/Repos/openjpa_buggy/164/b/AnnotationProcessor6.java -7.678339187064183 -6.634307126481244 -7.678339187064183 -24.378018585055436 16.699679397991254
/home/ashley/reuse/Git_Scripts/Repos/openjpa_buggy/164/b/SourceAnnotationHandler.java -8.001628598135982 -5.328973558007263 -8.001628598135982 -7.977173743007204 -0.024454855128777986
/home/ashley/reuse/Git_Scripts/Repos/openjpa_buggy/166/b/JDBCBrokerFactory.java -8.198400059108456 -5.465600039405638 -8.198400059108456 -8.198400059108456 0.0
/home/ashley/reuse/Git_Scripts/Repos/openjpa_buggy/167/b/TestJPQLScalarExpressions.java -7.1517319244623785 -4.064331489918661 -7.1517319244623785 -4.704518888149663 -2.447213036312715
/home/ashley/reuse/Git_Scripts/Repos/openjpa_buggy/168/b/MethodLifecycleCallbacks.java -6.138774792549645 -3.4590000379072303 -6.138774792549645 -3.9548920787399484 -2.183882713809697
/home/ashley/reuse/Git_Scripts/Repos/openjpa_buggy/169/b/AbstractPCData.java -6.818122293394359 -4.381176239310047 -6.818122293394359 -6.125511290351568 -0.6926110030427912
/home/ashley/reuse/Git_Scripts/Repos/openjpa_buggy/170/b/QueryImpl.java -7.136069158214293 -5.201023949968354 -7.136069158214293 -9.58758248593462 2.4515133277203267
/home/ashley/reuse/Git_Scripts/Repos/openjpa_buggy/172/b/DelegatingDatabaseMetaData.java -3.8418136254395834 -2.467442607895013 -3.8418136254395834 -3.448651968788269 -0.3931616566513143
/home/ashley/reuse/Git_Scripts/Repos/openjpa_buggy/173/b/JDBCStoreQuery.java -8.080789031916222 -5.507541245781865 -8.080789031916222 -8.647686229742769 0.5668971978265471
/home/ashley/reuse/Git_Scripts/Repos/openjpa_buggy/174/b/MappingInfo.java -7.324684825178445 -4.905855242234734 -7.324684825178445 -7.427940294079639 0.10325546890119419
/home/ashley/reuse/Git_Scripts/Repos/openjpa_buggy/174/b/DynamicSchemaFactory.java -7.544124883545729 -5.029416589030486 -7.544124883545729 -7.544124883545729 0.0
/home/ashley/reuse/Git_Scripts/Repos/openjpa_buggy/174/b/Table.java -7.1862459372784455 -4.77751454220138 -7.1862459372784455 -7.124466727501412 -0.06177920977703355
/home/ashley/reuse/Git_Scripts/Repos/openjpa_buggy/175/b/NumberVersionStrategy.java -7.474929854054365 -3.920417755622919 -7.474929854054365 -4.107104315414486 -3.367825538639879
/home/ashley/reuse/Git_Scripts/Repos/openjpa_buggy/178/b/TestCascadePersist.java -8.333147858804734 -5.555431905869823 -8.333147858804734 -8.333147858804734 0.0
/home/ashley/reuse/Git_Scripts/Repos/openjpa_buggy/179/b/TestNativeSeqGenerator.java -8.491563656467298 -5.667671292958267 -8.491563656467298 -8.491563656467298 0.0
/home/ashley/reuse/Git_Scripts/Repos/openjpa_buggy/180/b/DataCacheScheduler.java -6.335000004065241 -4.212614215901252 -6.335000004065241 -6.28224830077628 -0.05275170328896106
/home/ashley/reuse/Git_Scripts/Repos/openjpa_buggy/181/b/XMLPersistenceMetaDataParser.java -7.040817851437108 -4.7593803784435655 -7.040817851437108 -7.344038731501059 0.3032208800639511
/home/ashley/reuse/Git_Scripts/Repos/openjpa_buggy/182/b/PersistenceProductDerivation.java -6.833919892018926 -5.428407375289194 -6.833919892018926 -13.191054675292346 6.35713478327342
/home/ashley/reuse/Git_Scripts/Repos/openjpa_buggy/182/b/PersistenceProviderImpl.java -7.876320222757286 -6.434840564764625 -7.876320222757286 -17.580152654062832 9.703832431305546
/home/ashley/reuse/Git_Scripts/Repos/openjpa_buggy/183/b/DetachManager.java -7.291208761217453 -4.857242200165879 -7.291208761217453 -7.275195857642305 -0.016012903575147952
/home/ashley/reuse/Git_Scripts/Repos/openjpa_buggy/183/b/AutoDetach.java -7.535446309756726 -5.023630873171151 -7.535446309756726 -7.535446309756726 0.0
/home/ashley/reuse/Git_Scripts/Repos/openjpa_buggy/183/b/BrokerImpl.java -6.9383043982210495 -4.755878061289777 -6.9383043982210495 -7.559872494126933 0.6215680959058831
/home/ashley/reuse/Git_Scripts/Repos/openjpa_buggy/183/b/AutoDetachValue.java -5.996611537506071 -3.9977410250040473 -5.996611537506071 -5.996611537506071 0.0
/home/ashley/reuse/Git_Scripts/Repos/openjpa_buggy/184/b/MappingRepository.java -8.031296859374152 -5.349172377897408 -8.031296859374152 -8.007599060575943 -0.023697798798208325
/home/ashley/reuse/Git_Scripts/Repos/openjpa_buggy/185/b/AbstractJDBCSavepointManager.java -8.291838183989949 -5.527892122659966 -8.291838183989949 -8.291838183989949 0.0
/home/ashley/reuse/Git_Scripts/Repos/openjpa_buggy/185/b/EmbedFieldStrategy.java -7.288953268833529 -4.859302179222352 -7.288953268833529 -7.288953268833529 0.0
/home/ashley/reuse/Git_Scripts/Repos/openjpa_buggy/186/b/DBDictionary.java -6.5297832462802905 -4.533345281652431 -6.5297832462802905 -7.413330278206545 0.8835470319262546
/home/ashley/reuse/Git_Scripts/Repos/openjpa_buggy/186/b/SelectImpl.java -7.568182638013385 -5.104144877492853 -7.568182638013385 -7.838082479613938 0.26989984160055247
/home/ashley/reuse/Git_Scripts/Repos/openjpa_buggy/186/b/JDBCStoreQuery.java -8.080789031916222 -4.438830162970141 -8.080789031916222 -4.924444699432853 -3.1563443324833687
/home/ashley/reuse/Git_Scripts/Repos/openjpa_buggy/187/b/CriteriaExpressionBuilder.java -8.576019114613775 -5.08577877727096 -8.576019114613775 -6.24576402000432 -2.3302550946094547
/home/ashley/reuse/Git_Scripts/Repos/openjpa_buggy/187/b/CriteriaQueryImpl.java -8.727076838993703 -5.431404115657978 -8.727076838993703 -7.188982076679885 -1.5380947623138184
/home/ashley/reuse/Git_Scripts/Repos/openjpa_buggy/188/b/PCEnhancer.java -6.683394840950702 -4.878386235126481 -6.683394840950702 -9.031586135048146 2.348191294097444
/home/ashley/reuse/Git_Scripts/Repos/openjpa_buggy/190/b/BrokerImpl.java -6.9383043982210495 -4.755878061289777 -6.9383043982210495 -7.559872494126933 0.6215680959058831
/home/ashley/reuse/Git_Scripts/Repos/openjpa_buggy/191/b/DelegatingFetchConfiguration.java -6.375159972594398 -4.250974371272622 -6.375159972594398 -6.375159972594398 0.0
/home/ashley/reuse/Git_Scripts/Repos/openjpa_buggy/191/b/FetchConfigurationImpl.java -7.704182138392963 -6.047680620151252 -7.704182138392963 -14.056266433660863 6.3520842952678995
/home/ashley/reuse/Git_Scripts/Repos/openjpa_buggy/191/b/StateManagerImpl.java -6.911644423517293 -4.819275255456621 -6.911644423517293 -7.9591009254005955 1.0474565018833024
/home/ashley/reuse/Git_Scripts/Repos/openjpa_buggy/191/b/FetchConfiguration.java -9.748166069940341 -6.504294168907562 -9.748166069940341 -9.748166069940341 0.0
/home/ashley/reuse/Git_Scripts/Repos/openjpa_buggy/192/b/OracleDictionary.java -5.959372382573991 -4.121288282149148 -5.959372382573991 -6.680948810663434 0.7215764280894428
/home/ashley/reuse/Git_Scripts/Repos/openjpa_buggy/193/b/PostgresDictionary.java -6.242919401582662 -4.178839776557546 -6.242919401582662 -6.317799606399414 0.07488020481675228
/home/ashley/reuse/Git_Scripts/Repos/openjpa_buggy/194/b/InformixDictionary.java -6.8741612655998265 -3.731900795656801 -6.8741612655998265 -4.082043506888258 -2.7921177587115684
/home/ashley/reuse/Git_Scripts/Repos/openjpa_buggy/194/b/DBDictionary.java -6.5297832462802905 -4.38487674694461 -6.5297832462802905 -6.674230947674034 0.14444770139374352
/home/ashley/reuse/Git_Scripts/Repos/openjpa_buggy/194/b/DB2Dictionary.java -6.153006615136498 -4.109202713142048 -6.153006615136498 -6.184346207403746 0.031339592267248584
/home/ashley/reuse/Git_Scripts/Repos/openjpa_buggy/194/b/TestTimeoutException.java -6.905133569438899 -4.386357089483429 -6.905133569438899 -6.012518742169968 -0.8926148272689307
/home/ashley/reuse/Git_Scripts/Repos/openjpa_buggy/194/b/PessimisticLockManager.java -6.9640436357583955 -4.328436994252226 -6.9640436357583955 -5.712853170103876 -1.2511904656545196
/home/ashley/reuse/Git_Scripts/Repos/openjpa_buggy/195/b/AbstractBrokerFactory.java -7.262507527276981 -5.384650119564872 -7.262507527276981 -10.412415198430251 3.1499076711532705
/home/ashley/reuse/Git_Scripts/Repos/openjpa_buggy/197/b/JPAProperties.java -6.9996806852931135 -4.354782891293059 -6.9996806852931135 -5.762432439162202 -1.2372482461309113
/home/ashley/reuse/Git_Scripts/Repos/openjpa_buggy/198/b/PessimisticLockManager.java -6.964043635758394 -4.364344088473021 -6.964043635758394 -5.839677357533023 -1.124366278225371
/home/ashley/reuse/Git_Scripts/Repos/openjpa_buggy/200/b/MappingDefaultsImpl.java -7.884224904834149 -5.2203553670956815 -7.884224904834149 -7.722582966170175 -0.16164193866397358
/home/ashley/reuse/Git_Scripts/Repos/openjpa_buggy/201/b/TestTypesafeCriteria.java -8.249415033031173 -4.8260638020076305 -8.249415033031173 -5.8142236711259825 -2.435191361905191
/home/ashley/reuse/Git_Scripts/Repos/openjpa_buggy/203/b/OpenJPAConfiguration.java -8.118291269300418 -5.198576640292648 -8.118291269300418 -7.227343202033974 -0.8909480672664438
/home/ashley/reuse/Git_Scripts/Repos/openjpa_buggy/204/b/TestValidationMode.java -7.603171178439874 -5.068780785626583 -7.603171178439874 -7.603171178439874 0.0
/home/ashley/reuse/Git_Scripts/Repos/openjpa_buggy/204/b/OpenJPAConfiguration.java -8.118291269300418 -5.362002501351832 -8.118291269300418 -7.8965416466667495 -0.22174962263366815
/home/ashley/reuse/Git_Scripts/Repos/openjpa_buggy/204/b/OpenJPAConfigurationImpl.java -7.605285632386525 -5.230665362359864 -7.605285632386525 -8.375142822288531 0.7698571899020061
/home/ashley/reuse/Git_Scripts/Repos/openjpa_buggy/207/b/TestDetachNoProxy.java -6.543427626173567 -4.4714787032425125 -6.543427626173567 -7.056046380297763 0.5126187541241967
/home/ashley/reuse/Git_Scripts/Repos/openjpa_buggy/209/b/AbstractBrokerFactory.java -7.262507527276981 -5.242481139510354 -7.262507527276981 -9.424025093898969 2.1615175666219884
/home/ashley/reuse/Git_Scripts/Repos/openjpa_buggy/210/b/OpenJPAConfiguration.java -8.118291269300418 -5.401054451171684 -8.118291269300418 -8.064553171063915 -0.05373809823650255
/home/ashley/reuse/Git_Scripts/Repos/openjpa_buggy/211/b/DBDictionary.java -6.52978324628029 -4.834290878420505 -6.52978324628029 -9.308562222302541 2.7787789760222514
/home/ashley/reuse/Git_Scripts/Repos/openjpa_buggy/212/b/TestDataCacheBehavesIdentical.java -7.566408887106933 -5.0442725914046225 -7.566408887106933 -7.566408887106933 0.0
/home/ashley/reuse/Git_Scripts/Repos/openjpa_buggy/213/b/RelationFieldStrategy.java -7.475151038756279 -4.982934182906142 -7.475151038756279 -7.4717782829860475 -0.0033727557702318833
/home/ashley/reuse/Git_Scripts/Repos/openjpa_buggy/213/b/HandlerRelationMapTableFieldStrategy.java -7.4026183463737745 -4.785826511470218 -7.4026183463737745 -6.769290293524083 -0.6333280528496914
/home/ashley/reuse/Git_Scripts/Repos/openjpa_buggy/214/b/XMLPersistenceMetaDataParser.java -7.040817851437108 -5.08461658662881 -7.040817851437108 -9.149177246560042 2.1083593951229336
/home/ashley/reuse/Git_Scripts/Repos/openjpa_buggy/215/b/CandidatePath.java -8.25626856554046 -5.5069477454258795 -8.25626856554046 -8.25626856554046 0.0
/home/ashley/reuse/Git_Scripts/Repos/openjpa_buggy/215/b/JPQLExpressionBuilder.java -7.85973180141632 -5.91942546846923 -7.85973180141632 -11.989111154931742 4.1293793535154215
/home/ashley/reuse/Git_Scripts/Repos/openjpa_buggy/215/b/Value.java -8.55409316298214 -5.733062439019945 -8.55409316298214 -8.55409316298214 0.0
/home/ashley/reuse/Git_Scripts/Repos/openjpa_buggy/215/b/QueryExpressions.java -9.309598787954128 -6.206399191969419 -9.309598787954128 -9.309598787954128 0.0
/home/ashley/reuse/Git_Scripts/Repos/openjpa_buggy/215/b/AbstractExpressionBuilder.java -7.370939964311455 -4.914656201763914 -7.370939964311455 -7.370939964311455 0.0
/home/ashley/reuse/Git_Scripts/Repos/openjpa_buggy/215/b/Subquery.java -9.28674538476822 -6.191163589845481 -9.28674538476822 -9.28674538476822 0.0
/home/ashley/reuse/Git_Scripts/Repos/openjpa_buggy/215/b/SubQ.java -8.205961930372444 -5.4706412869149625 -8.205961930372444 -8.205961930372444 0.0
/home/ashley/reuse/Git_Scripts/Repos/openjpa_buggy/215/b/Path.java -10.206191785821654 -6.804127857214436 -10.206191785821654 -10.206191785821654 0.0
/home/ashley/reuse/Git_Scripts/Repos/openjpa_buggy/215/b/Val.java -6.735349213951047 -4.490232809300698 -6.735349213951047 -6.735349213951047 0.0
/home/ashley/reuse/Git_Scripts/Repos/openjpa_buggy/216/b/HandlerHandlerMapTableFieldStrategy.java -7.614977375588881 -5.218243861203619 -7.614977375588881 -8.289784555702514 0.6748071801136328
/home/ashley/reuse/Git_Scripts/Repos/openjpa_buggy/218/b/DistributedJDBCConfigurationImpl.java -7.183939500301509 -4.2497481698584725 -7.183939500301509 -5.202444269230832 -1.981495231070677
/home/ashley/reuse/Git_Scripts/Repos/openjpa_buggy/219/b/PCPath.java -8.475303222775702 -5.464647988103861 -8.475303222775702 -7.691772238072231 -0.7835309847034715
/home/ashley/reuse/Git_Scripts/Repos/openjpa_buggy/220/b/X.java -6.748065449569086 -4.504993414656457 -6.748065449569086 -6.748065449569086 0.0
/home/ashley/reuse/Git_Scripts/Repos/openjpa_buggy/220/b/TestAudit.java -7.444886238218551 -4.963257492145701 -7.444886238218551 -7.444886238218551 0.0
/home/ashley/reuse/Git_Scripts/Repos/openjpa_buggy/221/b/AbstractCFMetaDataFactory.java -6.615688826435154 -4.457257074198479 -6.615688826435154 -6.829334163453409 0.2136453370182556
/home/ashley/reuse/Git_Scripts/Repos/openjpa_buggy/222/b/DistributedBrokerImpl.java -7.4644461309436325 -4.548428857360045 -7.4644461309436325 -5.807659758204354 -1.6567863727392789
/home/ashley/reuse/Git_Scripts/Repos/openjpa_buggy/223/b/DB2Dictionary.java -6.153006615136498 -5.5763257774191635 -6.153006615136498 -29.748837790786986 23.59583117565049
/home/ashley/reuse/Git_Scripts/Repos/openjpa_buggy/224/b/TestXMLCustomerOrder.java -7.21506170194784 -4.416278848732624 -7.21506170194784 -5.692425253714898 -1.5226364482329418
/home/ashley/reuse/Git_Scripts/Repos/openjpa_buggy/225/b/MappingRepository.java -8.031296859374152 -5.67121927695482 -8.031296859374152 -9.649522945160681 1.6182260857865298
/home/ashley/reuse/Git_Scripts/Repos/openjpa_buggy/226/b/DB2Dictionary.java -6.153006615136498 -4.844572077057376 -6.153006615136498 -11.390972635666179 5.237966020529681
/home/ashley/reuse/Git_Scripts/Repos/openjpa_buggy/227/b/DerbyDictionary.java -4.961057834495748 -3.307371889663832 -4.961057834495748 -4.961057834495748 0.0
/home/ashley/reuse/Git_Scripts/Repos/openjpa_buggy/227/b/DBDictionary.java -6.5297832462802905 -4.834290878420506 -6.5297832462802905 -9.308562222302543 2.7787789760222523
/home/ashley/reuse/Git_Scripts/Repos/openjpa_buggy/228/b/PersistenceProviderImpl.java -7.876320222757284 -5.240649500383074 -7.876320222757284 -7.824766126753782 -0.05155409600350236
/home/ashley/reuse/Git_Scripts/Repos/openjpa_buggy/229/b/LogFactoryImpl.java -6.554816227081699 -4.285977727713236 -6.554816227081699 -6.191228764485761 -0.3635874625959383
/home/ashley/reuse/Git_Scripts/Repos/openjpa_buggy/231/b/InformixDictionary.java -6.874161265599826 -4.58277417706655 -6.874161265599826 -6.874161265599826 0.0
/home/ashley/reuse/Git_Scripts/Repos/openjpa_buggy/232/b/JPQLExpressionBuilder.java -7.85973180141632 -5.809868333063638 -7.85973180141632 -11.138304478424253 3.278572677007933
/home/ashley/reuse/Git_Scripts/Repos/openjpa_buggy/233/b/AbstractBrokerFactory.java -7.262507527276981 -5.384650119564872 -7.262507527276981 -10.412415198430251 3.1499076711532705
/home/ashley/reuse/Git_Scripts/Repos/openjpa_buggy/233/b/LifecycleEventManager.java -7.41588094329855 -4.94446547354598 -7.41588094329855 -7.41588094329855 0.0
/home/ashley/reuse/Git_Scripts/Repos/openjpa_buggy/233/b/AbstractLifecycleListener.java -8.686675504155708 -5.791117002770472 -8.686675504155708 -8.686675504155708 0.0
/home/ashley/reuse/Git_Scripts/Repos/openjpa_buggy/235/b/TestBadAutoDetachProperty.java -6.855248003086654 -4.703018978861774 -6.855248003086654 -7.4702306735482535 0.6149826704615995
/home/ashley/reuse/Git_Scripts/Repos/openjpa_buggy/237/b/AnnotationProcessor6.java -7.678339187064183 -5.991695117495032 -7.678339187064183 -13.638404286849758 5.960065099785575
/home/ashley/reuse/Git_Scripts/Repos/openjpa_buggy/237/b/SourceAnnotationHandler.java -8.001628598135982 -5.094927286183793 -8.001628598135982 -7.0108279578618244 -0.9908006402741574
/home/ashley/reuse/Git_Scripts/Repos/openjpa_buggy/238/b/TestPreparedQueryCache.java -7.287557673599206 -3.462159003429312 -7.287557673599206 -3.297784830821478 -3.9897728427777284
/home/ashley/reuse/Git_Scripts/Repos/openjpa_buggy/238/b/SQLBuffer.java -7.067097294929633 -4.609109253271239 -7.067097294929633 -6.625952401674709 -0.4411448932549238
/home/ashley/reuse/Git_Scripts/Repos/openjpa_buggy/239/b/ImageConstraint.java -8.05332093086461 -5.628964802888066 -8.05332093086461 -9.349257632383052 1.2959367015184426
/home/ashley/reuse/Git_Scripts/Repos/openjpa_buggy/239/b/ImageContent.java -8.046439293740903 -5.606551249832371 -8.046439293740903 -9.244845146000188 1.1984058522592846
/home/ashley/reuse/Git_Scripts/Repos/openjpa_buggy/240/b/SingleFieldManager.java -6.87327622740165 -4.563529109857761 -6.87327622740165 -6.788612590849792 -0.08466363655185827
/home/ashley/reuse/Git_Scripts/Repos/openjpa_buggy/241/b/TestLocalizer.java -6.291071365739312 -3.8241788144494087 -6.291071365739312 -4.866439974299348 -1.4246313914399646
/home/ashley/reuse/Git_Scripts/Repos/openjpa_buggy/242/b/TestMixedLockManagerDeadlock.java -7.052731630052992 -4.704116897779485 -7.052731630052992 -7.052731630052992 0.0
/home/ashley/reuse/Git_Scripts/Repos/openjpa_buggy/242/b/SequencedActionsTest.java -6.3331148042408225 -4.215157716676106 -6.3331148042408225 -6.3008943219128595 -0.03222048232796304
/home/ashley/reuse/Git_Scripts/Repos/openjpa_buggy/242/b/TestMixedLockManagerLockPermutation.java -6.183937048066927 -4.1226246987112845 -6.183937048066927 -6.183937048066927 0.0
/home/ashley/reuse/Git_Scripts/Repos/openjpa_buggy/242/b/TestMixedLockManagerFindPermutation.java -6.180823571658429 -4.120549047772286 -6.180823571658429 -6.180823571658429 0.0
/home/ashley/reuse/Git_Scripts/Repos/openjpa_buggy/242/b/TestMixedLockManagerRefreshPermutation.java -6.298851852079423 -4.199234568052948 -6.298851852079423 -6.298851852079423 0.0
/home/ashley/reuse/Git_Scripts/Repos/openjpa_buggy/243/b/JPQLExpressionBuilder.java -7.85973180141632 -5.91942546846923 -7.85973180141632 -11.989111154931742 4.1293793535154215
/home/ashley/reuse/Git_Scripts/Repos/openjpa_buggy/243/b/QueryImpl.java -7.09852585304924 -4.770794559600864 -7.09852585304924 -7.274380985518264 0.1758551324690245
/home/ashley/reuse/Git_Scripts/Repos/openjpa_buggy/244/b/Parent.java -7.679220189292777 -5.1886622900626875 -7.679220189292777 -7.999187697179976 0.3199675078871991
/home/ashley/reuse/Git_Scripts/Repos/openjpa_buggy/245/b/InterfaceImplGenerator.java -7.221586123159266 -4.815709759936891 -7.221586123159266 -7.221586123159266 0.0
/home/ashley/reuse/Git_Scripts/Repos/openjpa_buggy/246/b/StoreCollectionFieldStrategy.java -7.949822825878273 -4.665680744472155 -7.949822825878273 -5.6456660766848366 -2.304156749193436
/home/ashley/reuse/Git_Scripts/Repos/openjpa_buggy/247/b/OpenJPAConfigurationImpl.java -7.605285632386525 -5.110737563711367 -7.605285632386525 -7.789777970292383 0.1844923379058585
/home/ashley/reuse/Git_Scripts/Repos/openjpa_buggy/248/b/TestDetachNoStateField.java -8.207095698968752 -5.475926434907959 -8.207095698968752 -8.207095698968752 0.0
/home/ashley/reuse/Git_Scripts/Repos/openjpa_buggy/248/b/PCEnhancer.java -6.683394840950702 -4.458432161219185 -6.683394840950702 -6.696171305807388 0.012776464856686154
/home/ashley/reuse/Git_Scripts/Repos/openjpa_buggy/249/b/RelationFieldStrategy.java -7.475151038756279 -4.925136691144466 -7.475151038756279 -7.21776170326518 -0.25738933549109966
/home/ashley/reuse/Git_Scripts/Repos/openjpa_buggy/249/b/TestEmbeddable.java -7.745971785222615 -5.816943115398447 -7.745971785222615 -11.678902950734367 3.932931165511752
/home/ashley/reuse/Git_Scripts/Repos/openjpa_buggy/250/b/RelationFieldStrategy.java -7.475151038756279 -5.5132453449755 -7.475151038756279 -10.500920271311399 3.0257692325551195
/home/ashley/reuse/Git_Scripts/Repos/openjpa_buggy/250/b/RelationToManyInverseKeyFieldStrategy.java -8.02578821231124 -5.351364115230722 -8.02578821231124 -8.02578821231124 0.0
/home/ashley/reuse/Git_Scripts/Repos/openjpa_buggy/250/b/MappingFactoryValue.java -7.796298058418746 -5.200194709047749 -7.796298058418746 -7.796298058418746 0.0
/home/ashley/reuse/Git_Scripts/Repos/openjpa_buggy/252/b/Person.java -6.523254111108771 -4.312895280071914 -6.523254111108771 -6.36415035230124 -0.15910375880753058
/home/ashley/reuse/Git_Scripts/Repos/openjpa_buggy/253/b/AbstractPCData.java -6.818122293394359 -4.102344979017455 -6.818122293394359 -5.149591906627053 -1.6685303867673067
/home/ashley/reuse/Git_Scripts/Repos/openjpa_buggy/254/b/SingleFieldManager.java -6.87327622740165 -4.615763809328495 -6.87327622740165 -7.026632369322001 0.15335614192035063
/home/ashley/reuse/Git_Scripts/Repos/openjpa_buggy/255/b/PostgresDictionary.java -6.242919401582662 -5.139394506226889 -6.242919401582662 -14.528102366223155 8.285182964640494
/home/ashley/reuse/Git_Scripts/Repos/openjpa_buggy/256/b/TestParameterLogging.java -6.836648439967887 -3.5364602855575247 -6.836648439967887 -3.6630541294978056 -3.1735943104700817
/home/ashley/reuse/Git_Scripts/Repos/openjpa_buggy/257/b/TestEntityTypeExpression.java -7.03319427743374 -4.664656410532977 -7.03319427743374 -6.925672422472972 -0.10752185496076816
/home/ashley/reuse/Git_Scripts/Repos/openjpa_buggy/258/b/DBDictionary.java -6.5297832462802905 -4.693604624549137 -6.5297832462802905 -8.345255435026253 1.8154721887459626
/home/ashley/reuse/Git_Scripts/Repos/openjpa_buggy/261/b/J2DoPrivHelper.java -3.999173145320147 -2.146515653590332 -3.999173145320147 -2.3167498029634945 -1.6824233423566524
/home/ashley/reuse/Git_Scripts/Repos/openjpa_buggy/261/b/DataCacheScheduler.java -6.335000004065243 -4.184997481253388 -6.335000004065243 -6.160987383315121 -0.1740126207501218
/home/ashley/reuse/Git_Scripts/Repos/openjpa_buggy/262/b/AnnotationProcessor6.java -7.678339187064183 -6.282277516688877 -7.678339187064183 -17.27626317089441 9.597923983830228
/home/ashley/reuse/Git_Scripts/Repos/openjpa_buggy/263/b/DataSourceFactory.java -7.1582480054656195 -4.534755012134313 -7.1582480054656195 -6.1865804679864755 -0.9716675374791439
/home/ashley/reuse/Git_Scripts/Repos/openjpa_buggy/263/b/SimpleDriverDataSource.java -6.083347066950655 -3.862345730571479 -6.083347066950655 -5.2895036996974785 -0.7938433672531762
/home/ashley/reuse/Git_Scripts/Repos/openjpa_buggy/264/b/TestStatistics.java -6.9983648732338075 -4.665576582155872 -6.9983648732338075 -6.9983648732338075 0.0
/home/ashley/reuse/Git_Scripts/Repos/openjpa_buggy/265/b/DBDictionary.java -6.5297832462802905 -4.834290878420506 -6.5297832462802905 -9.308562222302543 2.7787789760222523
/home/ashley/reuse/Git_Scripts/Repos/openjpa_buggy/266/b/TestEmbeddableCriteria.java -9.135824693931356 -6.151844667070461 -9.135824693931356 -9.417317461366544 0.2814927674351875
/home/ashley/reuse/Git_Scripts/Repos/openjpa_buggy/266/b/AbstractCriteriaTestCase.java -6.483448717771565 -4.2132622936334245 -6.483448717771565 -6.016349521970076 -0.46709919580148895
/home/ashley/reuse/Git_Scripts/Repos/openjpa_buggy/266/b/TestTypesafeCriteria.java -8.249415033031173 -5.499867687407871 -8.249415033031173 -8.249415033031173 0.0
/home/ashley/reuse/Git_Scripts/Repos/openjpa_buggy/267/b/RedefinitionHelper.java -6.8399779270968395 -4.956180727502956 -6.8399779270968395 -8.98712914321285 2.1471512161160113
/home/ashley/reuse/Git_Scripts/Repos/openjpa_buggy/267/b/StateManagerImpl.java -6.911644423517293 -4.744906868011406 -6.911644423517293 -7.56785449420592 0.6562100706886271
/home/ashley/reuse/Git_Scripts/Repos/openjpa_buggy/267/b/DynamicPCHelper.java -6.2449534999734295 -4.163302333315619 -6.2449534999734295 -6.2449534999734295 0.0
/home/ashley/reuse/Git_Scripts/Repos/openjpa_buggy/267/b/ManagedClassSubclasser.java -6.928308676109762 -4.913790632761541 -6.928308676109762 -8.449727811066298 1.5214191349565356
/home/ashley/reuse/Git_Scripts/Repos/openjpa_buggy/268/b/Deity.java -8.034860413465209 -5.282800439511856 -8.034860413465209 -7.698321757403839 -0.3365386560613697
/home/ashley/reuse/Git_Scripts/Repos/openjpa_buggy/269/b/SchemaGenerator.java -5.855610884814168 -3.889041494244428 -5.855610884814168 -5.78995936131043 -0.06565152350373804
/home/ashley/reuse/Git_Scripts/Repos/openjpa_buggy/269/b/TestManualDelimId.java -7.576979969289516 -4.185030804293565 -7.576979969289516 -4.674288002637237 -2.902691966652279
/home/ashley/reuse/Git_Scripts/Repos/openjpa_buggy/270/b/SingleFieldManager.java -6.87327622740165 -4.615763809328495 -6.87327622740165 -7.026632369322001 0.15335614192035063
/home/ashley/reuse/Git_Scripts/Repos/openjpa_buggy/271/b/StateManagerImpl.java -6.911644423517293 -4.819275255456621 -6.911644423517293 -7.9591009254005955 1.0474565018833024
/home/ashley/reuse/Git_Scripts/Repos/openjpa_buggy/271/b/BrokerImpl.java -6.9383043982210495 -4.755878061289777 -6.9383043982210495 -7.559872494126933 0.6215680959058831
/home/ashley/reuse/Git_Scripts/Repos/openjpa_buggy/271/b/SingleFieldManager.java -6.87327622740165 -4.615763809328495 -6.87327622740165 -7.026632369322001 0.15335614192035063
/home/ashley/reuse/Git_Scripts/Repos/openjpa_buggy/272/b/PCEnhancer.java -6.683394840950702 -4.878386235126481 -6.683394840950702 -9.031586135048146 2.348191294097444
/home/ashley/reuse/Git_Scripts/Repos/openjpa_buggy/272/b/ClassMetaData.java -7.108655695666812 -5.066461051436276 -7.108655695666812 -8.817897772848353 1.7092420771815409
/home/ashley/reuse/Git_Scripts/Repos/openjpa_buggy/273/b/Auditable.java -8.30481973876472 -5.536546492509814 -8.30481973876472 -8.30481973876472 0.0
/home/ashley/reuse/Git_Scripts/Repos/openjpa_buggy/273/b/Auditor.java -10.534986260666322 -7.045272061820603 -10.534986260666322 -10.534986260666322 0.0
/home/ashley/reuse/Git_Scripts/Repos/openjpa_buggy/274/b/Configurations.java -6.261771262989525 -4.138681435623978 -6.261771262989525 -6.101566386109738 -0.1602048768797868
/home/ashley/reuse/Git_Scripts/Repos/openjpa_buggy/274/b/ApplicationIdTool.java -6.838048528176824 -4.548071223485683 -6.838048528176824 -6.789750304362288 -0.048298223814535746
/home/ashley/reuse/Git_Scripts/Repos/openjpa_buggy/274/b/AbstractCFMetaDataFactory.java -6.615688826435154 -4.324288480808524 -6.615688826435154 -6.241241106321581 -0.3744477201135723
/home/ashley/reuse/Git_Scripts/Repos/openjpa_buggy/274/b/AbstractQueryCache.java -7.688204517151837 -4.714138026747745 -7.688204517151837 -6.089666944278682 -1.5985375728731546
/home/ashley/reuse/Git_Scripts/Repos/openjpa_buggy/274/b/XMLPersistenceMetaDataParser.java -7.040817851437108 -5.06510622667159 -7.040817851437108 -9.025226630532956 1.9844087790958476
/home/ashley/reuse/Git_Scripts/Repos/openjpa_buggy/274/b/QueryImpl.java -7.098525853049241 -4.741419222403021 -7.098525853049241 -7.13949180168084 0.04096594863159897
/home/ashley/reuse/Git_Scripts/Repos/openjpa_buggy/276/b/PCEnhancer.java -6.683394840950702 -4.87727722742903 -6.683394840950702 -9.023514163842856 2.3401193228921544
/home/ashley/reuse/Git_Scripts/Repos/openjpa_buggy/277/b/DataCachePCDataImpl.java -7.031180396635261 -3.9091761977497748 -7.031180396635261 -4.401999692765238 -2.6291807038700226
/home/ashley/reuse/Git_Scripts/Repos/openjpa_buggy/278/b/AbstractCriteriaTestCase.java -6.483448717771565 -4.187957414992984 -6.483448717771565 -5.911783888057073 -0.571664829714492
/home/ashley/reuse/Git_Scripts/Repos/openjpa_buggy/279/b/DB2Dictionary.java -6.153006615136498 -5.7303302299331 -6.153006615136498 -41.65593296753146 35.502926352394965
/home/ashley/reuse/Git_Scripts/Repos/openjpa_buggy/280/b/JPQLExpressionBuilder.java -7.85973180141632 -5.91942546846923 -7.85973180141632 -11.989111154931742 4.1293793535154215
/home/ashley/reuse/Git_Scripts/Repos/openjpa_buggy/280/b/QueryExpressions.java -9.309598787954128 -6.206399191969419 -9.309598787954128 -9.309598787954128 0.0
/home/ashley/reuse/Git_Scripts/Repos/openjpa_buggy/281/b/AbstractDataCache.java -6.857029708684289 -4.204125324622685 -6.857029708684289 -5.4310947036576955 -1.4259350050265933
/home/ashley/reuse/Git_Scripts/Repos/openjpa_buggy/281/b/TestStatistics.java -6.9983648732338075 -4.956662643081238 -6.9983648732338075 -8.495003144316941 1.4966382710831336
/home/ashley/reuse/Git_Scripts/Repos/openjpa_buggy/282/b/OpenJPAVersion.java -5.457965907091349 -3.240267816036668 -5.457965907091349 -3.9873036237684643 -1.470662283322885
/home/ashley/reuse/Git_Scripts/Repos/openjpa_buggy/282/b/PersistenceProductDerivation.java -6.833919892018926 -5.32939994526826 -6.833919892018926 -12.098696320751198 5.264776428732272
/home/ashley/reuse/Git_Scripts/Repos/openjpa_buggy/284/b/TestMultipleSchemaNames.java -7.344896180451627 -3.720519709062864 -7.344896180451627 -3.769866515814777 -3.5750296646368502
/home/ashley/reuse/Git_Scripts/Repos/openjpa_buggy/285/b/RowManagerImpl.java -7.592989502269861 -5.016252100897157 -7.592989502269861 -7.383527722896899 -0.20946177937296184
/home/ashley/reuse/Git_Scripts/Repos/openjpa_buggy/286/b/DBCPDriverDataSource.java -5.729745481349648 -3.811672648030785 -5.729745481349648 -5.69319208114965 -0.0365534001999972
/home/ashley/reuse/Git_Scripts/Repos/openjpa_buggy/286/b/SimpleDriverDataSource.java -6.083347066950655 -3.5393002696505187 -6.083347066950655 -4.231602959757983 -1.8517441071926717
/home/ashley/reuse/Git_Scripts/Repos/openjpa_buggy/287/b/DataCacheStoreManager.java -7.187625121477373 -4.452295832017657 -7.187625121477373 -5.849649161761445 -1.3379759597159282
/home/ashley/reuse/Git_Scripts/Repos/openjpa_buggy/288/b/JPQLExpressionBuilder.java -7.85973180141632 -5.913306145104169 -7.85973180141632 -11.939063844915792 4.0793320434994715
/home/ashley/reuse/Git_Scripts/Repos/openjpa_buggy/289/b/MixedMappingLocation.java -11.494041588116989 -7.719878678586037 -11.494041588116989 -11.494041588116989 0.0
/home/ashley/reuse/Git_Scripts/Repos/openjpa_buggy/289/b/TestParsing.java -6.940325386780142 -4.626883591186761 -6.940325386780142 -6.940325386780142 0.0
/home/ashley/reuse/Git_Scripts/Repos/openjpa_buggy/290/b/DerbyDictionary.java -4.961057834495749 -3.307371889663833 -4.961057834495749 -4.961057834495749 0.0
/home/ashley/reuse/Git_Scripts/Repos/openjpa_buggy/290/b/HSQLDictionary.java -6.678519414711206 -4.452346276474137 -6.678519414711206 -6.678519414711206 0.0
/home/ashley/reuse/Git_Scripts/Repos/openjpa_buggy/291/b/BrokerImpl.java -6.9383043982210495 -4.755878061289777 -6.9383043982210495 -7.559872494126933 0.6215680959058831
/home/ashley/reuse/Git_Scripts/Repos/openjpa_buggy/292/b/PCRegistry.java -7.861507672511442 -4.944172650189614 -7.861507672511442 -6.655439142771613 -1.206068529739829
/home/ashley/reuse/Git_Scripts/Repos/openjpa_buggy/293/b/TestSpec10_1_27_Ex7.java -8.164931544470695 -5.4432876963137975 -8.164931544470695 -8.164931544470695 0.0
/home/ashley/reuse/Git_Scripts/Repos/openjpa_buggy/294/b/DetachManager.java -7.291208761217454 -4.85724220016588 -7.291208761217454 -7.275195857642306 -0.016012903575147952
/home/ashley/reuse/Git_Scripts/Repos/openjpa_buggy/295/b/AbstractBrokerFactory.java -7.262507527276981 -5.035662580994976 -7.262507527276981 -8.209156513031717 0.9466489857547362
/home/ashley/reuse/Git_Scripts/Repos/openjpa_buggy/295/b/BrokerImpl.java -6.9383043982210495 -4.7865106498864565 -6.9383043982210495 -7.716526912490205 0.7782225142691557
/home/ashley/reuse/Git_Scripts/Repos/openjpa_buggy/296/b/BrokerImpl.java -6.9383043982210495 -4.73385701793036 -6.9383043982210495 -7.4496994715575156 0.511395073336466
/home/ashley/reuse/Git_Scripts/Repos/openjpa_buggy/297/b/EntityE.java -6.419426430775312 -4.287342562070154 -6.419426430775312 -6.419426430775312 0.0
/home/ashley/reuse/Git_Scripts/Repos/openjpa_buggy/297/b/TestNoSchemaManualDelimId.java -7.4556199241380865 -4.9481244339571155 -7.4556199241380865 -7.343971705640178 -0.1116482184979084
/home/ashley/reuse/Git_Scripts/Repos/openjpa_buggy/297/b/EntityF.java -6.115230866420698 -4.078811212661462 -6.115230866420698 -6.115230866420698 0.0
/home/ashley/reuse/Git_Scripts/Repos/openjpa_buggy/299/b/MultiClassLoader.java -6.019811522288131 -3.8661720552626355 -6.019811522288131 -5.403324800126093 -0.6164867221620378
/home/ashley/reuse/Git_Scripts/Repos/openjpa_buggy/299/b/PersistenceProviderImpl.java -7.876320222757284 -4.928563181074875 -7.876320222757284 -6.5804608099611315 -1.295859412796153
/home/ashley/reuse/Git_Scripts/Repos/openjpa_buggy/300/b/Book.java -6.994621420725817 -4.667121745198336 -6.994621420725817 -6.994621420725817 0.0
/home/ashley/reuse/Git_Scripts/Repos/openjpa_buggy/300/b/TestMultipleLevelDerivedIdentity.java -7.558841418329321 -5.040603698405298 -7.558841418329321 -7.558841418329321 0.0
/home/ashley/reuse/Git_Scripts/Repos/openjpa_buggy/303/b/OpenJPAVersion.java -5.457965907091349 -3.240267816036668 -5.457965907091349 -3.9873036237684643 -1.470662283322885
/home/ashley/reuse/Git_Scripts/Repos/openjpa_buggy/305/b/JPQLExpressionBuilder.java -7.85973180141632 -5.91942546846923 -7.85973180141632 -11.989111154931742 4.1293793535154215
/home/ashley/reuse/Git_Scripts/Repos/openjpa_buggy/306/b/TableJDBCSeq.java -7.048285124032675 -4.264996934080778 -7.048285124032675 -5.3988429752569616 -1.6494421487757132
/home/ashley/reuse/Git_Scripts/Repos/openjpa_buggy/306/b/Table.java -7.186245937278445 -4.731726780479629 -7.186245937278445 -6.92461597477532 -0.2616299625031244
/home/ashley/reuse/Git_Scripts/Repos/openjpa_buggy/307/b/TestMethodQLQuery.java -8.860634430236715 -6.052283284818868 -8.860634430236715 -9.547785671765276 0.6871512415285608
/home/ashley/reuse/Git_Scripts/Repos/openjpa_buggy/308/b/AbstractOpenJpaMojo.java -6.340276342987633 -4.232821023708317 -6.340276342987633 -6.358212061072464 0.017935718084831187
/home/ashley/reuse/Git_Scripts/Repos/openjpa_buggy/309/b/ClassMapping.java -8.023248394435685 -5.306705421745289 -8.023248394435685 -7.836617381501208 -0.18663101293447681
/home/ashley/reuse/Git_Scripts/Repos/openjpa_buggy/311/b/TestNoSchemaManualDelimitedJoinAnnotations.java -8.391571823799856 -5.635058923595285 -8.391571823799856 -8.577322762607926 0.18575093880807003
/home/ashley/reuse/Git_Scripts/Repos/openjpa_buggy/311/b/EntityE.java -6.037835641788854 -4.032260865670179 -6.037835641788854 -6.037835641788854 0.0
/home/ashley/reuse/Git_Scripts/Repos/openjpa_buggy/311/b/TestNoSchemaManualDelimId.java -7.4556199241380865 -4.981633177302197 -7.4556199241380865 -7.50633842702338 0.050718502885293226
/home/ashley/reuse/Git_Scripts/Repos/openjpa_buggy/311/b/TestNoSchemaManualDelimIdSeqGen.java -8.420139550567823 -5.697838793617324 -8.420139550567823 -8.786232574505554 0.36609302393773113
/home/ashley/reuse/Git_Scripts/Repos/openjpa_buggy/311/b/TestNoSchemaManualDelimInheritance.java -8.564327102002787 -5.765786843874414 -8.564327102002787 -8.822471713233368 0.2581446112305805
/home/ashley/reuse/Git_Scripts/Repos/openjpa_buggy/312/b/TestTablePerClassInheritanceWithAbstractRoot.java -7.904993086126205 -5.273139779408769 -7.904993086126205 -7.904993086126205 0.0
/home/ashley/reuse/Git_Scripts/Repos/openjpa_buggy/313/b/MethodLifecycleCallbacks.java -6.138774792549645 -3.247840151872196 -6.138774792549645 -3.4483241118643067 -2.6904506806853385
/home/ashley/reuse/Git_Scripts/Repos/openjpa_buggy/314/b/Broker.java -8.93953313706067 -5.959688758040446 -8.93953313706067 -8.93953313706067 0.0
/home/ashley/reuse/Git_Scripts/Repos/openjpa_buggy/314/b/AbstractBrokerFactory.java -7.262507527276981 -5.384650119564872 -7.262507527276981 -10.412415198430251 3.1499076711532705
/home/ashley/reuse/Git_Scripts/Repos/openjpa_buggy/314/b/BrokerImpl.java -6.9383043982210495 -4.755878061289777 -6.9383043982210495 -7.559872494126933 0.6215680959058831
/home/ashley/reuse/Git_Scripts/Repos/openjpa_buggy/314/b/DelegatingBroker.java -5.83580866141502 -3.8905391076100133 -5.83580866141502 -5.83580866141502 0.0
/home/ashley/reuse/Git_Scripts/Repos/openjpa_buggy/315/b/JDBCExpressionFactory.java -11.199324126765461 -7.083710432890075 -11.199324126765461 -9.634795429659533 -1.5645286971059278
/home/ashley/reuse/Git_Scripts/Repos/openjpa_buggy/316/b/ColumnVersionStrategy.java -7.231792017307173 -4.794625991974743 -7.231792017307173 -7.109065188603657 -0.1227268287035157
/home/ashley/reuse/Git_Scripts/Repos/openjpa_buggy/317/b/ProxyManagerImpl.java -6.659175825372425 -4.654004598794031 -6.659175825372425 -7.727977168400099 1.0688013430276744
/home/ashley/reuse/Git_Scripts/Repos/openjpa_buggy/319/b/SQLBuffer.java -7.06709729492963 -4.722347661220131 -7.06709729492963 -7.114226986793115 0.04712969186348559
