/home/ashley/reuse/Git_Scripts/Repos/openjpa/740/b/AbstractBrokerFactory.java -7.021012492437696 -4.691823706360328 -7.021012492437696 -7.0693915621530286 0.04837906971533279
/home/ashley/reuse/Git_Scripts/Repos/openjpa/740/b/TestSerializedFactory.java -7.414255798467299 -4.798520784409493 -7.414255798467299 -6.800662215145867 -0.6135935833214319
/home/ashley/reuse/Git_Scripts/Repos/openjpa/859/b/AbstractBrokerFactory.java -7.2406764574489495 -4.830085823776118 -7.2406764574489495 -7.252136246091707 0.011459788642757651
/home/ashley/reuse/Git_Scripts/Repos/openjpa/1129/b/TemporaryClassLoader.java -5.126836182250052 -3.1651207298778457 -5.126836182250052 -4.127264347974885 -0.9995718342751676
/home/ashley/reuse/Git_Scripts/Repos/openjpa/160/b/QueryImpl.java -6.450288236302105 -4.188713100207342 -6.450288236302105 -5.971380525022134 -0.47890771127997045
/home/ashley/reuse/Git_Scripts/Repos/openjpa/924/b/BrokerImpl.java -6.962927764423117 -4.622464960888565 -6.962927764423117 -6.8759669172347175 -0.0869608471883998
/home/ashley/reuse/Git_Scripts/Repos/openjpa/2570/b/NativeJDBCSeq.java -7.009138722435201 -4.662081883929687 -7.009138722435201 -6.956993859032087 -0.05214486340311364
/home/ashley/reuse/Git_Scripts/Repos/openjpa/2217/b/CacheStatistics.java -5.962159738564451 -3.9765716989339372 -5.962159738564451 -5.962159738564451 0.0
/home/ashley/reuse/Git_Scripts/Repos/openjpa/2256/b/AsmAdaptor.java -6.461256903998735 -4.307504602665824 -6.461256903998735 -6.461256903998735 0.0
/home/ashley/reuse/Git_Scripts/Repos/openjpa/2652/b/HandlerCollectionTableFieldStrategy.java -7.874621525611581 -5.033263243174413 -7.874621525611581 -6.970515663361114 -0.904105862250467
/home/ashley/reuse/Git_Scripts/Repos/openjpa/2316/b/JDBCStoreManager.java -7.31176416638574 -4.34112194156198 -7.31176416638574 -5.341964373212893 -1.9697997931728466
/home/ashley/reuse/Git_Scripts/Repos/openjpa/2848/b/DBDictionary.java -6.262486771893319 -4.143159769984351 -6.262486771893319 -6.121138112347648 -0.14134865954567122
/home/ashley/reuse/Git_Scripts/Repos/openjpa/2848/b/PreparedStatementManagerImpl.java -6.7296966863548775 -4.0673180520818795 -6.7296966863548775 -5.1369241834252115 -1.592772502929666
/home/ashley/reuse/Git_Scripts/Repos/openjpa/3026/b/JPQLExpressionBuilder.java -7.871886219943051 -4.843570906817466 -7.871886219943051 -6.294781652265977 -1.5771045676770745
/home/ashley/reuse/Git_Scripts/Repos/openjpa/3026/b/QueryImpl.java -7.040111824024953 -4.710175216049217 -7.040111824024953 -7.115445671588261 0.07533384756330808
/home/ashley/reuse/Git_Scripts/Repos/openjpa/3026/b/TestEntityTypeExpression.java -6.967314652910296 -4.5748179671698574 -6.967314652910296 -6.656410341405154 -0.31090431150514153
/home/ashley/reuse/Git_Scripts/Repos/openjpa/457/b/AsmAdaptor.java -5.714485692077814 -3.749367430131466 -5.714485692077814 -5.451505629133935 -0.2629800629438792
/home/ashley/reuse/Git_Scripts/Repos/openjpa/2879/b/SingleFieldManager.java -6.929712660672074 -4.43810938774126 -6.929712660672074 -6.17052559718501 -0.7591870634870634
/home/ashley/reuse/Git_Scripts/Repos/openjpa/259/b/CacheTest.java -7.710113118616142 -5.102086680173401 -7.710113118616142 -7.540786729556042 -0.16932638906009956
/home/ashley/reuse/Git_Scripts/Repos/openjpa/3194/b/AbstractCFMetaDataFactory.java -6.768154886527698 -4.2380984884712545 -6.768154886527698 -5.66866948427852 -1.0994854022491785
/home/ashley/reuse/Git_Scripts/Repos/openjpa/591/b/AbstractCFMetaDataFactory.java -6.644548921579912 -4.282863654756599 -6.644548921579912 -6.023662657802844 -0.6208862637770682
/home/ashley/reuse/Git_Scripts/Repos/openjpa/3100/b/JDBCFetchPlanImpl.java -8.727245976242054 -5.5593859442688185 -8.727245976242054 -7.651578846877791 -1.0756671293642635
/home/ashley/reuse/Git_Scripts/Repos/openjpa/3100/b/PersistenceMappingDefaults.java -8.370545215704762 -5.195175974944371 -8.370545215704762 -6.847464358412918 -1.5230808572918448
/home/ashley/reuse/Git_Scripts/Repos/openjpa/3100/b/AnnotationPersistenceXMLMetaDataParser.java -7.101625473459129 -4.657390491530712 -7.101625473459129 -6.761427845988033 -0.3401976274710963
/home/ashley/reuse/Git_Scripts/Repos/openjpa/3100/b/AnnotationPersistenceMappingParser.java -7.8802473716799275 -4.588993261087418 -7.8802473716799275 -5.493711647477574 -2.3865357242023535
/home/ashley/reuse/Git_Scripts/Repos/openjpa/2648/b/ClassMetaData.java -7.112445537651464 -4.741780533589767 -7.112445537651464 -7.112445537651464 0.0
/home/ashley/reuse/Git_Scripts/Repos/openjpa/2468/b/DataCachePCDataImpl.java -7.031180396635259 -4.624322909571562 -7.031180396635259 -6.743488891044618 -0.28769150559064105
/home/ashley/reuse/Git_Scripts/Repos/openjpa/2468/b/DataCachePCDataGenerator.java -7.048617117471775 -4.53530323912393 -7.048617117471775 -6.3556722912707295 -0.6929448262010451
/home/ashley/reuse/Git_Scripts/Repos/openjpa/2468/b/PCData.java -8.475483544776665 -5.6503223631844435 -8.475483544776665 -8.475483544776665 0.0
/home/ashley/reuse/Git_Scripts/Repos/openjpa/2500/b/TableJDBCSeq.java -7.04115297604653 -4.22948440251462 -7.04115297604653 -5.294613728970373 -1.7465392470761572
/home/ashley/reuse/Git_Scripts/Repos/openjpa/738/b/ProductDerivations.java -6.082690543804376 -3.964323767491976 -6.082690543804376 -5.689318939773914 -0.39337160403046223
/home/ashley/reuse/Git_Scripts/Repos/openjpa/799/b/ValueMapDiscriminatorStrategy.java -6.890910217556318 -4.595896678319077 -6.890910217556318 -6.890910217556318 0.0
/home/ashley/reuse/Git_Scripts/Repos/openjpa/2791/b/TestJPQLSubquery.java -8.010224857675656 -5.340149905117103 -8.010224857675656 -8.010224857675656 0.0
/home/ashley/reuse/Git_Scripts/Repos/openjpa/2432/b/InterfaceImplGenerator.java -7.164800364268416 -4.683532533029042 -7.164800364268416 -6.756916598212686 -0.40788376605572996
/home/ashley/reuse/Git_Scripts/Repos/openjpa/2801/b/QueryImpl.java -7.0115902540977695 -4.560338672175208 -7.0115902540977695 -6.5222244883020295 -0.48936576579574
/home/ashley/reuse/Git_Scripts/Repos/openjpa/2801/b/JDBCStoreQuery.java -8.017515368729187 -4.259504255663306 -8.017515368729187 -4.543069839326546 -3.474445529402641
/home/ashley/reuse/Git_Scripts/Repos/openjpa/806/b/EntityManagerFactoryImpl.java -7.302000871348663 -4.806307108190684 -7.302000871348663 -7.027171654997961 -0.27482921635070223
/home/ashley/reuse/Git_Scripts/Repos/openjpa/806/b/AbstractBrokerFactory.java -7.247416247327313 -4.75999945672676 -7.247416247327313 -6.932639000694371 -0.31477724663294193
/home/ashley/reuse/Git_Scripts/Repos/openjpa/806/b/TestSwitchConnection.java -7.321647261928871 -4.267698136632337 -7.321647261928871 -5.109216079066882 -2.212431182861989
/home/ashley/reuse/Git_Scripts/Repos/openjpa/806/b/Person.java -6.252625378878023 -4.001680242481935 -6.252625378878023 -5.532276832924334 -0.7203485459536889
/home/ashley/reuse/Git_Scripts/Repos/openjpa/806/b/JDBCStoreManager.java -7.267306178129563 -4.664996369457072 -7.267306178129563 -6.513820303740408 -0.7534858743891553
/home/ashley/reuse/Git_Scripts/Repos/openjpa/2066/b/Semester_.java -8.674503569152163 -6.127228711543988 -8.674503569152163 -10.432848887223548 1.7583453180713846
/home/ashley/reuse/Git_Scripts/Repos/openjpa/2066/b/Product_.java -9.233708788590196 -6.502611822950842 -9.233708788590196 -10.863186810106113 1.6294780215159168
/home/ashley/reuse/Git_Scripts/Repos/openjpa/2066/b/Address_.java -10.193676913441825 -7.057160940075109 -10.193676913441825 -11.378988182446689 1.1853112690048633
/home/ashley/reuse/Git_Scripts/Repos/openjpa/2066/b/Course_.java -9.349975877474625 -6.532995965671373 -9.349975877474625 -10.841993304731213 1.492017427256588
/home/ashley/reuse/Git_Scripts/Repos/openjpa/2066/b/Photo_.java -8.941788548445558 -6.316025244536942 -8.941788548445558 -10.75431325421155 1.8125247057659912
/home/ashley/reuse/Git_Scripts/Repos/openjpa/2066/b/Customer_.java -9.916682395114233 -6.786832469745953 -9.916682395114233 -10.695479441850951 0.7787970467367185
/home/ashley/reuse/Git_Scripts/Repos/openjpa/2066/b/Department_.java -9.536589262832718 -6.663386087492092 -9.536589262832718 -11.058385421795386 1.5217961589626672
/home/ashley/reuse/Git_Scripts/Repos/openjpa/2066/b/Phone_.java -9.520947958949243 -6.652457227727355 -9.520947958949243 -11.040248165164547 1.5193002062153038
/home/ashley/reuse/Git_Scripts/Repos/openjpa/2066/b/Employee_.java -11.424990600948636 -7.869495600653417 -11.424990600948636 -12.559923442102473 1.1349328411538373
/home/ashley/reuse/Git_Scripts/Repos/openjpa/2066/b/VideoStore_.java -9.927392048018538 -6.920810456332924 -9.927392048018538 -11.319082522039828 1.3916904740212903
/home/ashley/reuse/Git_Scripts/Repos/openjpa/2066/b/Contractor_.java -8.39847870210334 -6.145228318612199 -8.39847870210334 -11.197971602804452 2.7994929007011127
/home/ashley/reuse/Git_Scripts/Repos/openjpa/2066/b/Contact_.java -9.627372870575785 -6.787644182132568 -9.627372870575785 -11.367259533932854 1.739886663357069
/home/ashley/reuse/Git_Scripts/Repos/openjpa/2066/b/Manager_.java -9.328959754724686 -6.513711544719012 -9.328959754724686 -10.68754612677197 1.3585863720472844
/home/ashley/reuse/Git_Scripts/Repos/openjpa/2066/b/Exempt_.java -8.570463965301549 -6.062035487652315 -8.570463965301549 -10.355977291406038 1.785513326104489
/home/ashley/reuse/Git_Scripts/Repos/openjpa/2066/b/Student_.java -9.725634155172136 -6.789593655497529 -9.725634155172136 -11.245264491917782 1.5196303367456458
/home/ashley/reuse/Git_Scripts/Repos/openjpa/2066/b/LineItem_.java -10.28049779341661 -7.12138649231463 -10.28049779341661 -11.587340733257703 1.3068429398410935
/home/ashley/reuse/Git_Scripts/Repos/openjpa/2066/b/Order_.java -9.510706567171 -6.587904061162352 -9.510706567171 -10.634018366443165 1.1233117992721642
/home/ashley/reuse/Git_Scripts/Repos/openjpa/2066/b/CreditCard_.java -9.734834374759114 -6.801903505440662 -9.734834374759114 -11.288265392007908 1.5534310172487942
/home/ashley/reuse/Git_Scripts/Repos/openjpa/2066/b/Item_.java -9.436881515394132 -6.588011623954394 -9.436881515394132 -10.911394252174466 1.4745127367803335
/home/ashley/reuse/Git_Scripts/Repos/openjpa/2066/b/Movie_.java -8.814260174886158 -6.225945679086254 -8.814260174886158 -10.600934534660379 1.7866743597742207
/home/ashley/reuse/Git_Scripts/Repos/openjpa/2066/b/TransactionHistory_.java -8.928256981321102 -6.243944424845476 -8.928256981321102 -10.383951054362585 1.4556940730414833
/home/ashley/reuse/Git_Scripts/Repos/openjpa/2066/b/Person_.java -9.016090429421553 -6.299704210300956 -9.016090429421553 -10.454828263903716 1.438737834482163
/home/ashley/reuse/Git_Scripts/Repos/openjpa/131/b/ConstraintUpdateManager.java -7.807012992546238 -4.938130614686166 -7.807012992546238 -6.7190014768924735 -1.0880115156537649
/home/ashley/reuse/Git_Scripts/Repos/openjpa/2010/b/ProxyManagerImpl.java -6.659715084214192 -4.340634372514146 -6.659715084214192 -6.231962538167221 -0.4277525460469711
/home/ashley/reuse/Git_Scripts/Repos/openjpa/2830/b/BrokerImpl.java -6.989281470732304 -4.5536753405331725 -6.989281470732304 -6.53340148037035 -0.4558799903619537
/home/ashley/reuse/Git_Scripts/Repos/openjpa/1120/b/SelectImpl.java -7.557536901065637 -4.934911785358469 -7.557536901065637 -7.109941169045 -0.44759573202063674
/home/ashley/reuse/Git_Scripts/Repos/openjpa/1566/b/TestSerializedFactory.java -7.315010647118728 -4.865488733175301 -7.315010647118728 -7.26490783446723 -0.05010281265149796
/home/ashley/reuse/Git_Scripts/Repos/openjpa/2555/b/FromImpl.java -12.075880855856767 -8.047632893297575 -12.075880855856767 -12.062596058435583 -0.013284797421183825
/home/ashley/reuse/Git_Scripts/Repos/openjpa/371/b/ClassMetaData.java -7.131944878435447 -4.4004044455959574 -7.131944878435447 -5.744155858115788 -1.3877890203196586
/home/ashley/reuse/Git_Scripts/Repos/openjpa/181/b/XMLPersistenceMetaDataParser.java -7.071555985891022 -4.599994799213073 -7.071555985891022 -6.580682876228021 -0.490873109663001
/home/ashley/reuse/Git_Scripts/Repos/openjpa/242/b/TestMixedLockManagerDeadlock.java -7.052731630052992 -4.676714275073974 -7.052731630052992 -6.940944817472901 -0.11178681258009071
/home/ashley/reuse/Git_Scripts/Repos/openjpa/242/b/SequencedActionsTest.java -6.331276944694547 -4.210009616024805 -6.331276944694547 -6.282738733263644 -0.048538211430903644
/home/ashley/reuse/Git_Scripts/Repos/openjpa/242/b/TestMixedLockManagerLockPermutation.java -6.183937048066928 -4.055548201736007 -6.183937048066928 -5.891605478521946 -0.29233156954498174
/home/ashley/reuse/Git_Scripts/Repos/openjpa/242/b/TestMixedLockManagerFindPermutation.java -6.180823571658429 -4.125828418749573 -6.180823571658429 -6.204641774246708 0.023818202588278936
/home/ashley/reuse/Git_Scripts/Repos/openjpa/242/b/TestMixedLockManagerRefreshPermutation.java -6.298851852079422 -4.189451843374898 -6.298851852079422 -6.2550337522388695 -0.04381809984055263
/home/ashley/reuse/Git_Scripts/Repos/openjpa/673/b/TestTypesafeCriteria.java -8.05295013946971 -5.325882722169859 -8.05295013946971 -7.863587775318517 -0.18936236415119279
/home/ashley/reuse/Git_Scripts/Repos/openjpa/2986/b/AnnotationProcessor6.java -6.79824785038604 -4.434929688579111 -6.79824785038604 -6.378690713176023 -0.41955713721001686
/home/ashley/reuse/Git_Scripts/Repos/openjpa/2433/b/PersistenceProductDerivation.java -6.929069159919211 -4.562336255578767 -6.929069159919211 -6.67698396014894 -0.25208519977027155
/home/ashley/reuse/Git_Scripts/Repos/openjpa/3175/b/TCPRemoteCommitProvider.java -6.341224414701252 -4.257243338117915 -6.341224414701252 -6.47530289243145 0.13407847773019732
/home/ashley/reuse/Git_Scripts/Repos/openjpa/3028/b/TestSpecCompatibilityOptions.java -6.972118809833255 -4.4304478021622975 -6.972118809833255 -6.076633908207032 -0.8954849016262223
/home/ashley/reuse/Git_Scripts/Repos/openjpa/3028/b/HandlerRelationMapTableFieldStrategy.java -7.222084486929393 -4.703130626726748 -7.222084486929393 -6.742165324249569 -0.47991916267982404
/home/ashley/reuse/Git_Scripts/Repos/openjpa/3028/b/MapTableFieldStrategy.java -7.838183562080674 -5.225455708053783 -7.838183562080674 -7.838183562080674 0.0
/home/ashley/reuse/Git_Scripts/Repos/openjpa/2951/b/BrokerImpl.java -6.947718036832058 -4.703670810396645 -6.947718036832058 -7.281104259815308 0.3333862229832496
/home/ashley/reuse/Git_Scripts/Repos/openjpa/2081/b/BrokerImpl.java -6.989281470732304 -4.557268036290124 -6.989281470732304 -6.548489533839462 -0.44079193689284146
/home/ashley/reuse/Git_Scripts/Repos/openjpa/1623/b/DBDictionary.java -6.515697139350929 -4.33280503197816 -6.515697139350929 -6.466233260323489 -0.04946387902744043
/home/ashley/reuse/Git_Scripts/Repos/openjpa/1623/b/DB2Dictionary.java -6.186227612638567 -4.031946078329807 -6.186227612638567 -5.789061402885973 -0.3971662097525943
/home/ashley/reuse/Git_Scripts/Repos/openjpa/266/b/TestEmbeddableCriteria.java -9.100842025817451 -5.978148397200315 -9.100842025817451 -8.710892367492404 -0.38994965832504747
/home/ashley/reuse/Git_Scripts/Repos/openjpa/266/b/AbstractCriteriaTestCase.java -6.524425042348416 -4.382386916303573 -6.524425042348416 -6.671203020804424 0.14677797845600793
/home/ashley/reuse/Git_Scripts/Repos/openjpa/266/b/TestTypesafeCriteria.java -8.249415033031175 -4.725431765559682 -8.249415033031175 -5.530442660889174 -2.7189723721420007
/home/ashley/reuse/Git_Scripts/Repos/openjpa/1251/b/SingleFieldManager.java -6.8747946683459755 -4.4257819151376365 -6.8747946683459755 -6.21078884488 -0.6640058234659758
/home/ashley/reuse/Git_Scripts/Repos/openjpa/1886/b/QueryImpl.java -6.487045460084653 -3.934612327546722 -6.487045460084653 -4.999936866362897 -1.4871085937217563
/home/ashley/reuse/Git_Scripts/Repos/openjpa/2601/b/DelegatingCallableStatement.java -4.201575812520734 -2.7668913887331663 -4.201575812520734 -4.051519533502137 -0.15005627901859775
/home/ashley/reuse/Git_Scripts/Repos/openjpa/2601/b/LoggingConnectionDecorator.java -5.058853469291715 -3.31075520232431 -5.058853469291715 -4.790049870534614 -0.2688035987571009
/home/ashley/reuse/Git_Scripts/Repos/openjpa/2601/b/AbstractCFMetaDataFactory.java -6.501964771914211 -4.326206627433389 -6.501964771914211 -6.462851288225134 -0.039113483689076745
/home/ashley/reuse/Git_Scripts/Repos/openjpa/2601/b/ClassMetaDataIterator.java -6.064376664055016 -4.042917776036677 -6.064376664055016 -6.064376664055016 0.0
/home/ashley/reuse/Git_Scripts/Repos/openjpa/2601/b/DelegatingResultSet.java -4.218564775571418 -2.7713517820068803 -4.218564775571418 -4.039186719674081 -0.17937805589733724
/home/ashley/reuse/Git_Scripts/Repos/openjpa/2601/b/JDBCEventConnectionDecorator.java -6.610415492255269 -4.202627443245504 -6.610415492255269 -5.769011431556981 -0.841404060698288
/home/ashley/reuse/Git_Scripts/Repos/openjpa/2601/b/XMLMetaDataSerializer.java -6.403579243530696 -4.269052829020463 -6.403579243530696 -6.403579243530696 0.0
/home/ashley/reuse/Git_Scripts/Repos/openjpa/1888/b/ValidatorImpl.java -6.676347587313921 -4.332934714795717 -6.676347587313921 -6.1683186015956775 -0.5080289857182434
/home/ashley/reuse/Git_Scripts/Repos/openjpa/1888/b/TestValidationGroups.java -6.327903431368669 -4.15680961749185 -6.327903431368669 -6.05542162271304 -0.27248180865562865
/home/ashley/reuse/Git_Scripts/Repos/openjpa/1554/b/JPQLExpressionBuilder.java -7.866601386747585 -5.237895232546772 -7.866601386747585 -7.836489120680694 -0.030112266066891102
/home/ashley/reuse/Git_Scripts/Repos/openjpa/375/b/PredicateImpl.java -7.937390898243112 -5.193846893340044 -7.937390898243112 -7.506401347207286 -0.43098955103582526
/home/ashley/reuse/Git_Scripts/Repos/openjpa/215/b/CandidatePath.java -8.25626856554046 -5.021932164177362 -8.25626856554046 -6.402229308717339 -1.8540392568231203
/home/ashley/reuse/Git_Scripts/Repos/openjpa/215/b/JPQLExpressionBuilder.java -7.866601386747585 -4.5945574475916935 -7.866601386747585 -5.523084753874122 -2.343516632873463
/home/ashley/reuse/Git_Scripts/Repos/openjpa/215/b/Value.java -8.55409316298214 -4.3112629541429985 -8.55409316298214 -4.346031203773184 -4.208061959208956
/home/ashley/reuse/Git_Scripts/Repos/openjpa/215/b/QueryExpressions.java -9.309598787954128 -4.32064851928422 -9.309598787954128 -4.031259288241819 -5.278339499712309
/home/ashley/reuse/Git_Scripts/Repos/openjpa/215/b/AbstractExpressionBuilder.java -7.370939964311456 -4.631194055013313 -7.370939964311456 -6.227584106292587 -1.143355858018869
/home/ashley/reuse/Git_Scripts/Repos/openjpa/215/b/Subquery.java -9.28674538476822 -6.191163589845481 -9.28674538476822 -9.28674538476822 0.0
/home/ashley/reuse/Git_Scripts/Repos/openjpa/215/b/SubQ.java -8.205961930372444 -5.625288390431994 -8.205961930372444 -8.94357648591154 0.7376145555390963
/home/ashley/reuse/Git_Scripts/Repos/openjpa/215/b/Path.java -10.206191785821654 -4.802913781563132 -10.206191785821654 -4.494469777242563 -5.71172200857909
/home/ashley/reuse/Git_Scripts/Repos/openjpa/215/b/Val.java -6.735349213951047 -4.068794576345855 -6.735349213951047 -5.127556175782088 -1.6077930381689596
/home/ashley/reuse/Git_Scripts/Repos/openjpa/1584/b/TestPessimisticLocks.java -6.144186912033693 -4.167040892787393 -6.144186912033693 -6.474756509166065 0.33056959713237166
/home/ashley/reuse/Git_Scripts/Repos/openjpa/941/b/QueryImpl.java -7.136069158214291 -4.760899630779587 -7.136069158214291 -7.150488372516604 0.014419214302312966
/home/ashley/reuse/Git_Scripts/Repos/openjpa/941/b/TestPreparedQueryCache.java -7.11113845565662 -4.732912815385598 -7.11113845565662 -7.075947243786986 -0.03519121186963403
/home/ashley/reuse/Git_Scripts/Repos/openjpa/1712/b/ImplicitFieldAccessBase.java -9.854226698400254 -6.620096826660263 -9.854226698400254 -10.061927026937965 0.2077003285377117
/home/ashley/reuse/Git_Scripts/Repos/openjpa/1214/b/AbstractPCData.java -6.724892478272704 -4.464131611605592 -6.724892478272704 -6.636527330166719 -0.08836514810598484
/home/ashley/reuse/Git_Scripts/Repos/openjpa/876/b/Compatibility.java -7.31427947053229 -4.876186313688193 -7.31427947053229 -7.31427947053229 0.0
/home/ashley/reuse/Git_Scripts/Repos/openjpa/876/b/PersistenceProductDerivation.java -6.84436184083656 -4.562189891075321 -6.84436184083656 -6.839517989569159 -0.004843851267400723
/home/ashley/reuse/Git_Scripts/Repos/openjpa/1412/b/TestStrategyAnnotaion.java -7.676789775150956 -5.117859850100638 -7.676789775150956 -7.676789775150956 0.0
/home/ashley/reuse/Git_Scripts/Repos/openjpa/775/b/BatchingPreparedStatementManagerImpl.java -6.427717024012674 -3.9621598968913943 -6.427717024012674 -5.161335964194234 -1.26638105981844
/home/ashley/reuse/Git_Scripts/Repos/openjpa/775/b/BatchingOperationOrderUpdateManager.java -9.170598765325206 -4.796338266383476 -9.170598765325206 -5.005785352251749 -4.164813413073457
/home/ashley/reuse/Git_Scripts/Repos/openjpa/775/b/BatchingConstraintUpdateManager.java -9.170598765325208 -4.796338266383477 -9.170598765325208 -5.005785352251751 -4.164813413073457
/home/ashley/reuse/Git_Scripts/Repos/openjpa/1871/b/SourceCode.java -6.397921926763161 -4.189430281736739 -6.397921926763161 -6.067018505887614 -0.330903420875547
/home/ashley/reuse/Git_Scripts/Repos/openjpa/1460/b/Joins.java -9.900646142453523 -5.537349046246887 -9.900646142453523 -6.280910924494889 -3.6197352179586337
/home/ashley/reuse/Git_Scripts/Repos/openjpa/1460/b/CriteriaExpressionBuilder.java -8.62641621074501 -4.618442599541893 -8.62641621074501 -4.97016846589518 -3.6562477448498294
/home/ashley/reuse/Git_Scripts/Repos/openjpa/1460/b/CriteriaQueryImpl.java -8.665405225572862 -5.115721157265907 -8.665405225572862 -6.241773512578982 -2.4236317129938794
/home/ashley/reuse/Git_Scripts/Repos/openjpa/1536/b/DistributedStoreQuery.java -8.219628996548137 -5.231575460363367 -8.219628996548137 -7.191606775618486 -1.0280222209296506
/home/ashley/reuse/Git_Scripts/Repos/openjpa/1536/b/ReplicationPolicy.java -6.216718752845018 -3.9263486860073797 -6.216718752845018 -5.2659264729981325 -0.9507922798468851
/home/ashley/reuse/Git_Scripts/Repos/openjpa/1536/b/TestBasic.java -7.509438152728296 -4.860088564224531 -7.509438152728296 -6.887829120059198 -0.621609032669098
/home/ashley/reuse/Git_Scripts/Repos/openjpa/1536/b/DistributedStoreManager.java -8.327414966000777 -5.565870470468539 -8.327414966000777 -8.388669663776238 0.06125469777546044
/home/ashley/reuse/Git_Scripts/Repos/openjpa/2903/b/TestJDBCEscapeDate.java -6.217592264437459 -3.032776664378117 -6.217592264437459 -2.9603862666102976 -3.2572059978271617
/home/ashley/reuse/Git_Scripts/Repos/openjpa/1411/b/DBDictionary.java -6.25030445190511 -4.166869634603406 -6.25030445190511 -6.25030445190511 0.0
/home/ashley/reuse/Git_Scripts/Repos/openjpa/2506/b/ValidatingLifecycleEventManager.java -7.388316548075802 -4.429017715647591 -7.388316548075802 -5.528840906781557 -1.859475641294245
/home/ashley/reuse/Git_Scripts/Repos/openjpa/2218/b/ForeignKey.java -6.990986202632144 -4.661735077084648 -6.990986202632144 -6.993411102459627 0.0024248998274822853
/home/ashley/reuse/Git_Scripts/Repos/openjpa/2561/b/MappingInfo.java -7.309488487053587 -4.747847160916129 -7.309488487053587 -6.773847260915142 -0.5356412261384449
/home/ashley/reuse/Git_Scripts/Repos/openjpa/943/b/OracleDictionary.java -5.979737182825111 -3.9803772045185553 -5.979737182825111 -5.951548843448816 -0.02818833937629428
/home/ashley/reuse/Git_Scripts/Repos/openjpa/1313/b/DistributedTemplate.java -5.638510325438412 -3.759006883625608 -5.638510325438412 -5.638510325438412 0.0
/home/ashley/reuse/Git_Scripts/Repos/openjpa/296/b/BrokerImpl.java -6.967312352363439 -4.634096663443023 -6.967312352363439 -6.919034335010863 -0.0482780173525752
/home/ashley/reuse/Git_Scripts/Repos/openjpa/1729/b/ACase.java -7.610251296705772 -5.073500864470514 -7.610251296705772 -7.610251296705772 0.0
/home/ashley/reuse/Git_Scripts/Repos/openjpa/1729/b/AText.java -7.052330915520036 -4.706127439734187 -7.052330915520036 -7.052330915520036 0.0
/home/ashley/reuse/Git_Scripts/Repos/openjpa/1729/b/AEvident.java -7.4368848368737925 -4.957923224582529 -7.4368848368737925 -7.4368848368737925 0.0
/home/ashley/reuse/Git_Scripts/Repos/openjpa/2829/b/PersistenceTestCase.java -6.58990345010674 -4.394744208163863 -6.58990345010674 -6.58990345010674 0.0
/home/ashley/reuse/Git_Scripts/Repos/openjpa/321/b/StateManagerImpl.java -6.878071488314166 -4.504130019312051 -6.878071488314166 -6.524562595990847 -0.35350889232331895
/home/ashley/reuse/Git_Scripts/Repos/openjpa/2627/b/ReverseMappingTool.java -7.210261419841443 -4.806840946560962 -7.210261419841443 -7.210261419841443 0.0
/home/ashley/reuse/Git_Scripts/Repos/openjpa/1047/b/QueryImpl.java -6.399471144465363 -4.266314096310243 -6.399471144465363 -6.399471144465363 0.0
/home/ashley/reuse/Git_Scripts/Repos/openjpa/187/b/CriteriaExpressionBuilder.java -8.404055012944628 -5.1966207229907795 -8.404055012944628 -6.808040709393769 -1.5960143035508594
/home/ashley/reuse/Git_Scripts/Repos/openjpa/187/b/CriteriaQueryImpl.java -8.619172175595583 -6.092289840476569 -8.619172175595583 -10.38635254428636 1.7671803686907772
/home/ashley/reuse/Git_Scripts/Repos/openjpa/2738/b/RuntimeTest1.java -8.050119956782078 -5.448441844285763 -8.050119956782078 -8.414049430415988 0.3639294736339096
/home/ashley/reuse/Git_Scripts/Repos/openjpa/2738/b/DataCacheManagerImpl.java -7.700064691206772 -5.188640082990209 -7.700064691206772 -7.954223305708707 0.254158614501935
/home/ashley/reuse/Git_Scripts/Repos/openjpa/2738/b/TestPessimisticLocking.java -7.365893561493018 -4.974369677891389 -7.365893561493018 -7.660529303952738 0.2946357424597199
/home/ashley/reuse/Git_Scripts/Repos/openjpa/1318/b/NativeJDBCSeq.java -7.270222846048205 -4.831837433323344 -7.270222846048205 -7.198814886848223 -0.07140795919998233
/home/ashley/reuse/Git_Scripts/Repos/openjpa/1097/b/PredicateImpl.java -8.681812001611412 -4.86623857415162 -8.681812001611412 -5.531217782022113 -3.1505942195892995
/home/ashley/reuse/Git_Scripts/Repos/openjpa/1009/b/PredicateImpl.java -8.571060420015835 -5.714040280010557 -8.571060420015835 -8.571060420015835 0.0
/home/ashley/reuse/Git_Scripts/Repos/openjpa/1253/b/Value.java -6.629170697636665 -4.128009261552365 -6.629170697636665 -5.470514146239495 -1.1586565513971703
/home/ashley/reuse/Git_Scripts/Repos/openjpa/1253/b/ConfigurationImpl.java -6.510453624866738 -4.3339542935280875 -6.510453624866738 -6.480620261036897 -0.02983336382984092
/home/ashley/reuse/Git_Scripts/Repos/openjpa/2881/b/DistributedStoreQuery.java -8.293829522385161 -5.180519430469595 -8.293829522385161 -6.9004281175349025 -1.393401404850259
/home/ashley/reuse/Git_Scripts/Repos/openjpa/1547/b/JPQLExpressionBuilder.java -7.8496248059137095 -5.23321395910723 -7.8496248059137095 -7.850213233560329 5.884276466199267E-4
/home/ashley/reuse/Git_Scripts/Repos/openjpa/1547/b/OrderedMap.java -6.7994085480237905 -4.525082985166613 -6.7994085480237905 -6.746699954628257 -0.052708593395533576
/home/ashley/reuse/Git_Scripts/Repos/openjpa/816/b/ValidatorImpl.java -7.310530163898415 -4.780990465636564 -7.310530163898415 -6.901387504250457 -0.4091426596479577
/home/ashley/reuse/Git_Scripts/Repos/openjpa/1029/b/DetachManager.java -7.281427135970849 -4.857539753798464 -7.281427135970849 -7.29609429000481 0.014667154033960905
/home/ashley/reuse/Git_Scripts/Repos/openjpa/1029/b/TestProxyCollection.java -6.448313970873163 -4.329729157476239 -6.448313970873163 -6.589175198392237 0.14086122751907393
/home/ashley/reuse/Git_Scripts/Repos/openjpa/1029/b/TestDetachNoProxy.java -6.674047158342956 -4.336132435210843 -6.674047158342956 -6.189180484446245 -0.4848666738967111
/home/ashley/reuse/Git_Scripts/Repos/openjpa/68/b/AnnotationPersistenceMetaDataParser.java -7.599814744569993 -5.04720951063877 -7.599814744569993 -7.512643603791865 -0.08717114077812749
/home/ashley/reuse/Git_Scripts/Repos/openjpa/483/b/H2Dictionary.java -6.4440341931945575 -4.438275205908834 -6.4440341931945575 -7.129569745662063 0.6855355524675053
/home/ashley/reuse/Git_Scripts/Repos/openjpa/2434/b/StoreCollectionFieldStrategy.java -8.02619985949567 -5.289792454673175 -8.02619985949567 -7.757786976755603 -0.26841288274006647
/home/ashley/reuse/Git_Scripts/Repos/openjpa/2550/b/MetamodelImpl.java -7.822021062891589 -5.112900851955597 -7.822021062891589 -7.381218816911693 -0.4408022459798966
/home/ashley/reuse/Git_Scripts/Repos/openjpa/918/b/PCEnhancer.java -6.687396464476934 -4.444162462470126 -6.687396464476934 -6.6243370759573645 -0.06305938851956938
/home/ashley/reuse/Git_Scripts/Repos/openjpa/108/b/DelegatingFetchConfiguration.java -6.395432704286823 -3.8874198790763046 -6.395432704286823 -4.954208432898244 -1.4412242713885792
/home/ashley/reuse/Git_Scripts/Repos/openjpa/108/b/FetchConfigurationImpl.java -7.655969979855776 -4.151105723261288 -7.655969979855776 -4.532973979276894 -3.1229960005788815
/home/ashley/reuse/Git_Scripts/Repos/openjpa/108/b/FetchConfiguration.java -9.785727791027401 -5.674891646847574 -9.785727791027401 -6.743106545077706 -3.0426212459496957
/home/ashley/reuse/Git_Scripts/Repos/openjpa/1934/b/OracleDictionary.java -5.89726741651828 -3.9225986397788786 -5.89726741651828 -5.8563488238499355 -0.04091859266834419
/home/ashley/reuse/Git_Scripts/Repos/openjpa/1551/b/SelectImpl.java -7.532939989737823 -5.021217852473865 -7.532939989737823 -7.529124635517 -0.0038153542208227975
/home/ashley/reuse/Git_Scripts/Repos/openjpa/1551/b/TestSubquery.java -6.2947301396932955 -4.1781614901021005 -6.2947301396932955 -6.212980397619357 -0.08174974207393859
/home/ashley/reuse/Git_Scripts/Repos/openjpa/1435/b/PersistenceProviderImpl.java -7.96333968746712 -4.701577587544855 -7.96333968746712 -5.739268875172432 -2.2240708122946877
/home/ashley/reuse/Git_Scripts/Repos/openjpa/2977/b/MatchesExpression.java -7.312979200069612 -4.4982474424450025 -7.312979200069612 -5.843468013294395 -1.4695111867752173
/home/ashley/reuse/Git_Scripts/Repos/openjpa/148/b/DB2Dictionary.java -5.881853617296967 -3.9132148075189743 -5.881853617296967 -5.845906459972005 -0.03594715732496212
/home/ashley/reuse/Git_Scripts/Repos/openjpa/19/b/Configurations.java -6.178776772090757 -4.031227297816506 -6.178776772090757 -5.799180388890534 -0.37959638320022293
/home/ashley/reuse/Git_Scripts/Repos/openjpa/292/b/PCRegistry.java -7.644483555940647 -5.085222726384911 -7.644483555940647 -7.587700019777671 -0.05678353616297649
/home/ashley/reuse/Git_Scripts/Repos/openjpa/2964/b/DataSourceFactory.java -7.02873200389636 -4.588239153524657 -7.02873200389636 -6.603362055533756 -0.42536994836260433
/home/ashley/reuse/Git_Scripts/Repos/openjpa/116/b/SchemaTool.java -6.835428118399385 -4.5028320042610765 -6.835428118399385 -6.596651911119546 -0.23877620727983917
/home/ashley/reuse/Git_Scripts/Repos/openjpa/1012/b/TestDetachNoProxy.java -6.5434276261735675 -3.57628777166243 -6.5434276261735675 -3.9433901588198323 -2.600037467353735
/home/ashley/reuse/Git_Scripts/Repos/openjpa/2818/b/SchemaTool.java -6.80612028153324 -4.540771458873055 -6.80612028153324 -6.820305609339687 0.014185327806447212
/home/ashley/reuse/Git_Scripts/Repos/openjpa/53/b/DBDictionaryFactory.java -6.162245813623974 -4.107820785397241 -6.162245813623974 -6.160702164873067 -0.0015436487509070673
/home/ashley/reuse/Git_Scripts/Repos/openjpa/2224/b/SelectImpl.java -7.535744517928201 -5.017022033066575 -7.535744517928201 -7.504717508764627 -0.031027009163573815
/home/ashley/reuse/Git_Scripts/Repos/openjpa/2224/b/TestSubquery.java -6.261382135288406 -4.146426391813211 -6.261382135288406 -6.137802224723504 -0.12357991056490203
/home/ashley/reuse/Git_Scripts/Repos/openjpa/170/b/QueryImpl.java -7.104614010807075 -4.253549118230156 -7.104614010807075 -5.298672522507357 -1.8059414882997178
/home/ashley/reuse/Git_Scripts/Repos/openjpa/737/b/ColumnVersionStrategy.java -6.989692390444129 -4.5715236372196895 -6.989692390444129 -6.603799627649566 -0.38589276279456364
/home/ashley/reuse/Git_Scripts/Repos/openjpa/951/b/JDBCStoreManager.java -7.379493962301679 -4.965603641329693 -7.379493962301679 -7.590163018595771 0.21066905629409138
/home/ashley/reuse/Git_Scripts/Repos/openjpa/2772/b/JPQLExpressionBuilder.java -7.813236967131088 -5.04851630704229 -7.813236967131088 -7.133678061725052 -0.6795589054060356
/home/ashley/reuse/Git_Scripts/Repos/openjpa/2772/b/QueryExpressions.java -8.155947072674065 -5.319095916961347 -8.155947072674065 -7.646200380631935 -0.5097466920421301
/home/ashley/reuse/Git_Scripts/Repos/openjpa/1136/b/JDBCStoreManager.java -7.379493962301679 -4.401617936444507 -7.379493962301679 -5.453301228033605 -1.9261927342680742
/home/ashley/reuse/Git_Scripts/Repos/openjpa/983/b/SelectImpl.java -7.530826846928868 -4.990352585115415 -7.530826846928868 -7.396088813014753 -0.13473803391411465
/home/ashley/reuse/Git_Scripts/Repos/openjpa/983/b/TestSubquery.java -6.111700434855826 -3.660483682908302 -6.111700434855826 -4.55328458117862 -1.5584158536772064
/home/ashley/reuse/Git_Scripts/Repos/openjpa/2507/b/PersistenceProviderImpl.java -7.838598898114901 -5.362571369885616 -7.838598898114901 -8.488404420347663 0.6498055222327626
/home/ashley/reuse/Git_Scripts/Repos/openjpa/1555/b/DataCacheStoreManager.java -7.568307952832152 -5.028802386256839 -7.568307952832152 -7.491542280488731 -0.07676567234342091
/home/ashley/reuse/Git_Scripts/Repos/openjpa/1555/b/DelegatingBroker.java -5.740246542706751 -3.763564870339184 -5.740246542706751 -5.464660935855489 -0.2755856068512612
/home/ashley/reuse/Git_Scripts/Repos/openjpa/1609/b/SampleFinderPolicy.java -7.58644790720268 -5.05763193813512 -7.58644790720268 -7.58644790720268 0.0
/home/ashley/reuse/Git_Scripts/Repos/openjpa/1747/b/AbstractLobTest.java -7.548286721187928 -5.106806395507143 -7.548286721187928 -7.890111106537408 0.34182438534948023
/home/ashley/reuse/Git_Scripts/Repos/openjpa/706/b/MappingDefaultsImpl.java -7.797464766589679 -5.175014707290752 -7.797464766589679 -7.691005873672537 -0.10645889291714195
/home/ashley/reuse/Git_Scripts/Repos/openjpa/459/b/ResultSetResult.java -5.970134893708202 -3.8953511723824743 -5.970134893708202 -5.6043846205396255 -0.3657502731685769
/home/ashley/reuse/Git_Scripts/Repos/openjpa/459/b/MappedQueryResultObjectProvider.java -6.886055749770382 -4.513961456138874 -6.886055749770382 -6.5492824467001 -0.33677330307028175
/home/ashley/reuse/Git_Scripts/Repos/openjpa/2944/b/ExpressionFactory.java -14.980287749587477 -9.572769244858339 -14.980287749587477 -13.259579021594321 -1.7207087279931557
/home/ashley/reuse/Git_Scripts/Repos/openjpa/2944/b/JDBCExpressionFactory.java -10.839533971581332 -6.823447643981055 -10.839533971581332 -9.205859264082285 -1.633674707499047
/home/ashley/reuse/Git_Scripts/Repos/openjpa/2944/b/PreparedQueryCacheImpl.java -6.653839925638848 -4.160376728591487 -6.653839925638848 -5.54844889046119 -1.1053910351776581
/home/ashley/reuse/Git_Scripts/Repos/openjpa/2944/b/JPQLExpressionBuilder.java -7.871886219943051 -4.778491480682411 -7.871886219943051 -6.080009893578887 -1.7918763263641644
/home/ashley/reuse/Git_Scripts/Repos/openjpa/2944/b/QueryImpl.java -6.818569861484264 -4.7463107170884316 -6.818569861484264 -7.808639980260387 0.9900701187761234
/home/ashley/reuse/Git_Scripts/Repos/openjpa/2944/b/SelectImpl.java -7.516340447593241 -4.889896323385985 -7.516340447593241 -6.996936500809268 -0.5194039467839735
/home/ashley/reuse/Git_Scripts/Repos/openjpa/2944/b/Parameter.java -8.385076031888412 -5.590050687925608 -8.385076031888412 -8.385076031888412 0.0
/home/ashley/reuse/Git_Scripts/Repos/openjpa/2944/b/EntityManagerImpl.java -6.952561391128501 -4.159116459496686 -6.952561391128501 -5.17525218264893 -1.7773092084795712
/home/ashley/reuse/Git_Scripts/Repos/openjpa/2944/b/FetchConfigurationImpl.java -7.775007654418171 -4.3661083492245005 -7.775007654418171 -4.978201785612794 -2.796805868805377
/home/ashley/reuse/Git_Scripts/Repos/openjpa/2944/b/JDBCStoreManager.java -7.3603003842281645 -4.491557481516174 -7.3603003842281645 -5.761401059008339 -1.5988993252198256
/home/ashley/reuse/Git_Scripts/Repos/openjpa/2944/b/DelegatingResultList.java -5.814898176396339 -3.7900884374501267 -5.814898176396339 -5.439094024199922 -0.37580415219641683
/home/ashley/reuse/Git_Scripts/Repos/openjpa/2944/b/InMemoryExpressionFactory.java -9.090419160271127 -5.98661090570149 -9.090419160271127 -8.764816503982033 -0.32560265628909413
/home/ashley/reuse/Git_Scripts/Repos/openjpa/2944/b/DelegatingBroker.java -5.760905353838251 -3.732145776123672 -5.760905353838251 -5.29893704979973 -0.4619683040385212
/home/ashley/reuse/Git_Scripts/Repos/openjpa/2944/b/AbstractResultList.java -7.3198358740474845 -5.015174678060257 -7.3198358740474845 -7.93938311103583 0.6195472369883452
/home/ashley/reuse/Git_Scripts/Repos/openjpa/545/b/QueryImpl.java -6.440872637027801 -3.737069832151717 -6.440872637027801 -4.451136521709319 -1.9897361153184816
/home/ashley/reuse/Git_Scripts/Repos/openjpa/545/b/JDBCStoreQuery.java -8.06113183635589 -4.435678921178483 -8.06113183635589 -4.930628490293394 -3.130503346062497
/home/ashley/reuse/Git_Scripts/Repos/openjpa/1674/b/Proxies.java -7.550920042277085 -4.58028078820967 -7.550920042277085 -5.808400032520835 -1.7425200097562499
/home/ashley/reuse/Git_Scripts/Repos/openjpa/2590/b/TestSerializedFactory.java -7.414255798467299 -4.905950354209706 -7.414255798467299 -7.250706038206991 -0.16354976026030776
/home/ashley/reuse/Git_Scripts/Repos/openjpa/2650/b/DB2Dictionary.java -6.201909175194069 -3.7964846154160576 -6.201909175194069 -4.894240535235266 -1.307668639958803
/home/ashley/reuse/Git_Scripts/Repos/openjpa/389/b/ApplicationIdTool.java -6.838048528176824 -4.550255246162804 -6.838048528176824 -6.79949469229269 -0.03855383588413375
/home/ashley/reuse/Git_Scripts/Repos/openjpa/389/b/MethodLifecycleCallbacks.java -6.138774792549645 -3.112136524356645 -6.138774792549645 -3.151641783481059 -2.9871330090685864
/home/ashley/reuse/Git_Scripts/Repos/openjpa/389/b/BeanLifecycleCallbacks.java -6.629948851323824 -3.664655272250721 -6.629948851323824 -4.08716846834551 -2.5427803829783135
/home/ashley/reuse/Git_Scripts/Repos/openjpa/389/b/AbstractCFMetaDataFactory.java -6.768154886527698 -4.249582121286622 -6.768154886527698 -5.709946203824237 -1.0582086827034614
/home/ashley/reuse/Git_Scripts/Repos/openjpa/389/b/PCEnhancer.java -6.655484371283522 -4.076213380768702 -6.655484371283522 -5.259077962240002 -1.3964064090435198
/home/ashley/reuse/Git_Scripts/Repos/openjpa/389/b/TCPRemoteCommitProvider.java -6.341224414701252 -4.197398061883609 -6.341224414701252 -6.207742299942728 -0.13348211475852434
/home/ashley/reuse/Git_Scripts/Repos/openjpa/389/b/DynamicStorageGenerator.java -6.958087015409243 -4.617930781489196 -6.958087015409243 -6.862873725317218 -0.0952132900920244
/home/ashley/reuse/Git_Scripts/Repos/openjpa/389/b/PCEnhancerAgent.java -8.573867578708699 -5.152097297863504 -8.573867578708699 -6.454758262380128 -2.1191093163285704
/home/ashley/reuse/Git_Scripts/Repos/openjpa/1265/b/SchemaTool.java -6.859472159353546 -4.475358520495103 -6.859472159353546 -6.438157282880373 -0.4213148764731729
/home/ashley/reuse/Git_Scripts/Repos/openjpa/1265/b/Column.java -6.117264501352302 -4.034142868832 -6.117264501352302 -5.921239306603291 -0.19602519474901126
/home/ashley/reuse/Git_Scripts/Repos/openjpa/1265/b/LocalConstraint.java -6.564016174729691 -4.501227959177087 -6.564016174729691 -7.150275992568387 0.5862598178386964
/home/ashley/reuse/Git_Scripts/Repos/openjpa/1265/b/TableJDBCSeq.java -7.14592870849298 -4.536654211117296 -7.14592870849298 -6.210232661047881 -0.9356960474450995
/home/ashley/reuse/Git_Scripts/Repos/openjpa/1265/b/Table.java -7.2074478750364515 -4.819268677682965 -7.2074478750364515 -7.269946648805736 0.06249877376928481
/home/ashley/reuse/Git_Scripts/Repos/openjpa/1265/b/SchemaGroup.java -7.222131505579146 -4.551001220891814 -7.222131505579146 -6.149537717621847 -1.0725937879572989
/home/ashley/reuse/Git_Scripts/Repos/openjpa/195/b/AbstractBrokerFactory.java -6.95994926570645 -4.256574762501094 -6.95994926570645 -5.477793259853801 -1.4821560058526488
/home/ashley/reuse/Git_Scripts/Repos/openjpa/574/b/DB2Dictionary.java -6.147808292001879 -3.9450225918085042 -6.147808292001879 -5.505129845342187 -0.6426784466596924
/home/ashley/reuse/Git_Scripts/Repos/openjpa/2402/b/ClassMetaData.java -7.093675985736481 -4.722216989887543 -7.093675985736481 -7.062122076609831 -0.031553909126650126
/home/ashley/reuse/Git_Scripts/Repos/openjpa/729/b/AnnotationProcessor6.java -7.6072521084189715 -5.701693880394369 -7.6072521084189715 -11.380975442076496 3.773723333657524
/home/ashley/reuse/Git_Scripts/Repos/openjpa/179/b/TestNativeSeqGenerator.java -8.491563656467298 -4.84019128418636 -8.491563656467298 -5.6281294002166975 -2.8634342562506
/home/ashley/reuse/Git_Scripts/Repos/openjpa/284/b/TestMultipleSchemaNames.java -7.510179479569085 -5.059850763250825 -7.510179479569085 -7.754140723809864 0.24396124424077925
/home/ashley/reuse/Git_Scripts/Repos/openjpa/377/b/TestManualDelimIdResultSetAnnotations.java -8.280331976735829 -5.3694314243441355 -8.280331976735829 -7.624049341142938 -0.6562826355928904
/home/ashley/reuse/Git_Scripts/Repos/openjpa/2406/b/Version.java -8.276852265900049 -5.493710798146722 -8.276852265900049 -8.163618456399137 -0.11323380950091178
/home/ashley/reuse/Git_Scripts/Repos/openjpa/2406/b/VersionStrategy.java -9.832180489189193 -6.23220889275378 -9.832180489189193 -8.465139351654868 -1.3670411375343257
/home/ashley/reuse/Git_Scripts/Repos/openjpa/2406/b/TimestampVersionStrategy.java -6.8516646910705505 -3.335201860203654 -6.8516646910705505 -3.249243049373663 -3.6024216416968877
/home/ashley/reuse/Git_Scripts/Repos/openjpa/2406/b/DBDictionary.java -6.161533265723226 -4.054985606943145 -6.161533265723226 -5.930302266144324 -0.23123099957890236
/home/ashley/reuse/Git_Scripts/Repos/openjpa/2406/b/NumberVersionStrategy.java -7.474929854054367 -4.107104315414487 -7.474929854054367 -4.557884057350224 -2.9170457967041434
/home/ashley/reuse/Git_Scripts/Repos/openjpa/2406/b/SuperclassVersionStrategy.java -8.111750890264586 -5.06198408268449 -8.111750890264586 -6.731916975941229 -1.3798339143233571
/home/ashley/reuse/Git_Scripts/Repos/openjpa/2406/b/FieldMapping.java -8.071985042089356 -5.378535110946586 -8.071985042089356 -8.059450903825242 -0.012534138264113537
/home/ashley/reuse/Git_Scripts/Repos/openjpa/2406/b/JDBCStoreQuery.java -8.031630378788073 -5.224898717631203 -8.031630378788073 -7.475679960320971 -0.555950418467102
/home/ashley/reuse/Git_Scripts/Repos/openjpa/2406/b/QueryResultMapping.java -7.23044799880253 -4.821610668771421 -7.23044799880253 -7.233400407131972 0.00295240832944188
/home/ashley/reuse/Git_Scripts/Repos/openjpa/2406/b/AbstractVersionStrategy.java -9.25081816861992 -5.945124141606154 -9.25081816861992 -8.318565174883028 -0.932252993736892
/home/ashley/reuse/Git_Scripts/Repos/openjpa/3001/b/DBDictionary.java -6.161533265723226 -3.9555600130564126 -6.161533265723226 -5.523900227112925 -0.6376330386103009
/home/ashley/reuse/Git_Scripts/Repos/openjpa/3001/b/HSQLDictionary.java -6.678519414711206 -4.454029583194922 -6.678519414711206 -6.6861000269867015 0.007580612275495113
/home/ashley/reuse/Git_Scripts/Repos/openjpa/3001/b/TableJDBCSeq.java -7.145928708492981 -4.534568872477389 -7.145928708492981 -6.2024235033477275 -0.9435052051452537
/home/ashley/reuse/Git_Scripts/Repos/openjpa/3033/b/TestEmbeddable.java -7.916070640488256 -5.093464639377197 -7.916070640488256 -7.142375853071192 -0.7736947874170639
/home/ashley/reuse/Git_Scripts/Repos/openjpa/2579/b/DetachManager.java -7.2982364372832205 -4.890152537604094 -7.2982364372832205 -7.410350079283112 0.11211364199989138
/home/ashley/reuse/Git_Scripts/Repos/openjpa/2579/b/PCEnhancer.java -6.655484371283522 -4.42441756714143 -6.655484371283522 -6.599229103196914 -0.0562552680866073
/home/ashley/reuse/Git_Scripts/Repos/openjpa/2579/b/BrokerImpl.java -6.989281470732304 -4.633357894768884 -6.989281470732304 -6.872552185163735 -0.1167292855685691
/home/ashley/reuse/Git_Scripts/Repos/openjpa/309/b/ClassMapping.java -7.956439253061009 -5.088295335992134 -7.956439253061009 -7.057650158613517 -0.8987890944474923
/home/ashley/reuse/Git_Scripts/Repos/openjpa/2012/b/TestDataCacheBehavesIdentical.java -7.311721144858957 -4.874480763239305 -7.311721144858957 -7.311721144858957 0.0
/home/ashley/reuse/Git_Scripts/Repos/openjpa/2012/b/TestDefaultInheritanceStrategy.java -7.515331055522974 -5.010220703681983 -7.515331055522974 -7.515331055522974 0.0
/home/ashley/reuse/Git_Scripts/Repos/openjpa/2858/b/AbstractBrokerFactory.java -6.973225410488206 -4.3143586913335925 -6.973225410488206 -5.655860403281419 -1.3173650072067877
/home/ashley/reuse/Git_Scripts/Repos/openjpa/2858/b/BrokerImpl.java -6.9707822894109706 -4.723933264838222 -6.9707822894109706 -7.32759603909538 0.3568137496844095
/home/ashley/reuse/Git_Scripts/Repos/openjpa/386/b/PersistenceMetaDataDefaults.java -7.336115072015651 -4.494580871431336 -7.336115072015651 -5.801929546813189 -1.5341855252024619
/home/ashley/reuse/Git_Scripts/Repos/openjpa/2589/b/StateManagerImpl.java -6.874268733348866 -4.582436858657507 -6.874268733348866 -6.872428725657927 -0.0018400076909390606
/home/ashley/reuse/Git_Scripts/Repos/openjpa/265/b/DBDictionary.java -6.161533265723226 -4.075674309019385 -6.161533265723226 -6.019366203935506 -0.14216706178772043
/home/ashley/reuse/Git_Scripts/Repos/openjpa/2456/b/MultiColumnVersionPC.java -6.552557514688569 -4.26281622702788 -6.552557514688569 -6.067182883970897 -0.48537463071767206
/home/ashley/reuse/Git_Scripts/Repos/openjpa/2456/b/ColumnVersionStrategy.java -6.988715087354702 -4.65043027064031 -6.988715087354702 -6.949652147333919 -0.039062940020783365
/home/ashley/reuse/Git_Scripts/Repos/openjpa/2456/b/TestMultiColumnVersion.java -7.028774935178292 -3.86403967024689 -7.028774935178292 -4.290953730588683 -2.7378212045896095
/home/ashley/reuse/Git_Scripts/Repos/openjpa/2456/b/AnnotationPersistenceMappingParser.java -7.825545933142897 -5.215301775410833 -7.825545933142897 -7.817771275875504 -0.007774657267392904
/home/ashley/reuse/Git_Scripts/Repos/openjpa/2630/b/MethodLifecycleCallbacks.java -5.7067745428835845 -3.626915204419826 -5.7067745428835845 -4.9758142233475695 -0.730960319536015
/home/ashley/reuse/Git_Scripts/Repos/openjpa/1949/b/PCClassFileTransformer.java -6.973216008294554 -4.638834683629424 -6.973216008294554 -6.922176915827622 -0.05103909246693217
/home/ashley/reuse/Git_Scripts/Repos/openjpa/1949/b/AsmAdaptor.java -6.601059720283039 -4.43185404880479 -6.601059720283039 -6.743236391181442 0.14217667089840358
/home/ashley/reuse/Git_Scripts/Repos/openjpa/364/b/DBDictionary.java -6.208723442611971 -3.969471366184841 -6.208723442611971 -5.502799013826891 -0.7059244287850799
/home/ashley/reuse/Git_Scripts/Repos/openjpa/364/b/TableJDBCSeq.java -7.032345490745902 -4.364856781670773 -7.032345490745902 -5.7520933417492195 -1.2802521489966825
/home/ashley/reuse/Git_Scripts/Repos/openjpa/1508/b/SQLBuffer.java -7.142851488248135 -4.752889067501976 -7.142851488248135 -7.09977360516786 -0.04307788308027494
/home/ashley/reuse/Git_Scripts/Repos/openjpa/2861/b/AbstractSQLServerDictionary.java -6.550849358696314 -4.499573296882317 -6.550849358696314 -7.174283045834323 0.6234336871380091
/home/ashley/reuse/Git_Scripts/Repos/openjpa/2861/b/MySQLDictionary.java -6.2099825784330855 -2.338078547106629 -6.2099825784330855 -1.8742772780291181 -4.335705300403967
/home/ashley/reuse/Git_Scripts/Repos/openjpa/2861/b/OracleDictionary.java -5.89726741651828 -3.500421323096224 -5.89726741651828 -4.306267446506878 -1.590999970011402
/home/ashley/reuse/Git_Scripts/Repos/openjpa/1715/b/DataCacheManagerImpl.java -7.821166658482024 -5.3356521570685445 -7.821166658482024 -8.39484636448315 0.5736797060011263
/home/ashley/reuse/Git_Scripts/Repos/openjpa/1715/b/TestCacheExclusions.java -6.877033295525111 -4.573706377293922 -6.877033295525111 -6.827847751798989 -0.04918554372612238
/home/ashley/reuse/Git_Scripts/Repos/openjpa/2935/b/JPQLExpressionBuilder.java -7.816037311908967 -5.1065402403089335 -7.816037311908967 -7.365372244054415 -0.45066506785455207
/home/ashley/reuse/Git_Scripts/Repos/openjpa/66/b/PostgresDictionary.java -6.408185696465125 -3.6743873634430444 -6.408185696465125 -4.305425430809902 -2.102760265655223
/home/ashley/reuse/Git_Scripts/Repos/openjpa/66/b/AbstractLobTest.java -7.575275894815321 -5.139345559081083 -7.575275894815321 -7.986931803856963 0.4116559090416425
/home/ashley/reuse/Git_Scripts/Repos/openjpa/1789/b/PostgresDictionary.java -6.001176596415499 -2.6140917333925016 -6.001176596415499 -2.315227496612661 -3.6859490998028384
/home/ashley/reuse/Git_Scripts/Repos/openjpa/2751/b/AbstractCriteriaTestCase.java -6.522607645904504 -4.356952007802555 -6.522607645904504 -6.561220532697199 0.03861288679269492
/home/ashley/reuse/Git_Scripts/Repos/openjpa/793/b/TestOptimizeForClause.java -7.508682083993903 -5.0393839489891965 -7.508682083993903 -7.661920493871329 0.1532384098774262
/home/ashley/reuse/Git_Scripts/Repos/openjpa/1017/b/AuditLogger.java -7.344293904172244 -4.89619593611483 -7.344293904172244 -7.344293904172244 0.0
/home/ashley/reuse/Git_Scripts/Repos/openjpa/1106/b/TestClassHierarchyEnhancement.java -6.6798324793568655 -4.453221652904577 -6.6798324793568655 -6.6798324793568655 0.0
/home/ashley/reuse/Git_Scripts/Repos/openjpa/3044/b/TestNoSchemaManualDelimitedJoinAnnotations.java -8.391571823799856 -5.573082810222409 -8.391571823799856 -8.296453251489782 -0.09511857231007426
/home/ashley/reuse/Git_Scripts/Repos/openjpa/3044/b/TestNoSchemaManualDelimId.java -7.4556199241380865 -4.9481244339571155 -7.4556199241380865 -7.343971705640178 -0.1116482184979084
/home/ashley/reuse/Git_Scripts/Repos/openjpa/3044/b/TestNoSchemaManualDelimIdSeqGen.java -8.420139550567823 -5.687148664548624 -8.420139550567823 -8.760838838741087 0.3406992881732638
/home/ashley/reuse/Git_Scripts/Repos/openjpa/2165/b/SingleFieldManager.java -6.929490987395018 -4.578100596114223 -6.929490987395018 -6.745776230479822 -0.18371475691519557
/home/ashley/reuse/Git_Scripts/Repos/openjpa/2891/b/EntityB.java -8.055069847541535 -5.345299806663507 -8.055069847541535 -7.917611317720007 -0.1374585298215285
/home/ashley/reuse/Git_Scripts/Repos/openjpa/2891/b/EntityC.java -9.470342767516145 -6.254831037150198 -9.470342767516145 -9.148222265219678 -0.3221205022964675
/home/ashley/reuse/Git_Scripts/Repos/openjpa/2891/b/EntityA.java -7.081179103127532 -4.694039405472641 -7.081179103127532 -6.93303728088637 -0.14814182224116212
/home/ashley/reuse/Git_Scripts/Repos/openjpa/3014/b/Column.java -6.235882860709149 -4.109667188709186 -6.235882860709149 -6.026529557367219 -0.20935330334193036
/home/ashley/reuse/Git_Scripts/Repos/openjpa/3014/b/PrimaryRow.java -7.728406841465347 -5.1414289060365705 -7.728406841465347 -7.679820880601147 -0.04858596086419986
/home/ashley/reuse/Git_Scripts/Repos/openjpa/1628/b/DistributedJDBCConfiguration.java -9.461020509770679 -6.842345190102009 -9.461020509770679 -12.360365504700402 2.8993449949297236
/home/ashley/reuse/Git_Scripts/Repos/openjpa/1628/b/DistributedStoreQuery.java -8.40933172204073 -5.204544643794877 -8.40933172204073 -6.82440291909703 -1.5849288029436996
/home/ashley/reuse/Git_Scripts/Repos/openjpa/1628/b/TestBasic.java -7.743364169936843 -3.979561771546489 -7.743364169936843 -4.09362564397935 -3.649738525957493
/home/ashley/reuse/Git_Scripts/Repos/openjpa/1628/b/DistributedJDBCConfigurationImpl.java -7.227360170596494 -4.7652924201735125 -7.227360170596494 -6.991469138681627 -0.2358910319148677
/home/ashley/reuse/Git_Scripts/Repos/openjpa/1628/b/DistributedStoreManager.java -8.381892915177518 -5.240618716298639 -8.381892915177518 -6.989336260491214 -1.3925566546863042
/home/ashley/reuse/Git_Scripts/Repos/openjpa/1791/b/DB2Dictionary.java -5.316975056960719 -2.857064510037729 -5.316975056960719 -3.0877018587119127 -2.2292731982488063
/home/ashley/reuse/Git_Scripts/Repos/openjpa/2524/b/AnnotationProcessor6.java -7.6072521084189715 -5.771018840869565 -7.6072521084189715 -11.954253313229811 4.34700120481084
/home/ashley/reuse/Git_Scripts/Repos/openjpa/2299/b/MappingInfo.java -7.324684825178445 -4.863054140186252 -7.324684825178445 -7.23433421326216 -0.09035061191628468
/home/ashley/reuse/Git_Scripts/Repos/openjpa/2299/b/ClassMappingInfo.java -7.248405764854234 -4.561168719485046 -7.248405764854234 -6.151523122562134 -1.0968826422921003
/home/ashley/reuse/Git_Scripts/Repos/openjpa/2299/b/Unique.java -7.425635107013004 -2.350315699008703 -7.425635107013004 -1.7193584643754942 -5.70627664263751
/home/ashley/reuse/Git_Scripts/Repos/openjpa/1640/b/DBDictionary.java -6.269568543149564 -4.1401264728020175 -6.269568543149564 -6.094504205319012 -0.17506433783055186
/home/ashley/reuse/Git_Scripts/Repos/openjpa/1640/b/ForeignKey.java -6.902395707843958 -4.25743096222327 -6.902395707843958 -5.553807703976681 -1.3485880038672766
/home/ashley/reuse/Git_Scripts/Repos/openjpa/2174/b/FieldMapping.java -8.07265320612227 -5.294304262923688 -8.07265320612227 -7.689958941056439 -0.3826942650658314
/home/ashley/reuse/Git_Scripts/Repos/openjpa/2498/b/TestVersion.java -7.012002334630753 -4.6759201428041175 -7.012002334630753 -7.012002334630753 0.0
/home/ashley/reuse/Git_Scripts/Repos/openjpa/2823/b/DB2Dictionary.java -4.337579437599235 -1.8749904977960743 -4.337579437599235 -1.6512947202597859 -2.686284717339449
/home/ashley/reuse/Git_Scripts/Repos/openjpa/2467/b/DerbyDictionary.java -4.961057834495749 -2.0538085580569816 -4.961057834495749 -1.7523545572920547 -3.2087032772036945
/home/ashley/reuse/Git_Scripts/Repos/openjpa/2467/b/DBDictionary.java -6.161533265723226 -3.62650794810053 -6.161533265723226 -4.407224102516206 -1.7543091632070196
/home/ashley/reuse/Git_Scripts/Repos/openjpa/2467/b/Column.java -6.117264501352303 -3.690811560846299 -6.117264501352303 -4.651129425241601 -1.4661350761107022
/home/ashley/reuse/Git_Scripts/Repos/openjpa/2467/b/LocalConstraint.java -6.564016174729689 -4.281970436810294 -6.564016174729689 -6.1582734166763435 -0.4057427580533455
/home/ashley/reuse/Git_Scripts/Repos/openjpa/2467/b/ForeignKey.java -7.073358566966 -3.9507402278841695 -7.073358566966 -4.474610599542337 -2.5987479674236633
/home/ashley/reuse/Git_Scripts/Repos/openjpa/2467/b/DB2Dictionary.java -3.585916488070089 -0.8114192858283956 -3.585916488070089 -0.5242645877969832 -3.0616519002731057
/home/ashley/reuse/Git_Scripts/Repos/openjpa/2467/b/RowImpl.java -6.855523018453129 -4.525491078361936 -6.855523018453129 -6.656177020185054 -0.19934599826807453
/home/ashley/reuse/Git_Scripts/Repos/openjpa/2467/b/Unique.java -7.425635107013004 -3.393171009164883 -7.425635107013004 -3.1242001364871785 -4.3014349705258255
/home/ashley/reuse/Git_Scripts/Repos/openjpa/2812/b/MetaDataRepository.java -6.77932699897797 -4.521350414786104 -6.77932699897797 -6.787429319106508 0.008102320128537954
/home/ashley/reuse/Git_Scripts/Repos/openjpa/1126/b/PersistenceTestCase.java -6.369253741716245 -4.112351859720394 -6.369253741716245 -5.802780501608448 -0.566473240107797
/home/ashley/reuse/Git_Scripts/Repos/openjpa/2364/b/FieldMetaData.java -6.805145616090363 -4.320727375295468 -6.805145616090363 -5.917517927035099 -0.8876276890552646
/home/ashley/reuse/Git_Scripts/Repos/openjpa/2246/b/XMLFactory.java -7.896678319237001 -5.5847920145235275 -7.896678319237001 -9.537948714999985 1.6412703957629837
/home/ashley/reuse/Git_Scripts/Repos/openjpa/2246/b/TestXMLWriter.java -5.991982610314095 -3.806066207409812 -5.991982610314095 -5.216549566626389 -0.7754330436877064
/home/ashley/reuse/Git_Scripts/Repos/openjpa/3102/b/ProductDerivations.java -6.0654172448941965 -2.973295523618139 -6.0654172448941965 -2.9149209636153928 -3.1504962812788038
/home/ashley/reuse/Git_Scripts/Repos/openjpa/980/b/QueryCacheStoreQuery.java -7.5589564478283595 -4.9021956624185705 -7.5589564478283595 -6.9738088040243875 -0.585147643803972
/home/ashley/reuse/Git_Scripts/Repos/openjpa/2795/b/QueryImpl.java -6.517034667762889 -4.3353930100809706 -6.517034667762889 -6.4753774859377 -0.041657181825189404
/home/ashley/reuse/Git_Scripts/Repos/openjpa/2795/b/EntityManagerImpl.java -6.81567435440272 -4.54093770387257 -6.81567435440272 -6.802886972874759 -0.012787381527960662
/home/ashley/reuse/Git_Scripts/Repos/openjpa/2795/b/ExtentImpl.java -7.149395900056811 -4.766263933371207 -7.149395900056811 -7.149395900056811 0.0
/home/ashley/reuse/Git_Scripts/Repos/openjpa/451/b/TestPersistentMapTableConfiguration.java -7.574268599127642 -5.049512399418428 -7.574268599127642 -7.574268599127642 0.0
/home/ashley/reuse/Git_Scripts/Repos/openjpa/1064/b/PCEnhancer.java -6.683299466148633 -4.426876591225456 -6.683299466148633 -6.555724331099438 -0.12757513504919515
/home/ashley/reuse/Git_Scripts/Repos/openjpa/1852/b/ConstPath.java -8.32778497200682 -5.5298120125665315 -8.32778497200682 -8.229365695064919 -0.09841927694190034
/home/ashley/reuse/Git_Scripts/Repos/openjpa/1852/b/CandidatePath.java -7.8589164322596 -5.200753521348265 -7.8589164322596 -7.688070422862652 -0.17084600939694816
/home/ashley/reuse/Git_Scripts/Repos/openjpa/1852/b/DBDictionary.java -6.294726390461805 -4.186458568439634 -6.294726390461805 -6.249825320593159 -0.04490106986864628
/home/ashley/reuse/Git_Scripts/Repos/openjpa/1852/b/JPQLExpressionBuilder.java -7.872196611975926 -5.229604570558275 -7.872196611975926 -7.788781764756897 -0.08341484721902859
/home/ashley/reuse/Git_Scripts/Repos/openjpa/1852/b/AbstractExpressionBuilder.java -7.374425846041075 -4.907473352741791 -7.374425846041075 -7.3349199932944265 -0.03950585274664853
/home/ashley/reuse/Git_Scripts/Repos/openjpa/1852/b/SelectImpl.java -7.567840695473978 -5.048536561034461 -7.567840695473978 -7.582752696844371 0.014912001370392503
/home/ashley/reuse/Git_Scripts/Repos/openjpa/1852/b/Subquery.java -8.562624328275417 -5.112014524343532 -8.562624328275417 -6.3426846876114205 -2.2199396406639966
/home/ashley/reuse/Git_Scripts/Repos/openjpa/1852/b/SubQ.java -8.366278319412515 -5.262182123164055 -8.366278319412515 -7.057808250499657 -1.3084700689128583
/home/ashley/reuse/Git_Scripts/Repos/openjpa/1852/b/PCPath.java -8.530359731371187 -5.659557015711609 -8.530359731371187 -8.408459592308411 -0.12190013906277564
/home/ashley/reuse/Git_Scripts/Repos/openjpa/1852/b/Path.java -10.293982167430887 -6.678833668154563 -10.293982167430887 -9.508847934321752 -0.7851342331091349
/home/ashley/reuse/Git_Scripts/Repos/openjpa/1852/b/Join.java -8.660318798654048 -5.732137237633724 -8.660318798654048 -8.476615066561386 -0.18370373209266155
/home/ashley/reuse/Git_Scripts/Repos/openjpa/2567/b/SelectImpl.java -7.567840695473978 -5.039033627823577 -7.567840695473978 -7.539576550343022 -0.02826414513095621
/home/ashley/reuse/Git_Scripts/Repos/openjpa/2477/b/TestMultipleSchemaNames.java -7.4164370818417495 -4.997196230295614 -7.4164370818417495 -7.659715113507259 0.24327803166550943
/home/ashley/reuse/Git_Scripts/Repos/openjpa/739/b/DetachedStateManager.java -6.814736450281286 -4.550367004679336 -6.814736450281286 -6.8458604282564135 0.03112397797512756
/home/ashley/reuse/Git_Scripts/Repos/openjpa/739/b/CollectionChangeTrackerImpl.java -7.5705838517452 -5.047055901163467 -7.5705838517452 -7.5705838517452 0.0
/home/ashley/reuse/Git_Scripts/Repos/openjpa/739/b/DelayedCollectionChangeTrackerImpl.java -7.004223963037767 -4.677239257709605 -7.004223963037767 -7.004223963037767 0.0
/home/ashley/reuse/Git_Scripts/Repos/openjpa/739/b/JDBCStoreManager.java -7.116928936000904 -4.726887382351176 -7.116928936000904 -7.037034312790259 -0.07989462321064522
/home/ashley/reuse/Git_Scripts/Repos/openjpa/739/b/ProxyCollections.java -7.3258776641779875 -4.876444963913427 -7.3258776641779875 -7.2923496199483395 -0.033528044229647946
/home/ashley/reuse/Git_Scripts/Repos/openjpa/739/b/ObjectIdStateManager.java -6.865605917283681 -4.577517678392109 -6.865605917283681 -6.865605917283681 0.0
/home/ashley/reuse/Git_Scripts/Repos/openjpa/1255/b/QueryImpl.java -7.0479644962261645 -4.582581254773151 -7.0479644962261645 -6.5502736940966315 -0.497690802129533
/home/ashley/reuse/Git_Scripts/Repos/openjpa/1255/b/QueryCompilationCacheValue.java -7.41586061656422 -4.587485869781587 -7.41586061656422 -5.9958022006263905 -1.420058415937829
/home/ashley/reuse/Git_Scripts/Repos/openjpa/2868/b/JDBCStoreManager.java -7.31176416638574 -4.872098274013126 -7.31176416638574 -7.299940804305613 -0.011823362080127353
/home/ashley/reuse/Git_Scripts/Repos/openjpa/725/b/PCDataGenerator.java -6.958001836111141 -4.626719044492919 -6.958001836111141 -6.904507621832972 -0.05349421427816825
/home/ashley/reuse/Git_Scripts/Repos/openjpa/233/b/AbstractBrokerFactory.java -6.95994926570645 -4.490606363634847 -6.95994926570645 -6.326388839334628 -0.6335604263718215
/home/ashley/reuse/Git_Scripts/Repos/openjpa/233/b/LifecycleEventManager.java -7.415880943298548 -5.024197055650192 -7.415880943298548 -7.786546287219059 0.37066534392051054
/home/ashley/reuse/Git_Scripts/Repos/openjpa/233/b/AbstractLifecycleListener.java -8.686675504155708 -5.067227377424163 -8.686675504155708 -6.080672852908996 -2.6060026512467127
/home/ashley/reuse/Git_Scripts/Repos/openjpa/1515/b/OpenJPAConfiguration.java -8.158158468581851 -5.124216451037108 -8.158158468581851 -6.886535773729769 -1.2716226948520815
/home/ashley/reuse/Git_Scripts/Repos/openjpa/1515/b/OpenJPAConfigurationImpl.java -7.557095438053822 -4.6630537559243805 -7.557095438053822 -6.088223000362396 -1.4688724376914264
/home/ashley/reuse/Git_Scripts/Repos/openjpa/164/b/AnnotationProcessor6.java -7.1636059689415275 -4.7792644450594635 -7.1636059689415275 -7.174195186929616 0.010589217988088429
/home/ashley/reuse/Git_Scripts/Repos/openjpa/164/b/SourceAnnotationHandler.java -7.977217535607317 -5.3235683819104915 -7.977217535607317 -8.00167252498686 0.024454989379543157
/home/ashley/reuse/Git_Scripts/Repos/openjpa/330/b/PCPath.java -8.561580633254707 -5.321986539796378 -8.561580633254707 -7.031425796673013 -1.5301548365816933
/home/ashley/reuse/Git_Scripts/Repos/openjpa/365/b/JDBCStoreManager.java -7.379493962301679 -4.644098736436748 -7.379493962301679 -6.264377860612686 -1.1151161016889937
/home/ashley/reuse/Git_Scripts/Repos/openjpa/2821/b/TestMappedById.java -8.227506877611768 -5.356823735430706 -8.227506877611768 -7.6764487654190345 -0.5510581121927336
/home/ashley/reuse/Git_Scripts/Repos/openjpa/875/b/AttachStrategy.java -6.762362888359058 -4.3799987198124315 -6.762362888359058 -6.2144036477934845 -0.5479592405655733
/home/ashley/reuse/Git_Scripts/Repos/openjpa/912/b/BrokerFactory.java -7.42978861156958 -4.30712383279396 -7.42978861156958 -5.123992145910055 -2.305796465659525
/home/ashley/reuse/Git_Scripts/Repos/openjpa/912/b/AbstractBrokerFactory.java -6.9599492657064514 -4.16837964746563 -6.9599492657064514 -5.196307961835213 -1.7636413038712382
/home/ashley/reuse/Git_Scripts/Repos/openjpa/912/b/DelegatingBrokerFactory.java -6.578313555265281 -3.980787270360342 -6.578313555265281 -5.0407318327093 -1.5375817225559816
/home/ashley/reuse/Git_Scripts/Repos/openjpa/99/b/DistributedStoreQuery.java -8.04524903328776 -5.749657072893774 -8.04524903328776 -10.075271173082463 2.0300221397947027
/home/ashley/reuse/Git_Scripts/Repos/openjpa/1359/b/TestConstraints.java -7.092733883987386 -4.7340420884690015 -7.092733883987386 -7.117780456290392 0.025046572303005554
/home/ashley/reuse/Git_Scripts/Repos/openjpa/1493/b/JPQLExpressionBuilder.java -7.8283794339562185 -4.755707850200845 -7.8283794339562185 -6.058162174773509 -1.7702172591827097
/home/ashley/reuse/Git_Scripts/Repos/openjpa/1493/b/QueryExpressions.java -8.208120051053315 -5.2805572328443 -8.208120051053315 -7.402650326417243 -0.8054697246360725
/home/ashley/reuse/Git_Scripts/Repos/openjpa/669/b/JDBCExpressionFactory.java -11.234429242370773 -7.041609448659136 -11.234429242370773 -9.430685399690828 -1.8037438426799444
/home/ashley/reuse/Git_Scripts/Repos/openjpa/669/b/CandidatePath.java -7.944059910564524 -5.110213977556127 -7.944059910564524 -7.154299568578577 -0.7897603419859474
/home/ashley/reuse/Git_Scripts/Repos/openjpa/669/b/Value.java -8.572290368349186 -4.748678837143075 -8.572290368349186 -5.323115793249092 -3.2491745751000947
/home/ashley/reuse/Git_Scripts/Repos/openjpa/669/b/AbstractVal.java -8.518406561412018 -5.039057402525419 -8.518406561412018 -6.155235708891265 -2.363170852520753
/home/ashley/reuse/Git_Scripts/Repos/openjpa/669/b/PCPath.java -7.983529755535044 -4.23123529333497 -7.983529755535044 -4.501271582934823 -3.482258172600221
/home/ashley/reuse/Git_Scripts/Repos/openjpa/669/b/Val.java -6.644528944545028 -4.166183743364246 -6.644528944545028 -5.572830727682927 -1.0716982168621012
/home/ashley/reuse/Git_Scripts/Repos/openjpa/669/b/SelectConstructor.java -7.514050431541085 -4.826525060526556 -7.514050431541085 -6.747239134007302 -0.7668112975337831
/home/ashley/reuse/Git_Scripts/Repos/openjpa/2817/b/StateManagerImpl.java -6.8813985726726985 -4.4531712378732315 -6.8813985726726985 -6.309552069267035 -0.5718465034056637
/home/ashley/reuse/Git_Scripts/Repos/openjpa/2109/b/Compatibility.java -7.345456779432389 -4.569754217619228 -7.345456779432389 -6.046565031849832 -1.298891747582557
/home/ashley/reuse/Git_Scripts/Repos/openjpa/2109/b/FieldMetaData.java -6.820398793005315 -4.484234488364212 -6.820398793005315 -6.545829724226231 -0.2745690687790834
/home/ashley/reuse/Git_Scripts/Repos/openjpa/1361/b/DiscriminatorMappingInfo.java -7.488725779206045 -5.112027906097633 -7.488725779206045 -8.043446207295382 0.554720428089337
/home/ashley/reuse/Git_Scripts/Repos/openjpa/2743/b/Reflection.java -5.452466992292602 -3.4415479287909996 -5.452466992292602 -4.664302078951524 -0.7881649133410784
/home/ashley/reuse/Git_Scripts/Repos/openjpa/2644/b/DBDictionary.java -6.270742381441521 -4.104604743326465 -6.270742381441521 -5.940958954801236 -0.3297834266402857
/home/ashley/reuse/Git_Scripts/Repos/openjpa/1829/b/BrokerImpl.java -6.968334093727797 -4.632712203868275 -6.968334093727797 -6.910554549039192 -0.05777954468860447
/home/ashley/reuse/Git_Scripts/Repos/openjpa/2214/b/QueryCacheStoreQuery.java -7.495253189294426 -4.911587610482524 -7.495253189294426 -7.124295226880108 -0.37095796241431866
/home/ashley/reuse/Git_Scripts/Repos/openjpa/879/b/JDBCConfigurationImpl.java -7.304744797203549 -4.943963549654046 -7.304744797203549 -7.648822196971071 0.3440773997675217
/home/ashley/reuse/Git_Scripts/Repos/openjpa/1473/b/EntityManagerImpl.java -6.962079939427407 -4.47500678670845 -6.962079939427407 -6.263457700165403 -0.6986222392620043
/home/ashley/reuse/Git_Scripts/Repos/openjpa/1473/b/JDBCStoreManager.java -7.39541393857585 -4.766877850040075 -7.39541393857585 -6.7058304904827315 -0.6895834480931189
/home/ashley/reuse/Git_Scripts/Repos/openjpa/1165/b/SchemaTool.java -6.859472159353546 -4.572521797249243 -6.859472159353546 -6.8563706647826255 -0.003101494570920238
/home/ashley/reuse/Git_Scripts/Repos/openjpa/1165/b/DBDictionary.java -6.161533265723226 -4.095706087561647 -6.161533265723226 -6.107601574602211 -0.053931691121015035
/home/ashley/reuse/Git_Scripts/Repos/openjpa/228/b/PersistenceProviderImpl.java -7.721678352296321 -5.149033818820292 -7.721678352296321 -7.721678352296321 0.0
/home/ashley/reuse/Git_Scripts/Repos/openjpa/1728/b/TestSecondaryTable.java -7.945322493253263 -5.312279573977472 -7.945322493253263 -7.945322493253263 0.0
/home/ashley/reuse/Git_Scripts/Repos/openjpa/2872/b/MaxEmbeddedClobFieldStrategy.java -7.530640473317988 -4.923393519530585 -7.530640473317988 -7.110240641069654 -0.420399832248334
/home/ashley/reuse/Git_Scripts/Repos/openjpa/2872/b/MaxEmbeddedBlobFieldStrategy.java -6.931843216011602 -4.559983609569078 -6.931843216011602 -6.65164568706913 -0.2801975289424723
/home/ashley/reuse/Git_Scripts/Repos/openjpa/2872/b/MaxEmbeddedByteArrayFieldStrategy.java -7.474493287791891 -4.927483779501076 -7.474493287791891 -7.21625743523862 -0.25823585255327064
/home/ashley/reuse/Git_Scripts/Repos/openjpa/2872/b/OracleDictionary.java -5.89726741651828 -3.571961725859751 -5.89726741651828 -4.529471884833674 -1.3677955316846058
/home/ashley/reuse/Git_Scripts/Repos/openjpa/1372/b/JDBCConfigurationImpl.java -7.107929968221674 -4.401694941229471 -7.107929968221674 -5.780528866058618 -1.3274011021630558
/home/ashley/reuse/Git_Scripts/Repos/openjpa/1306/b/Compatibility.java -7.480406285089385 -2.6466986855995964 -7.480406285089385 -2.0479498475028577 -5.432456437586527
/home/ashley/reuse/Git_Scripts/Repos/openjpa/1306/b/BrokerImpl.java -6.989281470732304 -4.524480033011913 -6.989281470732304 -6.414627020027172 -0.5746544507051317
/home/ashley/reuse/Git_Scripts/Repos/openjpa/1306/b/SingleFieldManager.java -6.929712660672076 -4.472805895092963 -6.929712660672076 -6.306561164402009 -0.6231514962700668
/home/ashley/reuse/Git_Scripts/Repos/openjpa/1944/b/PostgresDictionary.java -6.001176596415498 -3.9476094151104477 -6.001176596415498 -5.764531308571634 -0.23664528784386452
/home/ashley/reuse/Git_Scripts/Repos/openjpa/2680/b/AnnotationProcessor6.java -7.1636059689415275 -4.2002103366143535 -7.1636059689415275 -5.076718665227913 -2.086887303713614
/home/ashley/reuse/Git_Scripts/Repos/openjpa/2680/b/SourceAnnotationHandler.java -7.977217535607315 -5.034031972325388 -7.977217535607315 -6.822126444460831 -1.1550910911464847
/home/ashley/reuse/Git_Scripts/Repos/openjpa/1980/b/DataCacheStoreManager.java -7.314218651419711 -4.793649041635396 -7.314218651419711 -6.955133691326634 -0.3590849600930772
/home/ashley/reuse/Git_Scripts/Repos/openjpa/1785/b/JDBCStoreManager.java -7.379493962301679 -4.417439711916989 -7.379493962301679 -5.5026793784565955 -1.8768145838450838
/home/ashley/reuse/Git_Scripts/Repos/openjpa/1785/b/JDBCConfigurationImpl.java -7.304744797203549 -4.625411138153107 -7.304744797203549 -6.305196038616103 -0.9995487585874461
/home/ashley/reuse/Git_Scripts/Repos/openjpa/2339/b/JPQLExpressionBuilder.java -7.888770628175797 -4.816209492822224 -7.888770628175797 -6.182319679609035 -1.7064509485667614
/home/ashley/reuse/Git_Scripts/Repos/openjpa/2339/b/TestEntityTypeExpression.java -7.0056932698227605 -4.340017223422234 -7.0056932698227605 -5.698852169746093 -1.3068411000766673
/home/ashley/reuse/Git_Scripts/Repos/openjpa/2311/b/DB2Dictionary.java -6.191945147442399 -4.059588792646319 -6.191945147442399 -5.892836977478515 -0.29910816996388423
/home/ashley/reuse/Git_Scripts/Repos/openjpa/1721/b/DepthFirstAnalysis.java -7.294479847343289 -3.8451521675918108 -7.294479847343289 -4.065775652617571 -3.228704194725718
/home/ashley/reuse/Git_Scripts/Repos/openjpa/1721/b/Edge.java -7.167195910160368 -4.441805879597768 -7.167195910160368 -5.840502199130683 -1.3266937110296846
/home/ashley/reuse/Git_Scripts/Repos/openjpa/1721/b/TestDepthFirstAnalysis.java -7.145725127548042 -2.956851776916431 -7.145725127548042 -2.519840840137944 -4.6258842874100985
/home/ashley/reuse/Git_Scripts/Repos/openjpa/1721/b/Graph.java -6.687585635348402 -4.458390423565602 -6.687585635348402 -6.687585635348402 0.0
/home/ashley/reuse/Git_Scripts/Repos/openjpa/1654/b/Employee.java -9.46786902564227 -5.025253559763974 -9.46786902564227 -5.354778383355055 -4.113090642287216
/home/ashley/reuse/Git_Scripts/Repos/openjpa/1654/b/PreparedQueryImpl.java -6.863061586875216 -2.6083544606528597 -6.863061586875216 -2.1027386671776616 -4.760322919697554
/home/ashley/reuse/Git_Scripts/Repos/openjpa/1654/b/TestPreparedQueryCache.java -7.017817294370545 -3.4670420214450366 -7.017817294370545 -3.4255773124921656 -3.5922399818783792
/home/ashley/reuse/Git_Scripts/Repos/openjpa/695/b/ClassMapping.java -7.940242447527901 -5.057192338183641 -7.940242447527901 -6.964036653197785 -0.9762057943301166
/home/ashley/reuse/Git_Scripts/Repos/openjpa/1873/b/QueryCacheStoreQuery.java -7.609586629319111 -5.066125889227165 -7.609586629319111 -7.576095836231884 -0.03349079308722658
/home/ashley/reuse/Git_Scripts/Repos/openjpa/133/b/Version.java -8.244354335742264 -5.431366482989002 -8.244354335742264 -7.959172267524765 -0.28518206821749903
/home/ashley/reuse/Git_Scripts/Repos/openjpa/133/b/VersionStrategy.java -9.594763587566389 -5.980735969583049 -9.594763587566389 -7.939030048119092 -1.6557335394472972
/home/ashley/reuse/Git_Scripts/Repos/openjpa/133/b/FieldMapping.java -8.065985221766779 -4.7271790665268645 -8.065985221766779 -5.7091319484573155 -2.356853273309463
/home/ashley/reuse/Git_Scripts/Repos/openjpa/133/b/AbstractVersionStrategy.java -8.778463779810933 -5.564726425531254 -8.778463779810933 -7.60014649393027 -1.178317285880663
/home/ashley/reuse/Git_Scripts/Repos/openjpa/2236/b/UnaryOp.java -7.925153798447623 -5.2604843631746165 -7.925153798447623 -7.822761630509023 -0.10239216793859995
/home/ashley/reuse/Git_Scripts/Repos/openjpa/142/b/CriteriaQueryImpl.java -8.651498013731096 -5.047038345171563 -8.651498013731096 -6.0553334127519935 -2.596164600979103
/home/ashley/reuse/Git_Scripts/Repos/openjpa/142/b/RootImpl.java -9.446595276529468 -5.856672157664653 -9.446595276529468 -7.694059501245721 -1.7525357752837474
/home/ashley/reuse/Git_Scripts/Repos/openjpa/2265/b/TestSequenceGenerator.java -7.316749827624251 -4.696819876326505 -7.316749827624251 -6.558468481852283 -0.7582813457719677
/home/ashley/reuse/Git_Scripts/Repos/openjpa/3059/b/AbstractDataCache.java -6.857029708684288 -4.149211172448087 -6.857029708684288 -5.253539684499654 -1.6034900241846337
/home/ashley/reuse/Git_Scripts/Repos/openjpa/3059/b/DataCacheStoreManager.java -7.314218651419712 -4.367859697507753 -7.314218651419712 -5.4215187908245435 -1.8926998605951688
/home/ashley/reuse/Git_Scripts/Repos/openjpa/384/b/TestAttrOverridesXml.java -7.074683880372571 -3.9422373352919027 -7.074683880372571 -4.45180508704807 -2.6228787933245004
/home/ashley/reuse/Git_Scripts/Repos/openjpa/384/b/XMLPersistenceMetaDataParser.java -7.131177343663067 -4.75052673033861 -7.131177343663067 -7.114273356855548 -0.016903986807519367
/home/ashley/reuse/Git_Scripts/Repos/openjpa/2716/b/AttachManager.java -7.560677182266776 -5.040451454844517 -7.560677182266776 -7.556195453053814 -0.004481729212962193
/home/ashley/reuse/Git_Scripts/Repos/openjpa/791/b/TestMixedLockManagerRefreshPermutation.java -6.301340366785994 -4.2815606628088 -6.301340366785994 -6.675763631325558 0.37442326453956376
/home/ashley/reuse/Git_Scripts/Repos/openjpa/1121/b/StoreCollectionFieldStrategy.java -7.988685746863487 -5.0862042601353314 -7.988685746863487 -6.9974751076662445 -0.9912106391972424
/home/ashley/reuse/Git_Scripts/Repos/openjpa/1121/b/SQLBuffer.java -7.142851488248136 -4.543101633987057 -7.142851488248136 -6.239052459261456 -0.9037990289866809
/home/ashley/reuse/Git_Scripts/Repos/openjpa/1529/b/DistributedStoreQuery.java -8.219628996548135 -5.29768994844786 -8.219628996548135 -7.451395323132225 -0.7682336734159101
/home/ashley/reuse/Git_Scripts/Repos/openjpa/1529/b/DistributedBrokerImpl.java -7.7735983629377134 -3.6714954367227683 -7.7735983629377134 -3.473994302885268 -4.299604060052445
/home/ashley/reuse/Git_Scripts/Repos/openjpa/744/b/ReflectingPersistenceCapable.java -5.867877628680731 -3.8101287051535766 -5.867877628680731 -5.429848954508732 -0.4380286741719983
/home/ashley/reuse/Git_Scripts/Repos/openjpa/2739/b/QueryCacheStoreQuery.java -7.558956447828362 -5.0450872963701805 -7.558956447828362 -7.585039803410931 0.02608335558256858
/home/ashley/reuse/Git_Scripts/Repos/openjpa/2739/b/StateManagerImpl.java -6.8813985726726985 -4.587707497199079 -6.8813985726726985 -6.8813985726726985 0.0
/home/ashley/reuse/Git_Scripts/Repos/openjpa/2739/b/RemoteCommitEventManager.java -7.763512001365778 -5.237899893425001 -7.763512001365778 -8.050424401416253 0.2869124000504746
/home/ashley/reuse/Git_Scripts/Repos/openjpa/2727/b/PNonTransState.java -8.764024299886215 -5.834371795656825 -8.764024299886215 -8.708202489058912 -0.05582181082730209
/home/ashley/reuse/Git_Scripts/Repos/openjpa/2727/b/PCDataImpl.java -7.39496285725455 -4.695319928225385 -7.39496285725455 -6.430797958276711 -0.9641648989778382
/home/ashley/reuse/Git_Scripts/Repos/openjpa/358/b/TestPessimisticLocks.java -6.583358611342406 -4.357752236203746 -6.583358611342406 -6.445130197050502 -0.1382284142919037
/home/ashley/reuse/Git_Scripts/Repos/openjpa/2756/b/AnnotationPersistenceMetaDataParser.java -7.599849618484099 -5.064990595449032 -7.599849618484099 -7.592054900926679 -0.007794717557420228
/home/ashley/reuse/Git_Scripts/Repos/openjpa/3013/b/DBDictionary.java -6.5080810762370565 -4.335187017746914 -6.5080810762370565 -6.492205287668709 -0.015875788568347815
/home/ashley/reuse/Git_Scripts/Repos/openjpa/2198/b/PreparedQueryImpl.java -6.781450805521771 -3.568421172531242 -6.781450805521771 -3.7643555430425475 -3.017095262479223
/home/ashley/reuse/Git_Scripts/Repos/openjpa/2198/b/TestPreparedQueryCache.java -7.157931155575412 -3.2527767598528796 -7.157931155575412 -2.981079587657982 -4.17685156791743
/home/ashley/reuse/Git_Scripts/Repos/openjpa/2181/b/AbstractQuery.java -6.740123182932084 -4.47518441406135 -6.740123182932084 -6.658743854729068 -0.08137932820301597
/home/ashley/reuse/Git_Scripts/Repos/openjpa/2609/b/SybaseDictionary.java -5.709441110644121 -3.6599538752663494 -5.709441110644121 -5.095229904782565 -0.6142112058615563
/home/ashley/reuse/Git_Scripts/Repos/openjpa/700/b/JPQLExpressionBuilder.java -7.866601386747585 -5.116508081595597 -7.866601386747585 -7.317055421790129 -0.5495459649574563
/home/ashley/reuse/Git_Scripts/Repos/openjpa/700/b/QueryExpressions.java -9.309598787954128 -4.646442483036352 -9.309598787954128 -4.629818359662339 -4.679780428291789
/home/ashley/reuse/Git_Scripts/Repos/openjpa/1617/b/TestTraversableResolver.java -7.441678171814921 -4.6002270834976215 -7.441678171814921 -6.023930803068831 -1.41774736874609
/home/ashley/reuse/Git_Scripts/Repos/openjpa/1962/b/PersistenceProviderImpl.java -7.940682670668878 -5.321784443707892 -7.940682670668878 -8.056267571260856 0.11558490059197801
/home/ashley/reuse/Git_Scripts/Repos/openjpa/1962/b/OpenJPAConfigurationImpl.java -7.612004109014793 -5.074924286442108 -7.612004109014793 -7.612004109014793 0.0
/home/ashley/reuse/Git_Scripts/Repos/openjpa/1284/b/EntityPerson.java -6.215357135331658 -4.143571423554438 -6.215357135331658 -6.215357135331658 0.0
/home/ashley/reuse/Git_Scripts/Repos/openjpa/1284/b/EntityEmployee.java -6.231311429517673 -4.1542076196784485 -6.231311429517673 -6.231311429517673 0.0
/home/ashley/reuse/Git_Scripts/Repos/openjpa/1998/b/ProductDerivations.java -6.008143817466478 -3.666867141841438 -6.008143817466478 -4.702917525067657 -1.305226292398821
/home/ashley/reuse/Git_Scripts/Repos/openjpa/1262/b/PCEnhancer.java -6.6888107493938955 -4.4515950630976056 -6.6888107493938955 -6.654396719564227 -0.03441402982966846
/home/ashley/reuse/Git_Scripts/Repos/openjpa/1043/b/TestDiscriminator.java -8.398922409646278 -5.267532262697233 -8.398922409646278 -7.064209933694738 -1.33471247595154
/home/ashley/reuse/Git_Scripts/Repos/openjpa/2912/b/TestRefresh.java -6.8024378068480065 -4.354774917419661 -6.8024378068480065 -6.043801620210682 -0.7586361866373244
/home/ashley/reuse/Git_Scripts/Repos/openjpa/2912/b/EntityManagerImpl.java -6.831036855504633 -4.5226346854424175 -6.831036855504633 -6.690981065869812 -0.1400557896348209
/home/ashley/reuse/Git_Scripts/Repos/openjpa/3084/b/ProxyConcurrentMaps.java -5.967063645415706 -3.9878890699560414 -5.967063645415706 -5.967063645415706 0.0
/home/ashley/reuse/Git_Scripts/Repos/openjpa/3084/b/ProxyManagerImpl.java -6.600544248447772 -4.3478705232713954 -6.600544248447772 -6.369272427787307 -0.23127182066046448
/home/ashley/reuse/Git_Scripts/Repos/openjpa/2736/b/AbstractDB2Dictionary.java -7.555332772672374 -5.0401892284275736 -7.555332772672374 -7.570205474980784 0.01487270230841009
/home/ashley/reuse/Git_Scripts/Repos/openjpa/2736/b/TestSQLBigDecimalId.java -7.653322777597107 -5.417946322754387 -7.653322777597107 -9.24866330025115 1.5953405226540438
/home/ashley/reuse/Git_Scripts/Repos/openjpa/1606/b/PCClassFileTransformer.java -6.812121583872972 -4.743852748869146 -6.812121583872972 -7.812258530991898 1.0001369471189268
/home/ashley/reuse/Git_Scripts/Repos/openjpa/1074/b/BrokerImpl.java -6.964910163109489 -4.636771965301034 -6.964910163109489 -6.935432599261955 -0.029477563847533972
/home/ashley/reuse/Git_Scripts/Repos/openjpa/2897/b/BrokerImpl.java -6.933132858000032 -4.6226284725457525 -6.933132858000032 -6.935562978174586 0.002430120174553352
/home/ashley/reuse/Git_Scripts/Repos/openjpa/2897/b/DelegatingBroker.java -5.751425371676482 -3.8362640994963315 -5.751425371676482 -5.759354271034299 0.007928899357817265
/home/ashley/reuse/Git_Scripts/Repos/openjpa/257/b/TestEntityTypeExpression.java -7.0056932698227605 -4.4112859094240715 -7.0056932698227605 -5.955910486271338 -1.0497827835514224
/home/ashley/reuse/Git_Scripts/Repos/openjpa/505/b/SQLServerDictionary.java -6.2560201603192604 -4.187579134865243 -6.2560201603192604 -6.328809127279497 0.0727889669602364
/home/ashley/reuse/Git_Scripts/Repos/openjpa/340/b/TestPessimisticLocks.java -6.5040080279686086 -3.4951329668324664 -6.5040080279686086 -3.776004660764063 -2.7280033672045456
/home/ashley/reuse/Git_Scripts/Repos/openjpa/1991/b/TestQuery.java -6.788002478981937 -3.4706537141595226 -6.788002478981937 -3.5485708918346885 -3.2394315871472488
/home/ashley/reuse/Git_Scripts/Repos/openjpa/698/b/XMLPersistenceMetaDataParser.java -7.043096277000459 -4.659675333526524 -7.043096277000459 -6.8840914985327215 -0.15900477846773775
/home/ashley/reuse/Git_Scripts/Repos/openjpa/698/b/SelectImpl.java -7.564933724049978 -5.0383574401385705 -7.564933724049978 -7.542324285045498 -0.02260943900447998
/home/ashley/reuse/Git_Scripts/Repos/openjpa/698/b/Id.java -7.283123605083627 -4.875338310085288 -7.283123605083627 -7.373516983160906 0.09039337807727854
/home/ashley/reuse/Git_Scripts/Repos/openjpa/698/b/AnnotationPersistenceMetaDataParser.java -7.617730046042391 -4.949523374924215 -7.617730046042391 -7.064835580154305 -0.5528944658880866
/home/ashley/reuse/Git_Scripts/Repos/openjpa/556/b/PostgresDictionary.java -6.435338269690908 -3.6261769457005415 -6.435338269690908 -4.1527025430441995 -2.282635726646708
/home/ashley/reuse/Git_Scripts/Repos/openjpa/1221/b/TestTimeoutException.java -6.9391679595564755 -4.142722231625419 -6.9391679595564755 -5.135950299532519 -1.8032176600239564
/home/ashley/reuse/Git_Scripts/Repos/openjpa/626/b/VersionLockManager.java -7.775213361191652 -5.188266216987405 -7.775213361191652 -7.775213361191652 0.0
/home/ashley/reuse/Git_Scripts/Repos/openjpa/711/b/PersistenceUnitInfoImpl.java -6.314850524775883 -4.17792363163538 -6.314850524775883 -6.170720474113687 -0.14413005066219586
/home/ashley/reuse/Git_Scripts/Repos/openjpa/305/b/JPQLExpressionBuilder.java -7.866601386747585 -5.127381049589273 -7.866601386747585 -7.3617056455691685 -0.5048957411784167
/home/ashley/reuse/Git_Scripts/Repos/openjpa/2994/b/SingleEMFTestCase.java -6.318292524572476 -4.357443120394811 -6.318292524572476 -7.020325027302751 0.7020325027302752
/home/ashley/reuse/Git_Scripts/Repos/openjpa/2994/b/TestOrderColumn.java -7.1226441055389715 -4.312801300811011 -7.1226441055389715 -5.466239732680781 -1.6564043728581908
/home/ashley/reuse/Git_Scripts/Repos/openjpa/513/b/BatchingPreparedStatementManagerImpl.java -6.54754126886261 -4.403333618742791 -6.54754126886261 -6.7229982571131774 0.17545698825056721
/home/ashley/reuse/Git_Scripts/Repos/openjpa/1405/b/IAnnuity.java -7.666615451368375 -4.56551257216319 -7.666615451368375 -5.617473994320607 -2.049141457047768
/home/ashley/reuse/Git_Scripts/Repos/openjpa/1405/b/EquityAnnuity.java -8.116617243697316 -5.120159981687196 -8.116617243697316 -6.934585606265668 -1.1820316374316482
/home/ashley/reuse/Git_Scripts/Repos/openjpa/1405/b/Annuity.java -6.865038197452328 -4.27958642695693 -6.865038197452328 -5.674762954426406 -1.1902752430259218
/home/ashley/reuse/Git_Scripts/Repos/openjpa/490/b/DetachManager.java -7.27827072539679 -4.858705154799471 -7.27827072539679 -7.30606910830664 0.02779838290985026
/home/ashley/reuse/Git_Scripts/Repos/openjpa/490/b/TestDetachNoProxy.java -6.5434276261735675 -4.362285084115712 -6.5434276261735675 -6.5434276261735675 0.0
/home/ashley/reuse/Git_Scripts/Repos/openjpa/1034/b/ConfigurationImpl.java -6.377288200039083 -4.133148733451243 -6.377288200039083 -5.871533641661551 -0.5057545583775322
/home/ashley/reuse/Git_Scripts/Repos/openjpa/1172/b/JDBCFetchPlanImpl.java -8.727245976242054 -4.8550424695778265 -8.727245976242054 -5.471193570299807 -3.2560524059422473
/home/ashley/reuse/Git_Scripts/Repos/openjpa/1172/b/PersistenceStrategy.java -3.3704820784030414 -2.2061337240456274 -3.3704820784030414 -3.1930882848028816 -0.17739379360015972
/home/ashley/reuse/Git_Scripts/Repos/openjpa/1172/b/PersistenceMappingFactory.java -9.605116284110034 -6.403410856073355 -9.605116284110034 -9.605116284110034 0.0
/home/ashley/reuse/Git_Scripts/Repos/openjpa/1172/b/PersistenceMappingDefaults.java -8.370545215704762 -4.851832817336997 -8.370545215704762 -5.770930013404701 -2.599615202300061
/home/ashley/reuse/Git_Scripts/Repos/openjpa/1172/b/PersistenceUnitInfoImpl.java -6.348545463095842 -3.893798268062987 -6.348545463095842 -5.033308952813038 -1.315236510282804
/home/ashley/reuse/Git_Scripts/Repos/openjpa/1172/b/MappingTag.java -0.9437605440909695 -0.5508828515282129 -0.9437605440909695 -0.6580816766904598 -0.28567886740050974
/home/ashley/reuse/Git_Scripts/Repos/openjpa/1172/b/PersistenceMetaDataDefaults.java -7.272418093956599 -3.0317113013312267 -7.272418093956599 -2.5995515843957158 -4.672866509560883
/home/ashley/reuse/Git_Scripts/Repos/openjpa/1172/b/MetaDataTag.java -1.1030668620228137 -0.6933563132714828 -1.1030668620228137 -0.9262393497901489 -0.1768275122326648
/home/ashley/reuse/Git_Scripts/Repos/openjpa/1172/b/AnnotationPersistenceXMLMetaDataParser.java -7.101625473459129 -4.7157429478051105 -7.101625473459129 -7.01340652347827 -0.08821894998085877
/home/ashley/reuse/Git_Scripts/Repos/openjpa/1172/b/AnnotationPersistenceMappingParser.java -7.8802473716799275 -4.302714753047362 -7.8802473716799275 -4.738481056316449 -3.141766315363479
/home/ashley/reuse/Git_Scripts/Repos/openjpa/1172/b/PersistenceMetaDataFactory.java -7.702017946816384 -4.780359608317414 -7.702017946816384 -6.298826778018239 -1.4031911687981449
/home/ashley/reuse/Git_Scripts/Repos/openjpa/1644/b/BrokerImpl.java -6.936200813116859 -4.568404811160264 -6.936200813116859 -6.691322466046989 -0.24487834706986966
/home/ashley/reuse/Git_Scripts/Repos/openjpa/192/b/OracleDictionary.java -5.978750073104216 -3.985833382069477 -5.978750073104216 -5.978750073104216 0.0
/home/ashley/reuse/Git_Scripts/Repos/openjpa/489/b/SequencedActionsTest.java -6.317296130781022 -4.015036317437809 -6.317296130781022 -5.507559151173357 -0.8097369796076652
/home/ashley/reuse/Git_Scripts/Repos/openjpa/489/b/TestMixedLockManagerLockPermutation.java -6.183937048066927 -4.047948798484784 -6.183937048066927 -5.859643785148408 -0.3242932629185189
/home/ashley/reuse/Git_Scripts/Repos/openjpa/489/b/TestMixedLockManagerNonVersion.java -7.773983230029158 -5.166097481936309 -7.773983230029158 -7.699945294505071 -0.07403793552408722
/home/ashley/reuse/Git_Scripts/Repos/openjpa/489/b/TestMixedLockManagerLockBasic.java -6.889219579113284 -4.5452807054951805 -6.889219579113284 -6.666986689464468 -0.22223288964881593
/home/ashley/reuse/Git_Scripts/Repos/openjpa/2140/b/SQLBuffer.java -7.142851488248136 -4.601929971783615 -7.142851488248136 -6.466082861143266 -0.6767686271048703
/home/ashley/reuse/Git_Scripts/Repos/openjpa/2140/b/OracleDictionary.java -5.89726741651828 -3.497944526445898 -5.89726741651828 -4.298778285730344 -1.5984891307879359
/home/ashley/reuse/Git_Scripts/Repos/openjpa/990/b/QueryException.java -6.137025716902504 -4.096663920114139 -6.137025716902504 -6.137025716902504 0.0
/home/ashley/reuse/Git_Scripts/Repos/openjpa/584/b/AbstractBrokerFactory.java -6.95994926570645 -4.596445570858564 -6.95994926570645 -6.765317056152181 -0.19463220955426852
/home/ashley/reuse/Git_Scripts/Repos/openjpa/584/b/FetchConfigurationImpl.java -7.376118741462524 -3.9147224022566744 -7.376118741462524 -4.171070638725753 -3.2050481027367717
/home/ashley/reuse/Git_Scripts/Repos/openjpa/584/b/BrokerImpl.java -6.9889030153535545 -4.613440934406584 -6.9889030153535545 -6.786656692237362 -0.20224632311619217
/home/ashley/reuse/Git_Scripts/Repos/openjpa/584/b/JNDIManagedRuntime.java -6.362783717097661 -4.042239067332631 -6.362783717097661 -5.497445131572379 -0.865338585525282
/home/ashley/reuse/Git_Scripts/Repos/openjpa/2554/b/EntityManagerImpl.java -6.863821563555396 -4.434506972029112 -6.863821563555396 -6.2646609633268735 -0.5991606002285224
/home/ashley/reuse/Git_Scripts/Repos/openjpa/3178/b/TestMappedById.java -8.177679923208887 -4.249466586023649 -8.177679923208887 -4.423229417801082 -3.754450505407805
/home/ashley/reuse/Git_Scripts/Repos/openjpa/3178/b/AbstractUpdateManager.java -7.107353877955008 -4.738235918636672 -7.107353877955008 -7.107353877955008 0.0
/home/ashley/reuse/Git_Scripts/Repos/openjpa/3178/b/StateManagerImpl.java -6.871661886615346 -4.56840325613279 -6.871661886615346 -6.814372527031141 -0.057289359584205
/home/ashley/reuse/Git_Scripts/Repos/openjpa/3178/b/PreparedStatementManagerImpl.java -6.71269760216108 -4.269871156213348 -6.71269760216108 -5.862577421402964 -0.8501201807581156
/home/ashley/reuse/Git_Scripts/Repos/openjpa/533/b/TestTypesafeCriteria.java -8.079532513697965 -4.172599556733388 -8.079532513697965 -4.31446535640857 -3.765067157289394
/home/ashley/reuse/Git_Scripts/Repos/openjpa/461/b/QueryImpl.java -6.947406464128559 -4.602324052290528 -6.947406464128559 -6.816645669050381 -0.13076079507817795
/home/ashley/reuse/Git_Scripts/Repos/openjpa/1363/b/OpenJPAConfiguration.java -8.193689803926013 -5.47372731950943 -8.193689803926013 -8.241189454963266 0.04749965103725273
/home/ashley/reuse/Git_Scripts/Repos/openjpa/981/b/PreparedQueryCacheImpl.java -6.55827658477598 -4.03514566423872 -6.55827658477598 -5.241778977772033 -1.3164976070039467
/home/ashley/reuse/Git_Scripts/Repos/openjpa/981/b/QueryExpressions.java -8.194941569736429 -4.716338534211587 -8.194941569736429 -5.548955789960904 -2.6459857797755246
/home/ashley/reuse/Git_Scripts/Repos/openjpa/981/b/PreparedQueryImpl.java -7.169544094486821 -4.2155688452561995 -7.169544094486821 -5.115768442420284 -2.0537756520665376
/home/ashley/reuse/Git_Scripts/Repos/openjpa/981/b/TestPreparedQueryCache.java -7.150395817031535 -3.8634735907664313 -7.150395817031535 -4.202315038347973 -2.948080778683562
/home/ashley/reuse/Git_Scripts/Repos/openjpa/54/b/TestDataCacheBehavesIdentical.java -7.5621378050904 -4.662119604700773 -7.5621378050904 -6.078512008963275 -1.4836257961271242
/home/ashley/reuse/Git_Scripts/Repos/openjpa/178/b/TestCascadePersist.java -8.333147858804734 -4.993001816225977 -8.333147858804734 -6.228383708900446 -2.1047641499042884
/home/ashley/reuse/Git_Scripts/Repos/openjpa/1883/b/TestMixedLockManagerDeadlock.java -7.00394819581777 -4.3338606652282365 -7.00394819581777 -5.676976831239999 -1.326971364577771
/home/ashley/reuse/Git_Scripts/Repos/openjpa/1883/b/SequencedActionsTest.java -6.333114804240822 -4.135400218450598 -6.333114804240822 -5.957392867698474 -0.3757219365423472
/home/ashley/reuse/Git_Scripts/Repos/openjpa/690/b/CriteriaExpressionBuilder.java -8.30814667400499 -5.647958309996594 -8.30814667400499 -8.819688613593407 0.5115419395884171
/home/ashley/reuse/Git_Scripts/Repos/openjpa/690/b/CriteriaQueryImpl.java -8.582281674859944 -5.26766833619492 -8.582281674859944 -6.817677897111742 -1.764603777748202
/home/ashley/reuse/Git_Scripts/Repos/openjpa/190/b/BrokerImpl.java -6.989281470732304 -4.634597091852267 -6.989281470732304 -6.878311137775453 -0.11097033295685055
