before_file_path change CE-Avg CE-Left CE-Right CE-Diff
/home/ashley/reuse/Git_Scripts/Repos/derby/5220/b/TabInfoImpl.java -3.9048002787562863 -2.6034550517260926 -3.9048002787562863 -3.9048002787562863 0.0
/home/ashley/reuse/Git_Scripts/Repos/derby/5220/b/CreateIndexNode.java -2.9233995127772174 -1.9470943924723731 -2.9233995127772174 -2.9123989501703416 -0.011000562606875874
/home/ashley/reuse/Git_Scripts/Repos/derby/5220/b/ConstraintDescriptor.java -3.389858573921381 -2.258916265108731 -3.389858573921381 -3.3854099406222713 -0.004448633299109606
/home/ashley/reuse/Git_Scripts/Repos/derby/5220/b/GenericPreparedStatement.java -3.880017439139824 -2.577716904747468 -3.880017439139824 -3.8399686859732323 -0.040048753166591844
/home/ashley/reuse/Git_Scripts/Repos/derby/5220/b/DataDictionaryImpl.java -2.252879045379161 -1.5033790368684152 -2.252879045379161 -2.2594058188864516 0.006526773507290695
/home/ashley/reuse/Git_Scripts/Repos/derby/5220/b/EmbedConnection.java -3.404923988624391 -2.266212783649595 -3.404923988624391 -3.3878173265263087 -0.017106662098082204
/home/ashley/reuse/Git_Scripts/Repos/derby/5220/b/IndexRowGenerator.java -3.41262800429631 -2.2907755798954543 -3.41262800429631 -3.4811786104961486 0.06855060619983844
/home/ashley/reuse/Git_Scripts/Repos/derby/5221/b/SecureServerTest.java -3.847392464827777 -2.0407907856912555 -3.847392464827777 -2.1730642625416148 -1.674328202286162
/home/ashley/reuse/Git_Scripts/Repos/derby/5222/b/OLAPTest.java -2.2692656824541624 -1.5106448874476837 -2.2692656824541624 -2.259399309921753 -0.009866372532409518
/home/ashley/reuse/Git_Scripts/Repos/derby/5223/b/DRDAConnThread.java -1.9752010127509632 -1.2774896309789803 -1.9752010127509632 -1.8082683462036229 -0.1669326665473403
/home/ashley/reuse/Git_Scripts/Repos/derby/5223/b/DRDAStatement.java -4.166992454704743 -2.800882877922331 -4.166992454704743 -4.27078033756171 0.1037878828569676
/home/ashley/reuse/Git_Scripts/Repos/derby/5224/b/checkDriver.java -3.6486872419455527 -2.406194078160107 -3.6486872419455527 -3.5308442048808883 -0.11784303706466437
/home/ashley/reuse/Git_Scripts/Repos/derby/5225/b/BooleanValuesTest.java -2.589392145745662 -1.671914677747954 -2.589392145745662 -2.358544992798163 -0.2308471529474989
/home/ashley/reuse/Git_Scripts/Repos/derby/5226/b/OpenSocketAction.java -0.5623849268471313 -0.37052965232376095 -0.5623849268471313 -0.543066360657726 -0.019318566189405306
/home/ashley/reuse/Git_Scripts/Repos/derby/5226/b/LogWriter.java -3.4680620007376115 -2.7146866522745063 -3.4680620007376115 -6.246845636993126 2.7787836362555147
/home/ashley/reuse/Git_Scripts/Repos/derby/5226/b/ClientBaseDataSource.java -3.438181298991609 -3.3369732708463555 -3.438181298991609 -56.68087455766167 53.24269325867006
/home/ashley/reuse/Git_Scripts/Repos/derby/5226/b/ClientPooledConnection.java -3.299318899314101 -2.1416039300407133 -3.299318899314101 -3.0516295067271093 -0.24768939258699163
/home/ashley/reuse/Git_Scripts/Repos/derby/5227/b/callable.java -3.580570065365752 -2.387214481308654 -3.580570065365752 -3.580570065365752 0.0
/home/ashley/reuse/Git_Scripts/Repos/derby/5228/b/ServerPropertiesTest.java -0.632469991876482 -0.4651576721815192 -0.632469991876482 -0.8791889015772999 0.2467189097008179
/home/ashley/reuse/Git_Scripts/Repos/derby/5229/b/NativeAuthenticationServiceTest.java -3.498968244514261 -2.180465349352212 -3.498968244514261 -2.892714264637688 -0.6062539798765729
/home/ashley/reuse/Git_Scripts/Repos/derby/5229/b/ErrorCodeTest.java -2.2328380855719043 -1.4888522092673857 -2.2328380855719043 -2.2328380855719043 0.0
/home/ashley/reuse/Git_Scripts/Repos/derby/5231/b/holdCursorJava.java -0.7573749630730771 -0.4422235281048559 -0.7573749630730771 -0.5313779204309101 -0.2259970426421669
/home/ashley/reuse/Git_Scripts/Repos/derby/5234/b/RoutineAliasInfo.java -1.2112728320834232 -0.7979068124255866 -1.2112728320834232 -1.168173428124932 -0.0430994039584911
/home/ashley/reuse/Git_Scripts/Repos/derby/5235/b/CharacterStreamsTest.java -5.142093668840441 -3.3535732028612624 -5.142093668840441 -4.819803575994729 -0.3222900928457122
/home/ashley/reuse/Git_Scripts/Repos/derby/5236/b/SQLState.java -4.2713957729318395 -2.84598381244637 -4.2713957729318395 -4.264143827646726 -0.007251945285113415
/home/ashley/reuse/Git_Scripts/Repos/derby/5236/b/GeneratedColumnsTest.java -2.5609887512689267 -1.6187563373477571 -2.5609887512689267 -2.199686446710786 -0.3613023045581407
/home/ashley/reuse/Git_Scripts/Repos/derby/5236/b/GeneratedColumnsHelper.java -3.2873268420637967 -2.0900368117091688 -3.2873268420637967 -2.8671601578203485 -0.42016668424344816
/home/ashley/reuse/Git_Scripts/Repos/derby/5236/b/TableElementList.java -1.114095441159604 -0.7373556412104654 -1.114095441159604 -1.0900517069876015 -0.024043734172002562
/home/ashley/reuse/Git_Scripts/Repos/derby/5236/b/CreateTableNode.java -2.6001257658267574 -1.729531931820626 -2.6001257658267574 -2.5813909430158595 -0.01873482281089789
/home/ashley/reuse/Git_Scripts/Repos/derby/5236/b/AlterTableNode.java -3.0187288619938966 -2.006611261892523 -3.0187288619938966 -2.992446396777532 -0.02628246521636468
/home/ashley/reuse/Git_Scripts/Repos/derby/5237/b/EmbedXAResource.java -4.1255860797330595 -2.732999194231075 -4.1255860797330595 -4.04692321951343 -0.07866286021962932
/home/ashley/reuse/Git_Scripts/Repos/derby/5237/b/XATransactionState.java -3.932584718088259 -2.5335822385013054 -3.932584718088259 -3.5585545573591677 -0.37403016072909123
/home/ashley/reuse/Git_Scripts/Repos/derby/5237/b/EmbedConnection.java -2.982916528666272 -1.5681999647350646 -2.982916528666272 -1.653097901921583 -1.329818626744689
/home/ashley/reuse/Git_Scripts/Repos/derby/5238/b/SystemProcedures.java -3.0974578666131203 -1.8303633376490303 -3.0974578666131203 -2.2371943013582025 -0.8602635652549178
/home/ashley/reuse/Git_Scripts/Repos/derby/5238/b/OnlineCompress.java -2.4076650905379817 -1.620749594280098 -2.4076650905379817 -2.479441717191049 0.0717766266530675
/home/ashley/reuse/Git_Scripts/Repos/derby/5240/b/SPSDescriptor.java -3.3288303501304486 -2.219220233420299 -3.3288303501304486 -3.3288303501304486 0.0
/home/ashley/reuse/Git_Scripts/Repos/derby/5240/b/DataDescriptorGenerator.java -2.9675838478593075 -1.9783892319062049 -2.9675838478593075 -2.9675838478593075 0.0
/home/ashley/reuse/Git_Scripts/Repos/derby/5240/b/TableNameInfo.java -3.5321491477476794 -2.356026679921632 -3.5321491477476794 -3.5321491477476794 0.0
/home/ashley/reuse/Git_Scripts/Repos/derby/5240/b/ConstraintDescriptor.java -3.384245017456746 -2.256163344971164 -3.384245017456746 -3.384245017456746 0.0
/home/ashley/reuse/Git_Scripts/Repos/derby/5240/b/ReferencedKeyConstraintDescriptor.java -3.583266460110899 -2.3888443067405993 -3.583266460110899 -3.583266460110899 0.0
/home/ashley/reuse/Git_Scripts/Repos/derby/5240/b/FromSubquery.java -3.2829521056449593 -2.1982818430669773 -3.2829521056449593 -3.3248216397459385 0.041869534100979156
/home/ashley/reuse/Git_Scripts/Repos/derby/5240/b/GenericPreparedStatement.java -3.8773966314897708 -2.584931087659847 -3.8773966314897708 -3.8773966314897708 0.0
/home/ashley/reuse/Git_Scripts/Repos/derby/5240/b/DeleteNode.java -2.810592691660356 -1.8781800838006786 -2.810592691660356 -2.830720634113653 0.020127942453297187
/home/ashley/reuse/Git_Scripts/Repos/derby/5240/b/DMLModStatementNode.java -2.6738936030652654 -1.782699895464221 -2.6738936030652654 -2.6738936030652654 0.0
/home/ashley/reuse/Git_Scripts/Repos/derby/5240/b/DataDictionaryImpl.java -2.252469223991581 -1.5016581989349274 -2.252469223991581 -2.252469223991581 0.0
/home/ashley/reuse/Git_Scripts/Repos/derby/5240/b/TableDescriptor.java -3.4255009113107535 -2.283667274207169 -3.4255009113107535 -3.4255009113107535 0.0
/home/ashley/reuse/Git_Scripts/Repos/derby/5240/b/ContextManager.java -4.475606331728475 -2.986891611097157 -4.475606331728475 -4.489829656935239 0.01422332520676406
/home/ashley/reuse/Git_Scripts/Repos/derby/5240/b/GenericActivationHolder.java -2.979346227697209 -1.9865490226971778 -2.979346227697209 -2.979346227697209 0.0
/home/ashley/reuse/Git_Scripts/Repos/derby/5240/b/GenericStatement.java -3.783102512288958 -2.522425980258463 -3.783102512288958 -3.783102512288958 0.0
/home/ashley/reuse/Git_Scripts/Repos/derby/5241/b/JDBCMBeanTest.java -4.114981253415879 -2.731452327669131 -4.114981253415879 -4.054577858870324 -0.060403394545554434
/home/ashley/reuse/Git_Scripts/Repos/derby/5242/b/ResultColumnList.java -2.490757896590118 -1.6577383231971043 -2.490757896590118 -2.4783480189817815 -0.012409877608336561
/home/ashley/reuse/Git_Scripts/Repos/derby/5244/b/DRDAConnThread.java -1.7437863355421281 -1.162509121662695 -1.7437863355421281 -1.7436504260814258 -1.3590946070229926E-4
/home/ashley/reuse/Git_Scripts/Repos/derby/5245/b/EmbedResultSet.java -2.5200001033927717 -1.608359139348241 -2.5200001033927717 -2.22273853807593 -0.29726156531684156
/home/ashley/reuse/Git_Scripts/Repos/derby/5246/b/ClassInspector.java -2.824024692669183 -1.8864250669143436 -2.824024692669183 -2.8401913705871435 0.01616667791796056
/home/ashley/reuse/Git_Scripts/Repos/derby/5246/b/SystemProcedures.java -3.0361429844165664 -1.6932850300754947 -3.0361429844165664 -1.9138403795416117 -1.1223026048749547
/home/ashley/reuse/Git_Scripts/Repos/derby/5247/b/ClientDriver.java -3.6075259599235743 -2.3655694740811035 -3.6075259599235743 -3.435649068639257 -0.17187689128431716
/home/ashley/reuse/Git_Scripts/Repos/derby/5247/b/ClientBaseDataSource.java -3.398378868012052 -3.2765939597727125 -3.398378868012052 -45.71628715301927 42.31790828500722
/home/ashley/reuse/Git_Scripts/Repos/derby/5248/b/ModuleLoadingTest.java -3.545873758883212 -2.360434372629178 -3.545873758883212 -3.5224943714620043 -0.02337938742120782
/home/ashley/reuse/Git_Scripts/Repos/derby/5249/b/MethodCallNode.java -3.5143339591188307 -2.3484824105234416 -3.5143339591188307 -3.538680530644834 0.02434657152600339
/home/ashley/reuse/Git_Scripts/Repos/derby/5250/b/BatchUpdateTest.java -4.0185513462363005 -2.6802353760137736 -4.0185513462363005 -4.023419694885665 0.0048683486493645844
/home/ashley/reuse/Git_Scripts/Repos/derby/5251/b/DRDAConnThread.java -1.280718494765377 -0.8323759588888494 -1.280718494765377 -1.1888669932497764 -0.09185150151560051
/home/ashley/reuse/Git_Scripts/Repos/derby/5253/b/VersionMBean.java -3.534725417303865 -2.3564836115359102 -3.534725417303865 -3.534725417303865 0.0
/home/ashley/reuse/Git_Scripts/Repos/derby/5255/b/Connection.java -2.6534410523343146 -1.7732450963620283 -2.6534410523343146 -2.6724394369572333 0.018998384622918696
/home/ashley/reuse/Git_Scripts/Repos/derby/5255/b/NetXAConnection.java -3.5860942551176183 -2.4291315152573887 -3.5860942551176183 -3.7606554569540314 0.1745612018364131
/home/ashley/reuse/Git_Scripts/Repos/derby/5255/b/Statement.java -2.401108161002256 -1.582825403656814 -2.401108161002256 -2.3220085050471635 -0.07909965595509272
/home/ashley/reuse/Git_Scripts/Repos/derby/5255/b/NetConnection.java -1.5184380652940517 -1.009176307033682 -1.5184380652940517 -1.504265015799929 -0.01417304949412257
/home/ashley/reuse/Git_Scripts/Repos/derby/5255/b/NetXAResource.java -4.416408712570733 -2.941121414204295 -4.416408712570733 -4.401377892127549 -0.015030820443183934
/home/ashley/reuse/Git_Scripts/Repos/derby/5256/b/MergeStatementTest.java -2.969175962097227 -0.9450576857435673 -2.969175962097227 -0.6931016242369351 -2.276074337860292
/home/ashley/reuse/Git_Scripts/Repos/derby/5256/b/MergeNode.java -3.5397991305174914 -2.208721803044219 -3.5397991305174914 -2.935769842638797 -0.6040292878786944
/home/ashley/reuse/Git_Scripts/Repos/derby/5257/b/SchemaDescriptor.java -4.228818786266283 -2.763609718530097 -4.228818786266283 -3.9819752933659465 -0.24684349290033625
/home/ashley/reuse/Git_Scripts/Repos/derby/5260/b/JMXManagementService.java -3.9562245845914132 -2.5490706039039943 -3.9562245845914132 -3.579814713312151 -0.3764098712792623
/home/ashley/reuse/Git_Scripts/Repos/derby/5261/b/CollationTest2.java -3.065678049090108 -2.0023038976123324 -3.065678049090108 -2.8862931725334424 -0.17938487655666568
/home/ashley/reuse/Git_Scripts/Repos/derby/5262/b/SURBaseTest.java -2.931618236116916 -1.993172845449322 -2.931618236116916 -3.1105312932469804 0.17891305713006433
/home/ashley/reuse/Git_Scripts/Repos/derby/5262/b/HoldabilityTest.java -3.091731002153861 -1.9841997319744022 -3.091731002153861 -2.7682272534200014 -0.32350374873385945
/home/ashley/reuse/Git_Scripts/Repos/derby/5266/b/GeneratedColumnsTest.java -3.0301801392650507 -0.6852086254056857 -3.0301801392650507 -0.4426769392503133 -2.5875032000147375
/home/ashley/reuse/Git_Scripts/Repos/derby/5267/b/CollationTest2.java -2.6354025044429967 -1.4283055892679135 -2.6354025044429967 -1.5587810679507186 -1.0766214364922781
/home/ashley/reuse/Git_Scripts/Repos/derby/5268/b/Test_6496.java -2.4512233743200897 -1.7346244296232654 -2.4512233743200897 -2.955032131097341 0.5038087567772513
/home/ashley/reuse/Git_Scripts/Repos/derby/5269/b/LogToFile.java -3.1990064260939715 -2.1259829459917032 -3.1990064260939715 -3.168860976263155 -0.03014544983081624
/home/ashley/reuse/Git_Scripts/Repos/derby/5269/b/RawStore.java -1.883440424332573 -1.1526019478599288 -1.883440424332573 -1.4851825482980783 -0.3982578760344948
/home/ashley/reuse/Git_Scripts/Repos/derby/5270/b/AggregateClassLoading.java -3.4772846104543778 -2.337401257487749 -3.4772846104543778 -3.5552069546662404 0.07792234421186262
/home/ashley/reuse/Git_Scripts/Repos/derby/5271/b/FromSubquery.java -3.134526388294582 -2.118707651347264 -3.134526388294582 -3.268863233507207 0.134336845212625
/home/ashley/reuse/Git_Scripts/Repos/derby/5271/b/FromBaseTable.java -2.361873118331997 -1.5748197157849024 -2.361873118331997 -2.362764458477794 8.913401457966152E-4
/home/ashley/reuse/Git_Scripts/Repos/derby/5271/b/FromVTI.java -3.5545322763011895 -2.3637443490844072 -3.5545322763011895 -3.5273903170121703 -0.02714195928901919
/home/ashley/reuse/Git_Scripts/Repos/derby/5272/b/LogAccessFile.java -4.082108081821144 -2.7142576546253396 -4.082108081821144 -4.048441211043238 -0.03366687077790598
/home/ashley/reuse/Git_Scripts/Repos/derby/5275/b/LogWriter.java -3.6217790093916857 -2.4344933984854427 -3.6217790093916857 -3.7125283007354133 0.09074929134372756
/home/ashley/reuse/Git_Scripts/Repos/derby/5275/b/ClobLocatorWriter.java -3.8485672835021227 -2.5588144483499775 -3.8485672835021227 -3.8176964229392714 -0.030870860562851377
/home/ashley/reuse/Git_Scripts/Repos/derby/5275/b/Cursor.java -2.5452588866706782 -1.8021900138376994 -2.5452588866706782 -3.0860720817431844 0.5408131950725061
/home/ashley/reuse/Git_Scripts/Repos/derby/5275/b/ClientPooledConnection.java -3.275231980159154 -2.1989315905965157 -3.275231980159154 -3.3429580343394507 0.06772605418029665
/home/ashley/reuse/Git_Scripts/Repos/derby/5275/b/ClientJDBCObjectFactoryImpl40.java -3.0125676189576036 -2.227493120532251 -3.0125676189576036 -4.269545783061817 1.2569781641042135
/home/ashley/reuse/Git_Scripts/Repos/derby/5275/b/ClientJDBCObjectFactory.java -3.5968984783971516 -2.6985686096631363 -3.5968984783971516 -5.391772271792151 1.7948737933949994
/home/ashley/reuse/Git_Scripts/Repos/derby/5276/b/EmbedBlob.java -2.454087896204787 -1.5871761296070492 -2.454087896204787 -2.246520279739841 -0.20756761646494626
/home/ashley/reuse/Git_Scripts/Repos/derby/5277/b/ReplicationSuite.java -3.178018069483041 -2.096423684490914 -3.178018069483041 -3.0704543809774614 -0.10756368850557951
/home/ashley/reuse/Git_Scripts/Repos/derby/5278/b/XMLXXETest.java -2.9485014310728257 -1.4264371788163128 -2.9485014310728257 -1.3798215847373485 -1.5686798463354772
/home/ashley/reuse/Git_Scripts/Repos/derby/5280/b/LoopingAlphabetStream.java -4.625507471496945 -2.9987220154975605 -4.625507471496945 -4.257637907270982 -0.3678695642259635
/home/ashley/reuse/Git_Scripts/Repos/derby/5281/b/jvm.java -0.47369028967549953 -0.31133834806887606 -0.47369028967549953 -0.4541921421585904 -0.019498147516909148
/home/ashley/reuse/Git_Scripts/Repos/derby/5281/b/RunTest.java -0.9617498572279427 -0.595108776011082 -0.9617498572279427 -0.7805259826097107 -0.18122387461823197
/home/ashley/reuse/Git_Scripts/Repos/derby/5282/b/TriggerTest.java -2.8042525912688334 -1.438129254849884 -2.8042525912688334 -1.4758149828849663 -1.3284376083838672
/home/ashley/reuse/Git_Scripts/Repos/derby/5283/b/GetCurrentPropertiesTest.java -3.7933223441920636 -2.517490204403742 -3.7933223441920636 -3.73918036604124 -0.054141978150823444
/home/ashley/reuse/Git_Scripts/Repos/derby/5284/b/BasePage.java -3.377907352674677 -2.2356878423231525 -3.377907352674677 -3.305324219476709 -0.07258313319796805
/home/ashley/reuse/Git_Scripts/Repos/derby/5285/b/DRDAStatement.java -3.832097735022484 -2.489807530225876 -3.832097735022484 -3.5540696650864123 -0.27802806993607154
/home/ashley/reuse/Git_Scripts/Repos/derby/5286/b/SQLState.java -4.242183201611931 -2.680235407982649 -4.242183201611931 -3.639110853697969 -0.6030723479139626
/home/ashley/reuse/Git_Scripts/Repos/derby/5286/b/SectionManager.java -1.0673109282181128 -0.7063342240402796 -1.0673109282181128 -1.044220066790317 -0.023090861427795817
/home/ashley/reuse/Git_Scripts/Repos/derby/5287/b/SecureServerTest.java -3.6226972609652126 -2.341138507698924 -3.6226972609652126 -3.307043893160396 -0.31565336780481656
/home/ashley/reuse/Git_Scripts/Repos/derby/5288/b/TypeDescriptorImpl.java -0.8871474482810527 -0.5836259355189057 -0.8871474482810527 -0.8529251431544839 -0.034222305126568875
/home/ashley/reuse/Git_Scripts/Repos/derby/5288/b/RoutineAliasInfo.java -2.749052439606948 -1.6551512087620506 -2.749052439606948 -2.079756992709178 -0.6692954468977699
/home/ashley/reuse/Git_Scripts/Repos/derby/5288/b/RowMultiSetImpl.java -2.9483493834363768 -1.9213962274079759 -2.9483493834363768 -2.753199245355615 -0.19515013808076187
/home/ashley/reuse/Git_Scripts/Repos/derby/5289/b/CallableLocatorProcedures.java -3.839694147833334 -2.5617450405492357 -3.839694147833334 -3.8472205002956015 0.007526352462267294
/home/ashley/reuse/Git_Scripts/Repos/derby/5289/b/BlobClob4BlobTest.java -3.171814162958208 -2.1153662628993644 -3.171814162958208 -3.17532734091238 0.00351317795417172
/home/ashley/reuse/Git_Scripts/Repos/derby/5291/b/LogicalStatementEntity.java -0.6299163131329195 -0.4225525578779833 -0.6299163131329195 -0.6409377291096732 0.011021415976753657
/home/ashley/reuse/Git_Scripts/Repos/derby/5292/b/jvm.java -4.086768387958202 -2.7075660547829017 -4.086768387958202 -4.011447448584418 -0.0753209393737837
/home/ashley/reuse/Git_Scripts/Repos/derby/5293/b/ClobLocatorInputStream.java -3.458318536664097 -2.069321747348189 -3.458318536664097 -2.576094420168154 -0.882224116495943
/home/ashley/reuse/Git_Scripts/Repos/derby/5293/b/ClobLocatorReader.java -3.808912575549625 -2.4045916388980815 -3.808912575549625 -3.255252779103708 -0.5536597964459173
/home/ashley/reuse/Git_Scripts/Repos/derby/5294/b/SecurityManagerSetup.java -3.7785229749205853 -2.536268846179571 -3.7785229749205853 -3.857242203564764 0.07871922864417868
/home/ashley/reuse/Git_Scripts/Repos/derby/5295/b/BTreePostCommit.java -3.6242819222630533 -2.4202536490497026 -3.6242819222630533 -3.6426393560227073 0.01835743375965393
/home/ashley/reuse/Git_Scripts/Repos/derby/5297/b/StatementPoolingTest.java -3.3171580967477703 -2.23126115116442 -3.3171580967477703 -3.4079872973432597 0.09082920059548938
/home/ashley/reuse/Git_Scripts/Repos/derby/5298/b/InsertResultSet.java -3.3648712433983814 -2.17450143172921 -3.3648712433983814 -3.0733799129592474 -0.291491330439134
/home/ashley/reuse/Git_Scripts/Repos/derby/5298/b/CreateIndexConstantAction.java -3.0655815304576124 -1.8854567274033078 -3.0655815304576124 -2.4489025673578104 -0.616678963099802
/home/ashley/reuse/Git_Scripts/Repos/derby/5298/b/AlterTableConstantAction.java -2.3199793865555813 -1.4119564782464715 -2.3199793865555813 -1.8037595165662434 -0.5162198699893379
/home/ashley/reuse/Git_Scripts/Repos/derby/5298/b/SetConstraintsConstantAction.java -3.1653028482175185 -2.7378342963682076 -3.1653028482175185 -10.136505549648959 6.971202701431441
/home/ashley/reuse/Git_Scripts/Repos/derby/5298/b/BaseActivation.java -1.289707620897675 -0.8327815751164648 -1.289707620897675 -1.175055309561531 -0.11465231133614395
/home/ashley/reuse/Git_Scripts/Repos/derby/5299/b/EmbedStatement.java -3.4518246121005123 -2.3012164080670083 -3.4518246121005123 -3.4518246121005123 0.0
/home/ashley/reuse/Git_Scripts/Repos/derby/5301/b/DRDAXAProtocol.java -4.24585838232933 -2.8145179634724737 -4.24585838232933 -4.174424382206019 -0.07143400012331114
/home/ashley/reuse/Git_Scripts/Repos/derby/5301/b/xaHelper.java -3.9173608348892177 -2.596596872419233 -3.9173608348892177 -3.849205881652711 -0.06815495323650689
/home/ashley/reuse/Git_Scripts/Repos/derby/5302/b/SelectivityTest.java -0.8017176952470476 -0.46007994160520205 -0.8017176952470476 -0.5398323611502925 -0.2618853340967551
/home/ashley/reuse/Git_Scripts/Repos/derby/5303/b/DependencyManager.java -3.6579722438919378 -2.388034710163416 -3.6579722438919378 -3.439289120615789 -0.2186831232761488
/home/ashley/reuse/Git_Scripts/Repos/derby/5304/b/RestrictiveFilePermissionsTest.java -3.636861848582815 -2.3191473923931314 -3.636861848582815 -3.1994849035551867 -0.43737694502762814
/home/ashley/reuse/Git_Scripts/Repos/derby/5305/b/NetworkServerControl.java -3.5853358307972822 -2.390834572912853 -3.5853358307972822 -3.5853358307972822 0.0
/home/ashley/reuse/Git_Scripts/Repos/derby/5306/b/MasterFactory.java -3.7331136419121123 -2.5246377514213325 -3.7331136419121123 -3.89944048734384 0.16632684543172793
/home/ashley/reuse/Git_Scripts/Repos/derby/5306/b/MasterController.java -3.6939961153558154 -2.357772829183897 -3.6939961153558154 -3.2590375283941238 -0.43495858696169165
/home/ashley/reuse/Git_Scripts/Repos/derby/5307/b/NetXACallInfo.java -5.361342725300286 -3.6587541571306006 -5.361342725300286 -5.760591651652435 0.3992489263521488
/home/ashley/reuse/Git_Scripts/Repos/derby/5307/b/Typdef.java -3.2682160421618023 -2.184451909479189 -3.2682160421618023 -3.293733644893396 0.025517602731593758
/home/ashley/reuse/Git_Scripts/Repos/derby/5307/b/ClientDatabaseMetaData.java -2.559807184323003 -1.706594664467148 -2.559807184323003 -2.5600616383174684 2.544539944655533E-4
/home/ashley/reuse/Git_Scripts/Repos/derby/5307/b/LogWriter.java -3.6338627175247287 -2.4294225251564145 -3.6338627175247287 -3.664213406656656 0.0303506891319274
/home/ashley/reuse/Git_Scripts/Repos/derby/5307/b/NetPackageReply.java -3.1676346641693978 -2.163091958515677 -3.1676346641693978 -3.4104498649071218 0.242815200737724
/home/ashley/reuse/Git_Scripts/Repos/derby/5307/b/ClientConnection.java -2.839465792148713 -1.8930467434907248 -2.839465792148713 -2.839778784409752 3.129922610392022E-4
/home/ashley/reuse/Git_Scripts/Repos/derby/5307/b/ClientBaseDataSourceRoot.java -3.3077519800324677 -2.216462559562554 -3.3077519800324677 -3.359103590000852 0.05135160996838417
/home/ashley/reuse/Git_Scripts/Repos/derby/5307/b/NetConfiguration.java -4.269507675467327 -2.8631558119086655 -4.269507675467327 -4.346090772785127 0.07658309731779944
/home/ashley/reuse/Git_Scripts/Repos/derby/5307/b/Configuration.java -3.2219950818790006 -2.1605336670965545 -3.2219950818790006 -3.272635476093209 0.050640394214208406
/home/ashley/reuse/Git_Scripts/Repos/derby/5307/b/NetConnectionReply.java -3.7623498633219414 -2.507827799106808 -3.7623498633219414 -3.760525958986416 -0.0018239043355254836
/home/ashley/reuse/Git_Scripts/Repos/derby/5307/b/NetConnection40.java -2.205709548550353 -1.4846121961396606 -2.205709548550353 -2.2687298213660774 0.06302027281572453
/home/ashley/reuse/Git_Scripts/Repos/derby/5307/b/ClientXAConnection.java -3.268882572156968 -2.363881799532573 -3.268882572156968 -4.257563677087277 0.988681104930309
/home/ashley/reuse/Git_Scripts/Repos/derby/5307/b/Utils.java -3.910443896845048 -2.6101970428072403 -3.910443896845048 -3.9232052522193674 0.01276135537431955
/home/ashley/reuse/Git_Scripts/Repos/derby/5307/b/ClientStatement.java -2.5036231273665814 -1.6658749931856613 -2.5036231273665814 -2.4892464632696862 -0.014376664096895198
/home/ashley/reuse/Git_Scripts/Repos/derby/5307/b/NetXAConnection.java -3.610507174504797 -2.4496443717189322 -3.610507174504797 -3.804193254017434 0.19368607951263694
/home/ashley/reuse/Git_Scripts/Repos/derby/5307/b/ClientPreparedStatement.java -2.260357484072408 -1.506904989381605 -2.260357484072408 -2.260357484072408 0.0
/home/ashley/reuse/Git_Scripts/Repos/derby/5307/b/ClobLocatorWriter.java -3.9783404668549314 -2.6522269779032874 -3.9783404668549314 -3.9783404668549314 0.0
/home/ashley/reuse/Git_Scripts/Repos/derby/5307/b/Cursor.java -2.905953809581798 -1.940300531890374 -2.905953809581798 -2.919033533387148 0.013079723805350163
/home/ashley/reuse/Git_Scripts/Repos/derby/5307/b/DssConstants.java -4.206288822281792 -2.8814734451851645 -4.206288822281792 -4.574339094231449 0.3680502719496568
/home/ashley/reuse/Git_Scripts/Repos/derby/5307/b/Diagnosable.java -3.3194407649309507 -2.6172513723494033 -3.3194407649309507 -5.917263972268216 2.5978232073372656
/home/ashley/reuse/Git_Scripts/Repos/derby/5307/b/ColumnMetaData.java -4.229299873787881 -2.8216081790430927 -4.229299873787881 -4.238650821076737 0.009350947288855771
/home/ashley/reuse/Git_Scripts/Repos/derby/5307/b/NetAgent.java -4.234297903122671 -2.8287157667147653 -4.234297903122671 -4.258519055974647 0.024221152851976235
/home/ashley/reuse/Git_Scripts/Repos/derby/5307/b/ClientBlob.java -2.6001311076698572 -1.7360391987765513 -2.6001311076698572 -2.6110369354545613 0.010905827784704059
/home/ashley/reuse/Git_Scripts/Repos/derby/5307/b/StatementCacheInteractor.java -3.9656346678505336 -2.644728414515025 -3.9656346678505336 -3.9700117480578743 0.004377080207340622
/home/ashley/reuse/Git_Scripts/Repos/derby/5307/b/NetSqlca.java -3.3084514028556353 -2.2456328174823224 -3.3084514028556353 -3.4811817973822348 0.17273039452659944
/home/ashley/reuse/Git_Scripts/Repos/derby/5307/b/ExceptionFormatter.java -3.9683925852910704 -2.6448383077025728 -3.9683925852910704 -3.964989161118437 -0.003403424172633507
/home/ashley/reuse/Git_Scripts/Repos/derby/5307/b/DateTime.java -4.201658459519446 -2.8016702648841614 -4.201658459519446 -4.202928994281925 0.0012705347624795138
/home/ashley/reuse/Git_Scripts/Repos/derby/5307/b/Sqlca.java -4.076910193965823 -2.718406968906789 -4.076910193965823 -4.079011694065805 0.002101500099982445
/home/ashley/reuse/Git_Scripts/Repos/derby/5307/b/XaException.java -3.037809038623565 -2.2277266283239476 -3.037809038623565 -4.1769874281074015 1.1391783894838365
/home/ashley/reuse/Git_Scripts/Repos/derby/5307/b/NetCursor.java -2.8583383417959234 -1.9097296216830415 -2.8583383417959234 -2.876486521743834 0.018148179947910403
/home/ashley/reuse/Git_Scripts/Repos/derby/5307/b/NetPackageRequest.java -4.305598423410055 -2.87631207214268 -4.305598423410055 -4.332317562562423 0.026719139152367788
/home/ashley/reuse/Git_Scripts/Repos/derby/5307/b/SqlWarning.java -4.058331703489717 -2.7055544689931446 -4.058331703489717 -4.058331703489717 0.0
/home/ashley/reuse/Git_Scripts/Repos/derby/5307/b/ClientResultSet.java -2.458200060345493 -1.6391382160537358 -2.458200060345493 -2.459722479870893 0.0015224195253997763
/home/ashley/reuse/Git_Scripts/Repos/derby/5307/b/NetStatementReply.java -3.9040576778420664 -2.6000763277493744 -3.9040576778420664 -3.8922519672554308 -0.011805710586635598
/home/ashley/reuse/Git_Scripts/Repos/derby/5307/b/NetConnection.java -2.133030911508374 -1.4327902275425328 -2.133030911508374 -2.1822395606511384 0.04920864914276457
/home/ashley/reuse/Git_Scripts/Repos/derby/5307/b/FdocaConstants.java -3.4535867058943333 -2.4152201797300825 -3.4535867058943333 -4.016487480261914 0.5629007743675811
/home/ashley/reuse/Git_Scripts/Repos/derby/5307/b/NetPreparedStatement.java -3.082253473535989 -2.1035284369155565 -3.082253473535989 -3.3122723894715107 0.23001891593552148
/home/ashley/reuse/Git_Scripts/Repos/derby/5307/b/SqlException.java -2.955581693452147 -1.9846284433036099 -2.955581693452147 -3.0185920959774424 0.06301040252529555
/home/ashley/reuse/Git_Scripts/Repos/derby/5307/b/NetXAResource.java -4.321505591374256 -2.8868453941272456 -4.321505591374256 -4.346693384163283 0.025187792789026275
/home/ashley/reuse/Git_Scripts/Repos/derby/5307/b/NetConnectionRequest.java -4.096216501557248 -2.730316109591801 -4.096216501557248 -4.093990296936837 -0.002226204620411565
/home/ashley/reuse/Git_Scripts/Repos/derby/5307/b/Lob.java -3.5750716993234763 -2.384147493375206 -3.5750716993234763 -3.5750716993234763 0.0
/home/ashley/reuse/Git_Scripts/Repos/derby/5308/b/ClientDriver.java -3.76900593988288 -2.4233179002492786 -3.76900593988288 -3.3936169792929403 -0.37538896058993965
/home/ashley/reuse/Git_Scripts/Repos/derby/5310/b/PreparedStatement.java -2.1396117834165875 -1.4557214213248266 -2.1396117834165875 -2.2770030569794915 0.13739127356290393
/home/ashley/reuse/Git_Scripts/Repos/derby/5311/b/NetworkServerControlImpl.java -3.4550271101182357 -2.3036911842062877 -3.4550271101182357 -3.4565565599235115 0.0015294498052758065
/home/ashley/reuse/Git_Scripts/Repos/derby/5312/b/SQLState.java -4.240212319517123 -2.6266567893203385 -4.240212319517123 -3.4512547813774614 -0.7889575381396612
/home/ashley/reuse/Git_Scripts/Repos/derby/5312/b/Sqlca.java -3.3652598438021015 -2.20778193574278 -3.3652598438021015 -3.2094607769594115 -0.15579906684269007
/home/ashley/reuse/Git_Scripts/Repos/derby/5312/b/SqlWarning.java -1.0245118166780953 -0.6927651331823311 -1.0245118166780953 -1.0697108674138938 0.04519905073579844
/home/ashley/reuse/Git_Scripts/Repos/derby/5312/b/SqlException.java -1.3768173125109053 -0.897258613357863 -1.3768173125109053 -1.2880187502097549 -0.08879856230115046
/home/ashley/reuse/Git_Scripts/Repos/derby/5313/b/DataDictionaryImpl.java -2.003313575567448 -1.2577378832275996 -2.003313575567448 -1.689689488681285 -0.31362408688616283
/home/ashley/reuse/Git_Scripts/Repos/derby/5314/b/DateTime.java -4.092342680476005 -2.850148667521869 -4.092342680476005 -4.694832254932228 0.6024895744562233
/home/ashley/reuse/Git_Scripts/Repos/derby/5315/b/SQLChar.java -3.868248400342778 -2.458570690214436 -3.868248400342778 -3.372843541175391 -0.49540485916738675
/home/ashley/reuse/Git_Scripts/Repos/derby/5317/b/StatementDuration.java -3.717331954370289 -2.395704853366873 -3.717331954370289 -3.36658601590689 -0.3507459384633993
/home/ashley/reuse/Git_Scripts/Repos/derby/5317/b/ErrorLogReader.java -3.605049885222873 -2.405463768674017 -3.605049885222873 -3.614503687369436 0.009453802146563106
/home/ashley/reuse/Git_Scripts/Repos/derby/5318/b/DRDAConnThread.java -1.2350404536471185 -0.7958178872135836 -1.2350404536471185 -1.1188715694022606 -0.11616888424485783
/home/ashley/reuse/Git_Scripts/Repos/derby/5318/b/DRDAStatement.java -3.832097735022484 -2.4754068169612515 -3.832097735022484 -3.4960066181073564 -0.3360911169151275
/home/ashley/reuse/Git_Scripts/Repos/derby/5319/b/SecurityManagerSetup.java -3.807655215750006 -2.4996994444510814 -3.807655215750006 -3.6384998011130283 -0.16915541463697759
/home/ashley/reuse/Git_Scripts/Repos/derby/5320/b/UTF8Reader.java -3.203711092963767 -1.9182430838788314 -3.203711092963767 -2.3889495463910877 -0.8147615465726794
/home/ashley/reuse/Git_Scripts/Repos/derby/5321/b/BrokeredStatement.java -3.266503351173422 -2.189853213045051 -3.266503351173422 -3.319391994484634 0.052888643311212125
/home/ashley/reuse/Git_Scripts/Repos/derby/5321/b/BrokeredStatementControl.java -2.7602031799694644 -1.7699012757056107 -2.7602031799694644 -2.4665645438025 -0.2936386361669645
/home/ashley/reuse/Git_Scripts/Repos/derby/5321/b/BrokeredCallableStatement.java -3.408380025228605 -2.2826505160640824 -3.408380025228605 -3.451252729948462 0.042872704719856713
/home/ashley/reuse/Git_Scripts/Repos/derby/5321/b/BrokeredPreparedStatement.java -3.019929748393437 -1.9886052283641547 -3.019929748393437 -2.909035658571987 -0.11089408982144988
/home/ashley/reuse/Git_Scripts/Repos/derby/5324/b/LanguageConnectionContext.java -1.0924558140635336 -0.7043138574085208 -1.0924558140635336 -0.9905398084064884 -0.10191600565704528
/home/ashley/reuse/Git_Scripts/Repos/derby/5324/b/SetRoleConstantAction.java -2.915410452611826 -1.8137000759178967 -2.915410452611826 -2.399759624258714 -0.5156508283531118
/home/ashley/reuse/Git_Scripts/Repos/derby/5324/b/SpecialFunctionNode.java -2.8993563463451406 -1.910881658590312 -2.8993563463451406 -2.8024626895264086 -0.09689365681873197
/home/ashley/reuse/Git_Scripts/Repos/derby/5324/b/SQLSessionContextTest.java -3.1109942851189194 -2.067983022422223 -3.1109942851189194 -3.0828792090647994 -0.028115076054120003
/home/ashley/reuse/Git_Scripts/Repos/derby/5324/b/GenericLanguageConnectionContext.java -3.095020544632554 -2.0243310668318015 -3.095020544632554 -2.9255442672634815 -0.16947627736907256
/home/ashley/reuse/Git_Scripts/Repos/derby/5325/b/SQLState.java -4.293783341026933 -2.843952659914808 -4.293783341026933 -4.2106107823629735 -0.08317255866395978
/home/ashley/reuse/Git_Scripts/Repos/derby/5325/b/Request.java -2.5704540833153975 -1.8698087971530148 -2.5704540833153975 -3.4292272007113196 0.8587731173959221
/home/ashley/reuse/Git_Scripts/Repos/derby/5326/b/RestrictiveFilePermissionsTest.java -3.833205199528347 -2.546698496406705 -3.833205199528347 -3.794001964533171 -0.039203234995176306
/home/ashley/reuse/Git_Scripts/Repos/derby/5327/b/EmbedClob.java -2.6250246712567753 -1.7055054045705642 -2.6250246712567753 -2.434420857810741 -0.1906038134460344
/home/ashley/reuse/Git_Scripts/Repos/derby/5329/b/SQLState.java -4.240413361748592 -2.7351946382389025 -4.240413361748592 -3.8520844193807737 -0.38832894236781845
/home/ashley/reuse/Git_Scripts/Repos/derby/5329/b/ErrorCodeTest.java -2.1170745045306165 -1.3535542500157334 -2.1170745045306165 -1.8754450666983224 -0.24162943783229407
/home/ashley/reuse/Git_Scripts/Repos/derby/5330/b/InsertResultSet.java -3.3388248095271456 -2.1843293813115814 -3.3388248095271456 -3.15856301907349 -0.18026179045365565
/home/ashley/reuse/Git_Scripts/Repos/derby/5330/b/AlterTableConstantAction.java -2.402113363518752 -1.620286859359268 -2.402113363518752 -2.488913237393364 0.08679987387461185
/home/ashley/reuse/Git_Scripts/Repos/derby/5331/b/scrollCursors2.java -3.11674411539822 -2.108434381674645 -3.11674411539822 -3.2586467391919864 0.1419026237937664
/home/ashley/reuse/Git_Scripts/Repos/derby/5334/b/UpdateNode.java -1.223856931977209 -0.8052873090656361 -1.223856931977209 -1.1770161999248725 -0.04684073205233652
/home/ashley/reuse/Git_Scripts/Repos/derby/5335/b/GrantRevokeTest.java -2.7577006501884513 -1.8440970259701641 -2.7577006501884513 -2.783191437030378 0.025490786841926738
/home/ashley/reuse/Git_Scripts/Repos/derby/5337/b/RAFContainer4.java -1.3066668087761288 -0.876023487086753 -1.3066668087761288 -1.3290242256563287 0.022357416880199876
/home/ashley/reuse/Git_Scripts/Repos/derby/5338/b/JDBC.java -3.3768288678769345 -2.232466188304857 -3.3768288678769345 -3.293823018610686 -0.08300584926624843
/home/ashley/reuse/Git_Scripts/Repos/derby/5340/b/RawStore.java -2.285775510785623 -1.3843522709901883 -2.285775510785623 -1.7549635875514815 -0.5308119232341413
/home/ashley/reuse/Git_Scripts/Repos/derby/5341/b/JDBC.java -3.3393327725426807 -1.5884062223848565 -3.3393327725426807 -1.5143570813544396 -1.824975691188241
/home/ashley/reuse/Git_Scripts/Repos/derby/5342/b/ClientPooledConnection.java -3.505914412394207 -2.1952704454765852 -3.505914412394207 -2.933520222615561 -0.5723941897786462
/home/ashley/reuse/Git_Scripts/Repos/derby/5343/b/ResultSetTest.java -3.5342575656307376 -2.3562768122007762 -3.5342575656307376 -3.5342575656307376 0.0
/home/ashley/reuse/Git_Scripts/Repos/derby/5344/b/DateTime.java -4.076031380188544 -2.827223771934571 -4.076031380188544 -4.613942426781201 0.5379110465926571
/home/ashley/reuse/Git_Scripts/Repos/derby/5344/b/PreparedStatement.java -2.2190347268503903 -1.2502875176086838 -2.2190347268503903 -1.4318593934956592 -0.7871753333547311
/home/ashley/reuse/Git_Scripts/Repos/derby/5344/b/Request.java -2.4047584945347444 -1.6140115919998783 -2.4047584945347444 -2.4539016571708108 0.04914316263606633
/home/ashley/reuse/Git_Scripts/Repos/derby/5344/b/NetStatementRequest.java -3.3505464747450753 -2.1114173638086258 -3.3505464747450753 -2.85420258239811 -0.4963438923469652
/home/ashley/reuse/Git_Scripts/Repos/derby/5345/b/MergeStatementTest.java -2.969175962097227 -0.6211641000804468 -2.969175962097227 -0.39273009093607597 -2.5764458711611513
/home/ashley/reuse/Git_Scripts/Repos/derby/5345/b/MergeNode.java -3.539799130517491 -2.031214579605848 -3.539799130517491 -2.3830588741075984 -1.1567402564098925
/home/ashley/reuse/Git_Scripts/Repos/derby/5347/b/CollationTest2.java -2.871930244903632 -1.914714257045541 -2.871930244903632 -2.871930244903632 0.0
/home/ashley/reuse/Git_Scripts/Repos/derby/5348/b/OptimizerImpl.java -0.2564576098669523 -0.15896369128876867 -0.2564576098669523 -0.20907687842525732 -0.047380731441694995
/home/ashley/reuse/Git_Scripts/Repos/derby/5352/b/ClientJDBCObjectFactoryImpl42.java -3.062596249530958 -2.068595712402489 -3.062596249530958 -3.1867555569443753 0.12415930741341707
/home/ashley/reuse/Git_Scripts/Repos/derby/5354/b/LogicalConnection40.java -3.160201105879726 -2.0580427008151068 -3.160201105879726 -2.945950183447202 -0.21425092243252397
/home/ashley/reuse/Git_Scripts/Repos/derby/5356/b/DatabaseMetaDataTest.java -2.512168806356578 -1.676674544941651 -2.512168806356578 -2.520717187860312 0.00854838150373416
/home/ashley/reuse/Git_Scripts/Repos/derby/5357/b/RAFContainer.java -2.5205484346194633 -1.6612618173541067 -2.5205484346194633 -2.436492544566128 -0.08405589005333525
/home/ashley/reuse/Git_Scripts/Repos/derby/5358/b/AliasDescriptor.java -3.7162708820579766 -2.1835449471990396 -3.7162708820579766 -2.6471283359889894 -1.0691425460689872
/home/ashley/reuse/Git_Scripts/Repos/derby/5358/b/BaseTypeIdImpl.java -4.014571247073878 -2.41823346041235 -4.014571247073878 -3.040763239460238 -0.97380800761364
/home/ashley/reuse/Git_Scripts/Repos/derby/5358/b/FromVTI.java -3.2629968076557034 -1.948431009461361 -3.2629968076557034 -2.4181840774127186 -0.8448127302429849
/home/ashley/reuse/Git_Scripts/Repos/derby/5358/b/DataDictionaryImpl.java -1.0828888709208564 -0.6650157687912082 -1.0828888709208564 -0.8616501465881415 -0.22123872433271485
/home/ashley/reuse/Git_Scripts/Repos/derby/5358/b/RoutineAliasInfo.java -2.749052439606948 -1.6551512087620506 -2.749052439606948 -2.079756992709178 -0.6692954468977699
/home/ashley/reuse/Git_Scripts/Repos/derby/5358/b/DataTypeDescriptor.java -3.1493350681228702 -1.981113392995036 -3.1493350681228702 -2.66981218771427 -0.4795228804086
/home/ashley/reuse/Git_Scripts/Repos/derby/5358/b/RowMultiSetImpl.java -2.9483493834363768 -1.9213962274079759 -2.9483493834363768 -2.753199245355615 -0.19515013808076187
/home/ashley/reuse/Git_Scripts/Repos/derby/5358/b/TypeId.java -3.954436661014986 -2.815255626493713 -3.954436661014986 -4.885279310270334 0.9308426492553474
/home/ashley/reuse/Git_Scripts/Repos/derby/5359/b/DRDAXAProtocol.java -4.25788763429827 -2.8127940659235 -4.25788763429827 -4.143870450061135 -0.11401718423713536
/home/ashley/reuse/Git_Scripts/Repos/derby/5359/b/XATransactionState.java -3.9325847180882594 -2.5954674910294275 -3.9325847180882594 -3.8167542773974414 -0.11583044069081794
/home/ashley/reuse/Git_Scripts/Repos/derby/5359/b/XATransactionTest.java -0.5784807255077083 -0.38235979622914235 -0.5784807255077083 -0.5635425531253273 -0.014938172382381043
/home/ashley/reuse/Git_Scripts/Repos/derby/5360/b/checkDataSource.java -2.509330858815368 -1.6649774723468456 -2.509330858815368 -2.4740703463431344 -0.03526051247223361
/home/ashley/reuse/Git_Scripts/Repos/derby/5361/b/OpenConglomerateScratchSpace.java -3.404725971463233 -2.1540103084767392 -3.404725971463233 -2.922826295502283 -0.4818996759609502
/home/ashley/reuse/Git_Scripts/Repos/derby/5363/b/CachedPage.java -3.7826906184592715 -2.532897099574172 -3.7826906184592715 -3.831057467070365 0.04836684861109353
/home/ashley/reuse/Git_Scripts/Repos/derby/5365/b/ModuleFactory.java -3.932319168712229 -2.6314462110868844 -3.932319168712229 -3.9772086569395375 0.044889488227308316
/home/ashley/reuse/Git_Scripts/Repos/derby/5365/b/PropertyUtil.java -3.6851808481923873 -2.4669898369128442 -3.6851808481923873 -3.7314770900038496 0.0462962418114623
/home/ashley/reuse/Git_Scripts/Repos/derby/5366/b/SQLState.java -4.260248067583804 -2.821710131402406 -4.260248067583804 -4.177559708466144 -0.08268835911766015
/home/ashley/reuse/Git_Scripts/Repos/derby/5367/b/TriggerTest.java -3.0691570733654605 -1.7613546814508299 -3.0691570733654605 -2.066559269223649 -1.0025978041418115
/home/ashley/reuse/Git_Scripts/Repos/derby/5367/b/DataDictionaryImpl.java -2.0705010914422926 -1.3555377101858492 -2.0705010914422926 -1.9627874531830738 -0.10771363825921876
/home/ashley/reuse/Git_Scripts/Repos/derby/5368/b/NetworkServerControlImpl.java -3.2644330163512056 -2.0633090123610764 -3.2644330163512056 -2.803846247561067 -0.4605867687901388
/home/ashley/reuse/Git_Scripts/Repos/derby/5369/b/AutomaticIndexStatisticsTest.java -3.3678939126214087 -2.1448571109846655 -3.3678939126214087 -2.9523183141488443 -0.4155755984725644
/home/ashley/reuse/Git_Scripts/Repos/derby/5370/b/Statement.java -1.2083381041869539 -0.774679830570604 -1.2083381041869539 -1.0792774112407273 -0.12906069294622657
/home/ashley/reuse/Git_Scripts/Repos/derby/5370/b/PreparedStatement.java -1.0340435795038054 -0.6690643511064502 -1.0340435795038054 -0.9477822882885988 -0.08626129121520665
/home/ashley/reuse/Git_Scripts/Repos/derby/5371/b/ReplicationRun.java -1.772678489073525 -1.1636170882255379 -1.772678489073525 -1.6933588132033062 -0.07931967587021882
/home/ashley/reuse/Git_Scripts/Repos/derby/5371/b/ReplicationRun_Local_StateTest_part1_1.java -2.8200364919830716 -2.1814456874026353 -2.8200364919830716 -4.807490781571142 1.98745428958807
/home/ashley/reuse/Git_Scripts/Repos/derby/5372/b/Utilities.java -3.4108537036454982 -1.1178428104384406 -3.4108537036454982 -0.8303576432095783 -2.58049606043592
/home/ashley/reuse/Git_Scripts/Repos/derby/5373/b/RequiredRowOrdering.java -3.2542069352745666 -2.190636863745806 -3.2542069352745666 -3.3513474408051507 0.09714050553058406
/home/ashley/reuse/Git_Scripts/Repos/derby/5374/b/NetConnection40.java -2.268751987212496 -1.5509175413310388 -2.268751987212496 -2.4508765733419398 0.1821245861294436
/home/ashley/reuse/Git_Scripts/Repos/derby/5374/b/EmbedConnection40.java -2.889137806219482 -1.884117006852014 -2.889137806219482 -2.7049424797308728 -0.18419532648860937
/home/ashley/reuse/Git_Scripts/Repos/derby/5376/b/OutBufferedStream.java -3.1770172214835064 -2.0974482627269753 -3.1770172214835064 -3.0862453008696917 -0.09077192061381467
/home/ashley/reuse/Git_Scripts/Repos/derby/5376/b/SuicideOfStreaming.java -2.7822744041072602 -1.6707988045283289 -2.7822744041072602 -2.0911933424419082 -0.691081061665352
/home/ashley/reuse/Git_Scripts/Repos/derby/5376/b/SwitchablePrintStream.java -3.376273101073446 -2.250848734048964 -3.376273101073446 -3.376273101073446 0.0
/home/ashley/reuse/Git_Scripts/Repos/derby/5376/b/dataSourcePermissions_net.java -2.911041828584759 -1.940947378673371 -2.911041828584759 -2.911041828584759 0.0
/home/ashley/reuse/Git_Scripts/Repos/derby/5377/b/SystemProcedures.java -3.1295298663429207 -1.7424095814248353 -3.1295298663429207 -1.9655551446257975 -1.1639747217171232
/home/ashley/reuse/Git_Scripts/Repos/derby/5381/b/DataTypeDescriptor.java -3.021616294457831 -1.820613986790733 -3.021616294457831 -2.2897392578660956 -0.7318770365917353
/home/ashley/reuse/Git_Scripts/Repos/derby/5382/b/EmbedXAResource.java -4.211156501474828 -2.780768811756934 -4.211156501474828 -4.0918377490718765 -0.11931875240295131
/home/ashley/reuse/Git_Scripts/Repos/derby/5383/b/LogToFile.java -3.194512369599618 -2.1222969159282092 -3.194512369599618 -3.1613033935040122 -0.0332089760956058
/home/ashley/reuse/Git_Scripts/Repos/derby/5383/b/RawStore.java -1.8646575286170657 -1.133208233290557 -1.8646575286170657 -1.4444236102195216 -0.4202339183975441
/home/ashley/reuse/Git_Scripts/Repos/derby/5384/b/SysinfoLocaleTest.java -3.959841564392291 -2.575988482469985 -3.959841564392291 -3.6809093284099412 -0.27893223598234984
/home/ashley/reuse/Git_Scripts/Repos/derby/5385/b/RAFContainer4.java -1.3066668087761295 -0.8611317352737488 -1.3066668087761295 -1.2627650698974517 -0.043901738878677765
/home/ashley/reuse/Git_Scripts/Repos/derby/5386/b/MissingPermissionsTest.java -3.7855682740481527 -2.565377242318795 -3.7855682740481527 -3.9762305266809594 0.19066225263280678
/home/ashley/reuse/Git_Scripts/Repos/derby/5388/b/Import.java -3.8224492564356405 -2.3850460485568856 -3.8224492564356405 -3.1712457036759396 -0.6512035527597009
/home/ashley/reuse/Git_Scripts/Repos/derby/5389/b/ReplicationRun_Local_3_p3.java -2.0364227055466078 -1.1740748931835234 -2.0364227055466078 -1.383943255202838 -0.6524794503437699
/home/ashley/reuse/Git_Scripts/Repos/derby/5390/b/updatableResultSet.java -2.725079299646109 -1.764828694967761 -2.725079299646109 -2.504064777602046 -0.2210145220440629
/home/ashley/reuse/Git_Scripts/Repos/derby/5391/b/DataSourceTest.java -2.377569977422098 -1.584178251860389 -2.377569977422098 -2.373666455773574 -0.003903521648524144
/home/ashley/reuse/Git_Scripts/Repos/derby/5392/b/LiveLockTest.java -3.6736534834693795 -2.4557215177786302 -3.6736534834693795 -3.698576505745291 0.024923022275911588
/home/ashley/reuse/Git_Scripts/Repos/derby/5393/b/UTF8Reader.java -3.2739520425934208 -2.027547296339937 -3.2739520425934208 -2.6628960745937746 -0.6110559679996461
/home/ashley/reuse/Git_Scripts/Repos/derby/5393/b/ClobUpdateableReaderTest.java -0.5838231981655788 -0.291582869804543 -0.5838231981655788 -0.2912548800747291 -0.2925683180908497
/home/ashley/reuse/Git_Scripts/Repos/derby/5394/b/CheckConstraintTest.java -2.7539991822208005 -1.80717077811536 -2.7539991822208005 -2.6282200784656586 -0.1257791037551419
/home/ashley/reuse/Git_Scripts/Repos/derby/5395/b/VFMemoryStorageFactory.java -4.835959588909798 -3.2323068153348355 -4.835959588909798 -4.868235181271821 0.03227559236202282
/home/ashley/reuse/Git_Scripts/Repos/derby/5396/b/ReplicationRun.java -1.772488719382663 -1.1737849977718093 -1.772488719382663 -1.737521074642189 -0.03496764474047409
/home/ashley/reuse/Git_Scripts/Repos/derby/5398/b/ParameterMappingTest.java -2.1461327821206413 -1.1668558967886857 -2.1461327821206413 -1.2785650853258004 -0.8675676967948409
/home/ashley/reuse/Git_Scripts/Repos/derby/5399/b/HeapConglomerateFactory.java -3.775334511053105 -2.471980083265183 -3.775334511053105 -3.5761866748920546 -0.19914783616105058
/home/ashley/reuse/Git_Scripts/Repos/derby/5399/b/B2IFactory.java -4.037989348451954 -2.609214684298778 -4.037989348451954 -3.6826846971018417 -0.35530465135011235
/home/ashley/reuse/Git_Scripts/Repos/derby/5400/b/SecurityManagerSetup.java -3.7457556393495515 -2.353074333821015 -3.7457556393495515 -3.1644143641225013 -0.5813412752270501
/home/ashley/reuse/Git_Scripts/Repos/derby/5401/b/OrderByColumn.java -3.7159464397779267 -2.251057674602821 -3.7159464397779267 -2.8551006569687374 -0.8608457828091893
/home/ashley/reuse/Git_Scripts/Repos/derby/5401/b/TableName.java -3.2153808474450454 -2.13142158332339 -3.2153808474450454 -3.155936831777994 -0.059444015667051264
/home/ashley/reuse/Git_Scripts/Repos/derby/5401/b/ResultColumnList.java -2.4033718692214956 -1.5485794382681743 -2.4033718692214956 -2.1768574841621735 -0.2265143850593221
/home/ashley/reuse/Git_Scripts/Repos/derby/5405/b/ResourceAdapter.java -3.5954249738286292 -2.43615243553809 -3.5954249738286292 -3.7506231741377785 0.15519820030914921
/home/ashley/reuse/Git_Scripts/Repos/derby/5406/b/ClobUpdateableReader.java -4.356980625818596 -2.9088879396864677 -4.356980625818596 -4.356980625818596 0.0
/home/ashley/reuse/Git_Scripts/Repos/derby/5406/b/ClobUtf8Writer.java -3.1126818517357626 -2.0751212344905086 -3.1126818517357626 -3.1126818517357626 0.0
/home/ashley/reuse/Git_Scripts/Repos/derby/5406/b/ClobStreamControl.java -3.7881151758805123 -2.526290051092439 -3.7881151758805123 -3.7881151758805123 0.0
/home/ashley/reuse/Git_Scripts/Repos/derby/5406/b/ClobAsciiStream.java -4.380889063778269 -2.9205927091855126 -4.380889063778269 -4.380889063778269 0.0
/home/ashley/reuse/Git_Scripts/Repos/derby/5406/b/LOBInputStream.java -0.9572484428114879 -0.6381656285409919 -0.9572484428114879 -0.9572484428114879 0.0
/home/ashley/reuse/Git_Scripts/Repos/derby/5406/b/LOBStreamControl.java -3.324662444615311 -2.2164416297435405 -3.324662444615311 -3.324662444615311 0.0
/home/ashley/reuse/Git_Scripts/Repos/derby/5407/b/ConcurrentLockSet.java -4.358910918564577 -2.9097496384412254 -4.358910918564577 -4.374528657434389 0.015617738869812214
/home/ashley/reuse/Git_Scripts/Repos/derby/5407/b/LockSet.java -4.0844815404537504 -2.7271272310235437 -4.0844815404537504 -4.103166268452166 0.018684727998415696
/home/ashley/reuse/Git_Scripts/Repos/derby/5409/b/LogicalDatabaseMetaData40.java -3.2245217123320145 -2.0855619238316954 -3.2245217123320145 -2.945682805944102 -0.27883890638791264
/home/ashley/reuse/Git_Scripts/Repos/derby/5409/b/NetResultSet40.java -3.193303285761661 -2.1316922906720195 -3.193303285761661 -3.2060425275931568 0.012739241831495995
/home/ashley/reuse/Git_Scripts/Repos/derby/5412/b/DatabasePropertyTestSetup.java -3.4992919462484036 -2.2212439358200036 -3.4992919462484036 -3.040879901163736 -0.4584120450846676
/home/ashley/reuse/Git_Scripts/Repos/derby/5413/b/AllocExtent.java -3.8507574791563175 -2.4291262667620317 -3.8507574791563175 -3.2898743563019965 -0.560883122854321
/home/ashley/reuse/Git_Scripts/Repos/derby/5413/b/OnlineCompressTest.java -2.576716984512656 -1.6259775524622935 -2.576716984512656 -2.203381828199997 -0.37333515631265923
/home/ashley/reuse/Git_Scripts/Repos/derby/5414/b/AutomaticIndexStatisticsTest.java -0.5738105548084635 -0.38002093966693107 -0.5738105548084635 -0.5626205152166105 -0.011190039591853052
/home/ashley/reuse/Git_Scripts/Repos/derby/5415/b/DataDictionaryImpl.java -2.2042185470410387 -1.2460632296127225 -2.2042185470410387 -1.4332381785254447 -0.770980368515594
/home/ashley/reuse/Git_Scripts/Repos/derby/5416/b/ResultSet.java -2.2276698192129087 -1.4532151137094327 -2.2276698192129087 -2.0900405321509328 -0.13762928706197597
/home/ashley/reuse/Git_Scripts/Repos/derby/5416/b/Cursor.java -2.4462302898524 -1.617486967332144 -2.4462302898524 -2.387196074712674 -0.059034215139726065
/home/ashley/reuse/Git_Scripts/Repos/derby/5416/b/CrossConverters.java -3.3773305262517845 -2.1874468240065976 -3.3773305262517845 -3.1040445754426025 -0.27328595080918205
/home/ashley/reuse/Git_Scripts/Repos/derby/5416/b/CallableStatement.java -2.364268972321484 -1.7087785270852627 -2.364268972321484 -3.081671198655674 0.7174022263341904
/home/ashley/reuse/Git_Scripts/Repos/derby/5417/b/NewByteArrayInputStream.java -3.520828497981528 -2.335529661011651 -3.520828497981528 -3.4687452361770674 -0.052083261804460435
/home/ashley/reuse/Git_Scripts/Repos/derby/5417/b/AccessibleByteArrayOutputStream.java -2.91669531916514 -1.1245090387142709 -2.91669531916514 -0.915041668757691 -2.001653650407449
/home/ashley/reuse/Git_Scripts/Repos/derby/5418/b/jdk17.java -3.6956497951254286 -2.439441613707617 -3.6956497951254286 -3.580878062357558 -0.11477173276787056
/home/ashley/reuse/Git_Scripts/Repos/derby/5419/b/EmbedDatabaseMetaData.java -2.8333251415708007 -1.817027554486326 -2.8333251415708007 -2.5323976831856645 -0.30092745838513624
/home/ashley/reuse/Git_Scripts/Repos/derby/5420/b/LogicalConnection.java -2.5254934785286505 -1.6408482740345078 -2.5254934785286505 -2.341092367397987 -0.1844011111306636
/home/ashley/reuse/Git_Scripts/Repos/derby/5420/b/NetConnection.java -1.998468033505698 -1.3923462332512877 -1.998468033505698 -2.2953797714888577 0.29691173798315984
/home/ashley/reuse/Git_Scripts/Repos/derby/5421/b/CollationTest.java -1.868844150156765 -1.243893051712059 -1.868844150156765 -1.8598593225117805 -0.008984827644984428
/home/ashley/reuse/Git_Scripts/Repos/derby/5421/b/CreateAliasNode.java -3.881587248193511 -2.5750709209694524 -3.881587248193511 -3.822882056902018 -0.0587051912914931
/home/ashley/reuse/Git_Scripts/Repos/derby/5422/b/_Suite.java -2.465147348075023 -1.701095830835396 -2.465147348075023 -2.7185737109612407 0.25342636288621767
/home/ashley/reuse/Git_Scripts/Repos/derby/5423/b/LocalizedResource.java -4.438068310975813 -2.9686431521511665 -4.438068310975813 -4.481437056685674 0.043368745709861045
/home/ashley/reuse/Git_Scripts/Repos/derby/5425/b/SQLState.java -4.23739754494946 -2.812983658931142 -4.23739754494946 -4.183319545287389 -0.05407799966207172
/home/ashley/reuse/Git_Scripts/Repos/derby/5425/b/SqlXmlUtil.java -4.115088056197721 -2.4372404322866803 -4.115088056197721 -2.9887871967796906 -1.1263008594180306
/home/ashley/reuse/Git_Scripts/Repos/derby/5425/b/XML.java -3.0466638857342976 -1.7415600840058396 -3.0466638857342976 -2.032768660144071 -1.0138952255902267
/home/ashley/reuse/Git_Scripts/Repos/derby/5425/b/XMLDataValue.java -4.295521155949127 -2.4406370204256405 -4.295521155949127 -2.826000760492847 -1.4695203954562803
/home/ashley/reuse/Git_Scripts/Repos/derby/5427/b/BaseDataFileFactory.java -2.338511885800261 -1.5370563027995712 -2.338511885800261 -2.2421697363675053 -0.09634214943275587
/home/ashley/reuse/Git_Scripts/Repos/derby/5428/b/StaticMethodCallNode.java -3.6840467782842325 -2.4411859028439515 -3.6840467782842325 -3.6172873386444224 -0.06675943963981013
/home/ashley/reuse/Git_Scripts/Repos/derby/5428/b/MethodCallNode.java -3.660294284201943 -2.4541771905535104 -3.660294284201943 -3.72314860623297 0.06285432203102737
/home/ashley/reuse/Git_Scripts/Repos/derby/5429/b/EmbeddedDataSource40.java -2.312174155274213 -1.4164670500778964 -2.312174155274213 -1.8072165811338678 -0.5049575741403454
/home/ashley/reuse/Git_Scripts/Repos/derby/5431/b/Dependent.java -2.2215984232011596 -1.6133036168484611 -2.2215984232011596 -2.9143549207585107 0.692756497557351
/home/ashley/reuse/Git_Scripts/Repos/derby/5432/b/DDLStatementNode.java -2.9916497325916214 -1.9906414570476567 -2.9916497325916214 -2.9746517227473506 -0.0169980098442708
/home/ashley/reuse/Git_Scripts/Repos/derby/5433/b/AssertFailure.java -3.7666321380498102 -3.1669693101015817 -3.7666321380498102 -9.793243558929507 6.026611420879697
/home/ashley/reuse/Git_Scripts/Repos/derby/5433/b/splitmessages.java -3.281801591023996 -1.8107920394917758 -3.281801591023996 -2.0170848034845097 -1.2647167875394865
/home/ashley/reuse/Git_Scripts/Repos/derby/5433/b/SanityManager.java -4.185587459501345 -4.1125330582574815 -4.185587459501345 -117.81197643361139 113.62638897411004
/home/ashley/reuse/Git_Scripts/Repos/derby/5434/b/ReplicationRun.java -1.2723049651320026 -0.8463791660013976 -1.2723049651320026 -1.2641314725310377 -0.008173492600964893
/home/ashley/reuse/Git_Scripts/Repos/derby/5435/b/UpgradeRun.java -4.023114276552791 -2.366892081864142 -4.023114276552791 -2.874698019427722 -1.148416257125069
/home/ashley/reuse/Git_Scripts/Repos/derby/5436/b/ReplicationMessageReceive.java -4.1388624000815035 -2.674817043634763 -4.1388624000815035 -3.780859534251669 -0.3580028658298344
/home/ashley/reuse/Git_Scripts/Repos/derby/5437/b/NetAgent.java -4.233733913168488 -2.8195399658579414 -4.233733913168488 -4.218290381437285 -0.015443531731203386
/home/ashley/reuse/Git_Scripts/Repos/derby/5437/b/Request.java -0.7400203048061765 -0.4892128558780551 -0.7400203048061765 -0.7215866368218431 -0.018433667984333435
/home/ashley/reuse/Git_Scripts/Repos/derby/5438/b/Version.java -3.754160815271554 -2.501079378623703 -3.754160815271554 -3.742749992124832 -0.011410823146722038
/home/ashley/reuse/Git_Scripts/Repos/derby/5438/b/SqlException.java -1.4407669771369223 -1.0084811051736566 -1.4407669771369223 -1.6795014149990686 0.23873443786214632
/home/ashley/reuse/Git_Scripts/Repos/derby/5439/b/TriggerGeneralTest.java -2.7574181079537077 -1.8374754706704846 -2.7574181079537077 -2.7538065583689613 -0.0036115495847464096
/home/ashley/reuse/Git_Scripts/Repos/derby/5440/b/TestConfiguration.java -3.0632055337502715 -2.147843611521595 -3.0632055337502715 -3.593816979203268 0.5306114454529967
/home/ashley/reuse/Git_Scripts/Repos/derby/5441/b/DatabaseMetaDataTest.java -2.7082507924241153 -0.6484888816769767 -2.7082507924241153 -0.42632852819451533 -2.2819222642295998
/home/ashley/reuse/Git_Scripts/Repos/derby/5445/b/InternationalConnectTest.java -3.1728481171040883 -2.1012106533094626 -3.1728481171040883 -3.110577266207653 -0.06227085089643536
/home/ashley/reuse/Git_Scripts/Repos/derby/5448/b/utilMain.java -3.942110828952546 -2.5968417035554068 -3.942110828952546 -3.8048289399488193 -0.13728188900372684
/home/ashley/reuse/Git_Scripts/Repos/derby/5449/b/TestConfiguration.java -3.6918315304494596 -2.2783098993057327 -3.6918315304494596 -2.974731389184375 -0.7171001412650844
