/home/ashley/reuse/Results/../Git_Scripts/atmosphere/1012/b/GlassFishWebSocketSupport.java -3.006639235760401 -2.003766806464004 -3.006639235760401 -3.000714823473188 -0.005924412287212633
/home/ashley/reuse/Results/../Git_Scripts/atmosphere/5272/b/GlassFishWebSocketSupport.java -3.006639235760401 -2.003766806464004 -3.006639235760401 -3.000714823473188 -0.005924412287212633
/home/ashley/reuse/Results/../Git_Scripts/atmosphere/5744/b/GlassFishWebSocketSupport.java -3.006639235760401 -2.003766806464004 -3.006639235760401 -3.000714823473188 -0.005924412287212633
/home/ashley/reuse/Results/../Git_Scripts/atmosphere/3425/b/GlassFishWebSocketSupport.java -2.5595978493188647 -1.8725168598127637 -2.5595978493188647 -3.4878640221405126 0.9282661728216479
/home/ashley/reuse/Results/../Git_Scripts/atmosphere/4568/b/GlassFishWebSocketSupport.java -2.5962835636354096 -1.7244485224357875 -2.5962835636354096 -2.5676631149024205 -0.02862044873298908
/home/ashley/reuse/Results/../Git_Scripts/atmosphere/2150/b/GlassFishWebSocketSupport.java -2.4814874208283784 -1.6381780311413607 -2.4814874208283784 -2.410217547123125 -0.0712698737052535
/home/ashley/reuse/Results/../Git_Scripts/atmosphere/2726/b/GlassFishWebSocketSupport.java -3.006639235760401 -2.003766806464004 -3.006639235760401 -3.000714823473188 -0.005924412287212633
/home/ashley/reuse/Results/../Git_Scripts/atmosphere/5264/b/GlassFishWebSocketSupport.java -2.4037868310991226 -0.877668717502942 -2.4037868310991226 -0.6905251410166285 -1.713261690082494
/home/ashley/reuse/Results/../Git_Scripts/atmosphere/3493/b/GlassFishWebSocketSupport.java -2.4037868310991226 -0.877668717502942 -2.4037868310991226 -0.6905251410166285 -1.713261690082494
/home/ashley/reuse/Results/../Git_Scripts/atmosphere/1370/b/GlassFishWebSocketSupport.java -2.643895461115076 -1.7661011430112636 -2.643895461115076 -2.6597271704630705 0.015831709347994494
/home/ashley/reuse/Results/../Git_Scripts/atmosphere/1408/b/GlassFishWebSocketSupport.java -2.643895461115076 -1.7661011430112636 -2.643895461115076 -2.6597271704630705 0.015831709347994494
/home/ashley/reuse/Results/../Git_Scripts/atmosphere/347/b/GlassFishWebSocketSupport.java -2.4814874208283784 -1.6381780311413605 -2.4814874208283784 -2.4102175471231244 -0.07126987370525395
/home/ashley/reuse/Results/../Git_Scripts/atmosphere/4224/b/GlassFishWebSocketSupport.java -2.4037868310991226 -0.877668717502942 -2.4037868310991226 -0.6905251410166285 -1.713261690082494
/home/ashley/reuse/Results/../Git_Scripts/atmosphere/5729/b/GlassFishWebSocketSupport.java -2.5577493261269306 -1.6660569005046981 -2.5577493261269306 -2.389476344144896 -0.16827298198203477
/home/ashley/reuse/Results/../Git_Scripts/atmosphere/1867/b/GlassFishWebSocketSupport.java -2.643895461115076 -1.7661011430112636 -2.643895461115076 -2.6597271704630705 0.015831709347994494
/home/ashley/reuse/Results/../Git_Scripts/atmosphere/399/b/GlassFishWebSocketSupport.java -2.5595978493188647 -1.8725168598127637 -2.5595978493188647 -3.4878640221405126 0.9282661728216479
/home/ashley/reuse/Results/../Git_Scripts/atmosphere/5544/b/GlassFishWebSocketSupport.java -2.5595978493188647 -1.8725168598127637 -2.5595978493188647 -3.4878640221405126 0.9282661728216479
