before_file_path change CE-Avg CE-Left CE-Right CE-Diff
/home/ashley/reuse/Git_Scripts/Repos/atmosphere/1/b/AtmosphereServlet.java -7.108616430289252 -6.59332762056157 -7.108616430289252 -45.47880350688503 38.370187076595776
/home/ashley/reuse/Git_Scripts/Repos/atmosphere/2/b/DefaultWebSocketProcessor.java -6.89373228134072 -3.8854241817851314 -6.89373228134072 -4.451850213186429 -2.4418820681542908
/home/ashley/reuse/Git_Scripts/Repos/atmosphere/3/b/BroadcasterConfig.java -7.368536390281954 -4.557819880298411 -7.368536390281954 -5.974359478986734 -1.3941769112952205
/home/ashley/reuse/Git_Scripts/Repos/atmosphere/3/b/AtmosphereServlet.java -7.140085403035595 -4.683680372920942 -7.140085403035595 -6.807077304677281 -0.3330080983583139
/home/ashley/reuse/Git_Scripts/Repos/atmosphere/7/b/AbstractBroadcasterCache.java -6.995320029514338 -4.630565450937356 -6.995320029514338 -6.841817709117472 -0.15350232039686595
/home/ashley/reuse/Git_Scripts/Repos/atmosphere/7/b/SessionBroadcasterCache.java -6.879726997175462 -4.586484664783642 -6.879726997175462 -6.879726997175462 0.0
/home/ashley/reuse/Git_Scripts/Repos/atmosphere/7/b/DefaultBroadcaster.java -6.749315810352133 -4.444815693646321 -6.749315810352133 -6.5088876797522985 -0.2404281305998346
/home/ashley/reuse/Git_Scripts/Repos/atmosphere/7/b/BroadcasterCache.java -10.568615489012812 -6.978320275041953 -10.568615489012812 -10.199083478907468 -0.36953201010534364
/home/ashley/reuse/Git_Scripts/Repos/atmosphere/7/b/DefaultBroadcasterCache.java -7.772558960652072 -4.754348780055219 -7.772558960652072 -6.094781916282241 -1.6777770443698303
/home/ashley/reuse/Git_Scripts/Repos/atmosphere/7/b/UUIDBroadcasterCache.java -6.753880322584306 -4.519004700799344 -6.753880322584306 -6.828303246249146 0.07442292366484082
/home/ashley/reuse/Git_Scripts/Repos/atmosphere/7/b/HeaderBroadcasterCache.java -7.961350811269376 -5.313738797289095 -7.961350811269376 -7.961350811269376 0.0
/home/ashley/reuse/Git_Scripts/Repos/atmosphere/8/b/DefaultWebSocketProcessor.java -7.082963476156157 -4.715016611720775 -7.082963476156157 -7.051739832483715 -0.031223643672441348
/home/ashley/reuse/Git_Scripts/Repos/atmosphere/8/b/WebSocketHandlerTest.java -7.184524863757315 -4.629952143294991 -7.184524863757315 -6.510679070723274 -0.6738457930340411
/home/ashley/reuse/Git_Scripts/Repos/atmosphere/8/b/WebSocket.java -7.0937258114210335 -4.729150540947356 -7.0937258114210335 -7.0937258114210335 0.0
/home/ashley/reuse/Git_Scripts/Repos/atmosphere/9/b/DefaultBroadcaster.java -6.813058045916789 -4.561402438991221 -6.813058045916789 -6.9001834712641985 0.08712542534740919
/home/ashley/reuse/Git_Scripts/Repos/atmosphere/10/b/DefaultWebSocketProcessor.java -7.036845731677401 -4.687361659625828 -7.036845731677401 -7.01946467305999 -0.017381058617410794
/home/ashley/reuse/Git_Scripts/Repos/atmosphere/11/b/HeartbeatInterceptor.java -7.245777095116943 -4.335587933963417 -7.245777095116943 -5.3973645708524165 -1.8484125242645266
/home/ashley/reuse/Git_Scripts/Repos/atmosphere/12/b/ChatAtmosphereHandler.java -7.1519661009397035 -6.177936431954582 -7.1519661009397035 -22.68123515228081 15.529269051341107
/home/ashley/reuse/Git_Scripts/Repos/atmosphere/14/b/DefaultAnnotationProcessor.java -7.147485361141797 -3.939506015953272 -7.147485361141797 -4.386381502342116 -2.7611038587996806
/home/ashley/reuse/Git_Scripts/Repos/atmosphere/14/b/MeteorService.java -3.9582469677710512 -1.9873356145240548 -3.9582469677710512 -1.9873356145240548 -1.9709113532469964
/home/ashley/reuse/Git_Scripts/Repos/atmosphere/15/b/ApplicationConfig.java -8.309557755630813 -5.059702307642626 -8.309557755630813 -6.46075651374923 -1.8488012418815831
/home/ashley/reuse/Git_Scripts/Repos/atmosphere/16/b/BroadcasterCacheInspectorServiceProcessor.java -9.313413220432961 -6.385178496104693 -9.313413220432961 -10.084178452468791 0.7707652320358296
/home/ashley/reuse/Git_Scripts/Repos/atmosphere/17/b/JSR356WebSocket.java -7.291667144761962 -4.103852865393667 -7.291667144761962 -4.693486897777815 -2.598180246984147
/home/ashley/reuse/Git_Scripts/Repos/atmosphere/18/b/JSR356Endpoint.java -7.295998803341938 -4.94803425806841 -7.295998803341938 -7.687691046790583 0.39169224344864517
/home/ashley/reuse/Git_Scripts/Repos/atmosphere/18/b/JSR356AsyncSupport.java -8.003831174643556 -5.360774984509397 -8.003831174643556 -8.105431288285011 0.10160011364145483
/home/ashley/reuse/Git_Scripts/Repos/atmosphere/19/b/WebSocketProcessor.java -7.870744388369372 -4.762858768023031 -7.870744388369372 -6.030988347125138 -1.8397560412442342
/home/ashley/reuse/Git_Scripts/Repos/atmosphere/19/b/GlassFishWebSocketSupport.java -8.344420393501668 -4.830688994381271 -8.344420393501668 -5.735967719312564 -2.6084526741891043
/home/ashley/reuse/Git_Scripts/Repos/atmosphere/20/b/DefaultBroadcaster.java -6.860103900923578 -4.340586429175728 -6.860103900923578 -5.908618126246381 -0.951485774677197
/home/ashley/reuse/Git_Scripts/Repos/atmosphere/21/b/ManagedServiceProcessor.java -7.998329597047158 -5.386375088011446 -7.998329597047158 -8.247081474467286 0.24875187742012805
/home/ashley/reuse/Git_Scripts/Repos/atmosphere/21/b/ManagedServiceInterceptor.java -7.681138749753998 -5.487415466045939 -7.681138749753998 -9.593275128759236 1.9121363790052381
/home/ashley/reuse/Git_Scripts/Repos/atmosphere/22/b/AnnotationUtil.java -7.436859925094851 -4.54988014050834 -7.436859925094851 -5.852442364488757 -1.5844175606060933
/home/ashley/reuse/Git_Scripts/Repos/atmosphere/22/b/WebSocketHandlerServiceProcessor.java -8.190462490394683 -5.440024863605384 -8.190462490394683 -8.081979543502039 -0.1084829468926447
/home/ashley/reuse/Git_Scripts/Repos/atmosphere/24/b/AtmosphereFilter.java -7.468715162856267 -5.0477341885427025 -7.468715162856267 -7.786118369378388 0.31740320652212173
/home/ashley/reuse/Git_Scripts/Repos/atmosphere/25/b/JSR356Endpoint.java -7.391621973253835 -4.397504132474977 -7.391621973253835 -5.428090994010637 -1.9635309792431972
/home/ashley/reuse/Git_Scripts/Repos/atmosphere/26/b/AtmosphereFramework.java -7.08314169433459 -4.6177485552828 -7.08314169433459 -6.633458738847781 -0.4496829554868089
/home/ashley/reuse/Git_Scripts/Repos/atmosphere/26/b/AtmosphereConfig.java -7.04918415508667 -5.07897678589812 -7.04918415508667 -9.063236770825718 2.0140526157390477
/home/ashley/reuse/Git_Scripts/Repos/atmosphere/27/b/GlassFishWebSocketSupport.java -8.131887984917782 -5.421258656611855 -8.131887984917782 -8.123077705410829 -0.008810279506953123
/home/ashley/reuse/Git_Scripts/Repos/atmosphere/27/b/ApplicationConfig.java -8.382522455522102 -5.470194653832137 -8.382522455522102 -7.872401845564343 -0.5101206099577587
/home/ashley/reuse/Git_Scripts/Repos/atmosphere/28/b/DefaultBroadcaster.java -6.844102562736843 -4.549055255029424 -6.844102562736843 -6.782910449039747 -0.06119211369709632
/home/ashley/reuse/Git_Scripts/Repos/atmosphere/29/b/AsynchronousProcessor.java -6.741682009775785 -4.346906533104981 -6.741682009775785 -6.116415941023574 -0.6252660687522109
/home/ashley/reuse/Git_Scripts/Repos/atmosphere/30/b/DefaultBroadcaster.java -6.763209150922214 -4.2268277026610095 -6.763209150922214 -5.634583792263054 -1.1286253586591597
/home/ashley/reuse/Git_Scripts/Repos/atmosphere/31/b/DefaultAtmosphereResourceFactory.java -7.423607965237919 -4.979249244976653 -7.423607965237919 -7.5610821868163995 0.1374742215784801
/home/ashley/reuse/Git_Scripts/Repos/atmosphere/33/b/Jetty9WebSocketHandler.java -8.092176311049917 -5.4254363903630125 -8.092176311049917 -8.231696592274917 0.13952028122499982
/home/ashley/reuse/Git_Scripts/Repos/atmosphere/35/b/DefaultBroadcaster.java -6.864011730837402 -4.562402088616633 -6.864011730837402 -6.80243824498656 -0.061573485850841436
/home/ashley/reuse/Git_Scripts/Repos/atmosphere/36/b/BuilderResponseTest.java -7.86081730349428 -5.063797993144713 -7.86081730349428 -7.115716137286292 -0.7451011662079887
/home/ashley/reuse/Git_Scripts/Repos/atmosphere/36/b/MeteorTest.java -8.274579950479831 -5.517820206063214 -8.274579950479831 -8.281034381018427 0.006454430538596512
/home/ashley/reuse/Git_Scripts/Repos/atmosphere/36/b/BroadcasterScopeTest.java -8.29272222639893 -5.536986840395593 -8.29272222639893 -8.324691086176873 0.03196885977794395
/home/ashley/reuse/Git_Scripts/Repos/atmosphere/36/b/GrizzlyCometSupportTest.java -8.824793265002526 -5.597816623322498 -8.824793265002526 -7.654157423726681 -1.1706358412758453
/home/ashley/reuse/Git_Scripts/Repos/atmosphere/36/b/AtmosphereServlet.java -7.10512179155457 -6.426645588270856 -7.10512179155457 -33.62213066820726 26.517008876652692
/home/ashley/reuse/Git_Scripts/Repos/atmosphere/36/b/TomcatJerseyTest.java -7.586456856717638 -4.993373128055574 -7.586456856717638 -7.290880615546821 -0.29557624117081716
/home/ashley/reuse/Git_Scripts/Repos/atmosphere/36/b/BlockingIOCometSupport.java -7.405827564363337 -5.352779378540549 -7.405827564363337 -9.64190969347433 2.2360821291109936
/home/ashley/reuse/Git_Scripts/Repos/atmosphere/36/b/TomcatCometSupportTest.java -7.802931716917878 -5.172852634711992 -7.802931716917878 -7.6575354737454955 -0.14539624317238253
/home/ashley/reuse/Git_Scripts/Repos/atmosphere/37/b/DefaultAnnotationProcessor.java -6.3087189905184085 -3.8620683563750515 -6.3087189905184085 -4.976624996134294 -1.3320939943841141
/home/ashley/reuse/Git_Scripts/Repos/atmosphere/37/b/AtmosphereFramework.java -6.969481719943149 -4.523321908912796 -6.969481719943149 -6.443253265339384 -0.526228454603765
/home/ashley/reuse/Git_Scripts/Repos/atmosphere/38/b/DefaultWebSocketProcessor.java -7.1670273870834444 -4.392252029843761 -7.1670273870834444 -5.672421464088979 -1.4946059229944657
/home/ashley/reuse/Git_Scripts/Repos/atmosphere/39/b/HeaderBroadcasterCache.java -9.23668133637486 -5.647570874240628 -9.23668133637486 -7.240475479795678 -1.9962058565791816
/home/ashley/reuse/Git_Scripts/Repos/atmosphere/41/b/ClassFileIterator.java -6.066624987522616 -4.0444166583484105 -6.066624987522616 -6.066624987522616 0.0
/home/ashley/reuse/Git_Scripts/Repos/atmosphere/42/b/WebSocketProcessor.java -7.87074438836937 -5.0499267300620065 -7.87074438836937 -7.03887709528968 -0.8318672930796893
/home/ashley/reuse/Git_Scripts/Repos/atmosphere/42/b/GlassFishWebSocketSupport.java -8.344420393501668 -5.328953184730765 -8.344420393501668 -7.373156886160887 -0.9712635073407814
/home/ashley/reuse/Git_Scripts/Repos/atmosphere/46/b/AtmosphereAdapter.java -7.516657041208966 -5.01463861846522 -7.516657041208966 -7.516657041208966 0.0
/home/ashley/reuse/Git_Scripts/Repos/atmosphere/47/b/AtmosphereResponse.java -6.155957543016676 -4.108743755455317 -6.155957543016676 -6.177481870090161 0.02152432707348506
/home/ashley/reuse/Git_Scripts/Repos/atmosphere/47/b/AtmosphereRequest.java -6.390430686284686 -4.257600517143163 -6.390430686284686 -6.376850077978532 -0.01358060830615404
/home/ashley/reuse/Git_Scripts/Repos/atmosphere/48/b/AtmosphereFramework.java -7.08314169433459 -4.180398499979117 -7.08314169433459 -5.099705766967493 -1.983435927367097
/home/ashley/reuse/Git_Scripts/Repos/atmosphere/49/b/AtmosphereFramework.java -7.0266714532017955 -4.722791422400719 -7.0266714532017955 -7.202090218141822 0.1754187649400265
/home/ashley/reuse/Git_Scripts/Repos/atmosphere/50/b/Tomcat7CometSupport.java -7.290688827794923 -4.6450653181264165 -7.290688827794923 -6.396240102595801 -0.8944487251991218
/home/ashley/reuse/Git_Scripts/Repos/atmosphere/51/b/MessageLengthInterceptor.java -7.3071423878598845 -4.672478446379483 -7.3071423878598845 -6.479472538102293 -0.8276698497575916
/home/ashley/reuse/Git_Scripts/Repos/atmosphere/52/b/BroadcasterFactory.java -7.937781091825559 -4.6159922653550804 -7.937781091825559 -5.51521153782685 -2.4225695539987093
/home/ashley/reuse/Git_Scripts/Repos/atmosphere/53/b/WebSocket.java -6.855520904553775 -1.4941519920181305 -6.855520904553775 -0.9544082787959305 -5.901112625757845
/home/ashley/reuse/Git_Scripts/Repos/atmosphere/54/b/AtmosphereRequest.java -6.646731745404445 -6.16421941244214 -6.646731745404445 -42.45685556136694 35.8101238159625
/home/ashley/reuse/Git_Scripts/Repos/atmosphere/55/b/DefaultAsyncSupportResolver.java -7.523794914374683 -4.997405637698732 -7.523794914374683 -7.441342367367838 -0.08245254700684512
/home/ashley/reuse/Git_Scripts/Repos/atmosphere/56/b/AtmosphereFramework.java -7.090362379592256 -4.4571317991474695 -7.090362379592256 -6.000044935620991 -1.0903174439712648
/home/ashley/reuse/Git_Scripts/Repos/atmosphere/57/b/AtmosphereFramework.java -7.027394944544338 -4.680717601277922 -7.027394944544338 -7.008034517673138 -0.01936042687120043
/home/ashley/reuse/Git_Scripts/Repos/atmosphere/58/b/AsynchronousProcessor.java -6.925274293539308 -4.673487460051434 -6.925274293539308 -7.1865556026324455 0.2612813090931372
/home/ashley/reuse/Git_Scripts/Repos/atmosphere/58/b/AtmosphereResourceImpl.java -7.371778132543789 -4.828146701202245 -7.371778132543789 -6.994193835305933 -0.37758429723785625
/home/ashley/reuse/Git_Scripts/Repos/atmosphere/59/b/JerseyBroadcasterUtil.java -7.563712382684434 -4.976841271550889 -7.563712382684434 -7.27585456234605 -0.2878578203383837
/home/ashley/reuse/Git_Scripts/Repos/atmosphere/61/b/TomcatCometSupport.java -7.223930621280783 -4.793862216568592 -7.223930621280783 -7.125422476445135 -0.0985081448356473
/home/ashley/reuse/Git_Scripts/Repos/atmosphere/61/b/DefaultBroadcaster.java -6.756088852059213 -3.968511446271679 -6.756088852059213 -4.809124920757274 -1.946963931301939
/home/ashley/reuse/Git_Scripts/Repos/atmosphere/61/b/AsynchronousProcessor.java -7.337152033577942 -4.67213393942021 -7.337152033577942 -6.431505495199951 -0.905646538377991
/home/ashley/reuse/Git_Scripts/Repos/atmosphere/61/b/AtmosphereResourceImpl.java -7.50659450597934 -3.95297888448036 -7.50659450597934 -4.175101183843825 -3.3314933221355147
/home/ashley/reuse/Git_Scripts/Repos/atmosphere/62/b/DefaultWebSocketProcessor.java -7.054011421993964 -4.462483928250662 -7.054011421993964 -6.07333178527773 -0.9806796367162338
/home/ashley/reuse/Git_Scripts/Repos/atmosphere/63/b/HeartbeatInterceptor.java -7.391438822440302 -4.854711131111148 -7.391438822440302 -7.06783865161769 -0.32360017082261194
/home/ashley/reuse/Git_Scripts/Repos/atmosphere/64/b/DefaultAnnotationProcessor.java -6.301248127651159 -3.880768688140714 -6.301248127651159 -5.048805933977594 -1.2524421936735655
/home/ashley/reuse/Git_Scripts/Repos/atmosphere/64/b/AtmosphereFramework.java -6.998317622494646 -4.562657863503779 -6.998317622494646 -6.554310055079535 -0.4440075674151114
/home/ashley/reuse/Git_Scripts/Repos/atmosphere/66/b/DefaultAsyncSupportResolver.java -7.4891450363252465 -4.848904074366516 -7.4891450363252465 -6.872331443765857 -0.6168135925593896
/home/ashley/reuse/Git_Scripts/Repos/atmosphere/67/b/AtmosphereFilter.java -7.910870933705262 -4.687141544040215 -7.910870933705262 -5.751005639893797 -2.159865293811465
/home/ashley/reuse/Git_Scripts/Repos/atmosphere/68/b/AbstractBroadcasterCache.java -6.86651386020205 -3.4060397177446182 -6.86651386020205 -3.375457991883836 -3.4910558683182145
/home/ashley/reuse/Git_Scripts/Repos/atmosphere/68/b/SessionBroadcasterCache.java -7.192726920435702 -4.9349755886351305 -7.192726920435702 -7.860903738181095 0.6681768177453931
/home/ashley/reuse/Git_Scripts/Repos/atmosphere/68/b/BroadcasterConfig.java -7.436963122141509 -5.208740067241693 -7.436963122141509 -8.68774320802926 1.2507800858877518
/home/ashley/reuse/Git_Scripts/Repos/atmosphere/68/b/DefaultBroadcaster.java -6.879447658293773 -4.181672319365884 -6.879447658293773 -5.331725631506054 -1.547722026787719
/home/ashley/reuse/Git_Scripts/Repos/atmosphere/68/b/BroadcasterCache.java -6.814979821774467 -3.694868578070494 -6.814979821774467 -4.0175645237535065 -2.797415298020961
/home/ashley/reuse/Git_Scripts/Repos/atmosphere/68/b/CacheMessage.java -6.627892739204541 -3.7933222595447376 -6.627892739204541 -4.4024688997636 -2.225423839440941
/home/ashley/reuse/Git_Scripts/Repos/atmosphere/68/b/HeaderBroadcasterCache.java -7.010695544956962 -5.199905072612058 -7.010695544956962 -10.066032454752396 3.0553369097954333
/home/ashley/reuse/Git_Scripts/Repos/atmosphere/69/b/WebLogicServlet30WithWebSocket.java -7.853507740395502 -5.235671826930335 -7.853507740395502 -7.853507740395502 0.0
/home/ashley/reuse/Git_Scripts/Repos/atmosphere/70/b/SimpleBroadcaster.java -7.2607486715649925 -4.619134825609437 -7.2607486715649925 -6.348084732401795 -0.9126639391631972
/home/ashley/reuse/Git_Scripts/Repos/atmosphere/71/b/ApplicationConfig.java -8.39664182358608 -5.141505335812298 -8.39664182358608 -6.631270132761445 -1.7653716908246349
/home/ashley/reuse/Git_Scripts/Repos/atmosphere/72/b/AtmosphereFramework.java -7.072511910046818 -4.7169944611772125 -7.072511910046818 -7.080339195955171 0.007827285908352799
/home/ashley/reuse/Git_Scripts/Repos/atmosphere/73/b/AtmosphereResourceImpl.java -7.150974931430492 -4.4578084423863755 -7.150974931430492 -5.917029060848871 -1.2339458705816204
/home/ashley/reuse/Git_Scripts/Repos/atmosphere/74/b/InjectableObjectFactory.java -6.769860641606074 -4.321335225123549 -6.769860641606074 -5.973970509519241 -0.795890132086833
/home/ashley/reuse/Git_Scripts/Repos/atmosphere/74/b/ManagedAtmosphereHandlerTest.java -7.6120375056056995 -5.0674148226957465 -7.6120375056056995 -7.577353871835854 -0.034683633769845734
/home/ashley/reuse/Git_Scripts/Repos/atmosphere/75/b/DefaultBroadcaster.java -6.8401163056320335 -4.286715200507356 -6.8401163056320335 -5.741681258330805 -1.098435047301229
/home/ashley/reuse/Git_Scripts/Repos/atmosphere/76/b/AtmosphereRequest.java -6.366018359567891 -3.3859767568894488 -6.366018359567891 -3.6165921610045153 -2.749426198563376
/home/ashley/reuse/Git_Scripts/Repos/atmosphere/78/b/BroadcasterConfig.java -7.868164954399231 -3.007387493681484 -7.868164954399231 -2.434036640569546 -5.434128313829685
/home/ashley/reuse/Git_Scripts/Repos/atmosphere/78/b/SimpleBroadcaster.java -7.346808974532833 -3.9467232735213584 -7.346808974532833 -4.263983986826934 -3.0828249877058997
/home/ashley/reuse/Git_Scripts/Repos/atmosphere/78/b/DefaultBroadcaster.java -7.0180912717013735 -2.721940671955671 -7.0180912717013735 -2.2232493517652525 -4.794841919936121
/home/ashley/reuse/Git_Scripts/Repos/atmosphere/78/b/BroadcasterCache.java -7.403367215990505 -3.821092756640261 -7.403367215990505 -3.9223137568161617 -3.481053459174343
/home/ashley/reuse/Git_Scripts/Repos/atmosphere/79/b/AtmosphereFramework.java -7.075001180510774 -4.700050736910985 -7.075001180510774 -6.999652694954825 -0.0753484855559492
/home/ashley/reuse/Git_Scripts/Repos/atmosphere/80/b/JettyWebSocketHandler.java -7.243782862533929 -5.580516673504155 -7.243782862533929 -12.152008893776232 4.908226031242303
/home/ashley/reuse/Git_Scripts/Repos/atmosphere/81/b/TrackMessageSizeFilter.java -9.546520041944483 -5.4172712936431 -9.546520041944483 -6.23357244747973 -3.3129475944647524
/home/ashley/reuse/Git_Scripts/Repos/atmosphere/82/b/AtmosphereRequest.java -6.532985444265581 -6.038757096040841 -6.532985444265581 -39.91182653888436 33.37884109461878
/home/ashley/reuse/Git_Scripts/Repos/atmosphere/82/b/AtmosphereServlet.java -8.337862416228393 -6.606503007394083 -8.337862416228393 -15.872954709231298 7.535092293002904
/home/ashley/reuse/Git_Scripts/Repos/atmosphere/83/b/AtmosphereFramework.java -7.031861595131957 -4.686114802603236 -7.031861595131957 -7.023352240931109 -0.008509354200848307
/home/ashley/reuse/Git_Scripts/Repos/atmosphere/84/b/Jetty7CometSupport.java -7.712367567707462 -4.334156143617114 -7.712367567707462 -4.941457064339512 -2.7709105033679498
/home/ashley/reuse/Git_Scripts/Repos/atmosphere/84/b/TomcatCometSupport.java -7.223930621280783 -4.491670328991202 -7.223930621280783 -5.932234417475609 -1.2916962038051736
/home/ashley/reuse/Git_Scripts/Repos/atmosphere/84/b/JBossWebCometSupport.java -7.351127530651697 -4.798575287256338 -7.351127530651697 -6.909738868876758 -0.44138866177493874
/home/ashley/reuse/Git_Scripts/Repos/atmosphere/84/b/Tomcat7CometSupport.java -7.269617366393626 -3.966900089796772 -7.269617366393626 -4.362771055399341 -2.9068463109942853
/home/ashley/reuse/Git_Scripts/Repos/atmosphere/84/b/GlassFishv2CometSupport.java -8.325513578183227 -5.701229188088307 -8.325513578183227 -9.033681581561952 0.7081680033787254
/home/ashley/reuse/Git_Scripts/Repos/atmosphere/84/b/GrizzlyCometSupport.java -8.091568026531588 -5.302135546797032 -8.091568026531588 -7.682578958788167 -0.4089890677434207
/home/ashley/reuse/Git_Scripts/Repos/atmosphere/84/b/BlockingIOCometSupport.java -7.405827564363336 -4.874416185546384 -7.405827564363336 -7.130229019506303 -0.27559854485703283
/home/ashley/reuse/Git_Scripts/Repos/atmosphere/84/b/JettyCometSupport.java -7.636910930362581 -4.6996374956077425 -7.636910930362581 -6.109528744290065 -1.5273821860725159
/home/ashley/reuse/Git_Scripts/Repos/atmosphere/85/b/AtmosphereResourceFactory.java -8.676654442841205 -6.199953458211674 -8.676654442841205 -10.824341186118732 2.147686743277527
/home/ashley/reuse/Git_Scripts/Repos/atmosphere/85/b/DefaultBroadcaster.java -6.726750929067613 -4.1684787636504 -6.726750929067613 -5.4803235510344965 -1.2464273780331165
/home/ashley/reuse/Git_Scripts/Repos/atmosphere/85/b/AtmosphereResourceImpl.java -7.334268268130762 -4.177962461226596 -7.334268268130762 -4.853136390691197 -2.481131877439565
/home/ashley/reuse/Git_Scripts/Repos/atmosphere/86/b/WebSocket.java -7.0584583131853265 -4.18975953192883 -7.0584583131853265 -5.154469892694237 -1.903988420491089
/home/ashley/reuse/Git_Scripts/Repos/atmosphere/87/b/WebSocketProtocolService.java -5.844698806574106 -3.896465871049404 -5.844698806574106 -5.844698806574106 0.0
/home/ashley/reuse/Git_Scripts/Repos/atmosphere/88/b/AtmosphereRequest.java -6.371361842996869 -5.81618568527975 -6.371361842996869 -33.374112911615555 27.002751068618686
/home/ashley/reuse/Git_Scripts/Repos/atmosphere/89/b/ExcludeSessionBroadcaster.java -7.043221529294933 -4.644164287076076 -7.043221529294933 -6.817235811777449 -0.2259857175174842
/home/ashley/reuse/Git_Scripts/Repos/atmosphere/90/b/SSEAtmosphereResourceConfig.java -6.596366420916171 -4.155850303241055 -6.596366420916171 -5.616334838380054 -0.9800315825361166
/home/ashley/reuse/Git_Scripts/Repos/atmosphere/90/b/AtmosphereResourceImpl.java -7.153356837448334 -4.754982597008739 -7.153356837448334 -7.089201170744762 -0.06415566670357187
/home/ashley/reuse/Git_Scripts/Repos/atmosphere/91/b/ChatAtmosphereHandler.java -6.8757444350858705 -4.521885979831248 -6.8757444350858705 -6.604333470543007 -0.27141096454286373
/home/ashley/reuse/Git_Scripts/Repos/atmosphere/91/b/AtmosphereFramework.java -7.092853035040191 -4.65659889455035 -7.092853035040191 -6.778556278930616 -0.31429675610957464
/home/ashley/reuse/Git_Scripts/Repos/atmosphere/93/b/AbstractBroadcasterCache.java -7.098213713693612 -4.734413177559559 -7.098213713693612 -7.098213713693612 0.0
/home/ashley/reuse/Git_Scripts/Repos/atmosphere/95/b/WebSocketProcessorFactory.java -7.4674760053745315 -4.52691550584881 -7.4674760053745315 -5.747991398873817 -1.719484606500714
/home/ashley/reuse/Git_Scripts/Repos/atmosphere/96/b/AtmosphereResourceListenerTest.java -7.513952214139767 -5.009301476093178 -7.513952214139767 -7.513952214139767 0.0
/home/ashley/reuse/Git_Scripts/Repos/atmosphere/97/b/AtmosphereFilter.java -7.450848918252367 -4.964405823747935 -7.450848918252367 -7.4368746065557305 -0.013974311696636654
/home/ashley/reuse/Git_Scripts/Repos/atmosphere/98/b/ThreadLocalInvoker.java -5.242590792006072 -3.495060528004048 -5.242590792006072 -5.242590792006072 0.0
/home/ashley/reuse/Git_Scripts/Repos/atmosphere/98/b/AtmosphereRequestIntrospector.java -7.054663055072681 -4.703108703381788 -7.054663055072681 -7.054663055072681 0.0
/home/ashley/reuse/Git_Scripts/Repos/atmosphere/99/b/AtmosphereRequest.java -6.985860846522726 -6.609693142452167 -6.985860846522726 -61.37474859182131 54.38888774529858
/home/ashley/reuse/Git_Scripts/Repos/atmosphere/100/b/AtmosphereRequest.java -6.502726357928251 -5.430362439670787 -6.502726357928251 -16.464634984610086 9.961908626681836
/home/ashley/reuse/Git_Scripts/Repos/atmosphere/101/b/DefaultBroadcaster.java -6.824576534351972 -4.257818875241174 -6.824576534351972 -5.66041181962584 -1.164164714726132
/home/ashley/reuse/Git_Scripts/Repos/atmosphere/103/b/AtmosphereFramework.java -7.114899982809355 -4.579979564114591 -7.114899982809355 -6.427439749521755 -0.6874602332876005
/home/ashley/reuse/Git_Scripts/Repos/atmosphere/104/b/Broadcaster.java -8.698566346621618 -5.678230809600223 -8.698566346621618 -8.17665236582432 -0.5219139807972972
/home/ashley/reuse/Git_Scripts/Repos/atmosphere/104/b/AtmosphereFilter.java -7.442321130754707 -4.9767565236313835 -7.442321130754707 -7.509897457622961 0.0675763268682541
/home/ashley/reuse/Git_Scripts/Repos/atmosphere/104/b/DefaultBroadcasterFactoryTest.java -6.659389918057093 -4.452747629160149 -6.659389918057093 -6.718937368889198 0.05954745083210522
/home/ashley/reuse/Git_Scripts/Repos/atmosphere/104/b/WebSocketProcessorFactory.java -7.797546992564117 -5.187209372735786 -7.797546992564117 -7.747562716970758 -0.04998427559335905
/home/ashley/reuse/Git_Scripts/Repos/atmosphere/104/b/ServletContextProvider.java -10.303081470886598 -6.868720980591065 -10.303081470886598 -10.303081470886598 0.0
/home/ashley/reuse/Git_Scripts/Repos/atmosphere/104/b/DefaultBroadcasterFactory.java -6.638742557148172 -4.4258283714321145 -6.638742557148172 -6.635279467655659 -0.0034630894925129496
/home/ashley/reuse/Git_Scripts/Repos/atmosphere/104/b/ServiceTest.java -7.653926233540878 -5.176651001702871 -7.653926233540878 -7.96955205760442 0.31562582406354167
/home/ashley/reuse/Git_Scripts/Repos/atmosphere/104/b/Injector.java -7.3918500159778375 -5.007382268888213 -7.3918500159778375 -7.3918500159778375 0.0
/home/ashley/reuse/Git_Scripts/Repos/atmosphere/104/b/InjectorProvider.java -7.2550443785133005 -4.8520997435916975 -7.2550443785133005 -7.2550443785133005 0.0
/home/ashley/reuse/Git_Scripts/Repos/atmosphere/104/b/BroadcasterConfig.java -7.350642563048102 -4.918307476354203 -7.350642563048102 -7.428128972433371 0.07748640938526918
/home/ashley/reuse/Git_Scripts/Repos/atmosphere/104/b/ServletContextHolder.java -8.486904651982377 -5.669674891988227 -8.486904651982377 -8.486904651982377 0.0
/home/ashley/reuse/Git_Scripts/Repos/atmosphere/104/b/AtmosphereFramework.java -6.992923307220876 -4.646405239185484 -6.992923307220876 -6.922809227939653 -0.07011407928122271
/home/ashley/reuse/Git_Scripts/Repos/atmosphere/104/b/SimpleBroadcaster.java -7.487458968806058 -4.945510350018787 -7.487458968806058 -7.273225521916042 -0.21423344689001578
/home/ashley/reuse/Git_Scripts/Repos/atmosphere/104/b/ManagedServiceInterceptor.java -7.681535702048837 -5.130796747551704 -7.681535702048837 -7.716812559463528 0.03527685741469089
/home/ashley/reuse/Git_Scripts/Repos/atmosphere/104/b/AtmosphereServletProcessor.java -10.456841762354422 -6.971227841569615 -10.456841762354422 -10.456841762354422 0.0
/home/ashley/reuse/Git_Scripts/Repos/atmosphere/104/b/DefaultBroadcaster.java -6.801667902817272 -4.528309348019077 -6.801667902817272 -6.774130785801818 -0.027537117015453916
/home/ashley/reuse/Git_Scripts/Repos/atmosphere/104/b/DefaultWebSocketProcessor.java -7.085338926731498 -4.723559284487665 -7.085338926731498 -7.083579468343931 -0.001759458387566859
/home/ashley/reuse/Git_Scripts/Repos/atmosphere/104/b/ReflectorServletProcessor.java -7.110293964567891 -4.722232183005297 -7.110293964567891 -7.030064977661624 -0.0802289869062669
/home/ashley/reuse/Git_Scripts/Repos/atmosphere/104/b/ManagedAtmosphereHandler.java -6.337099667033231 -4.200194487281786 -6.337099667033231 -6.224965430935559 -0.11213423609767137
/home/ashley/reuse/Git_Scripts/Repos/atmosphere/104/b/AbstractBroadcasterProxy.java -6.7713618076300754 -4.476933426532281 -6.7713618076300754 -6.597267255065838 -0.17409455256423723
/home/ashley/reuse/Git_Scripts/Repos/atmosphere/104/b/NoopInjector.java -7.564655929171331 -5.1112540061968454 -7.564655929171331 -7.564655929171331 0.0
/home/ashley/reuse/Git_Scripts/Repos/atmosphere/104/b/AtmosphereServlet.java -8.187193556075693 -5.473093997356682 -8.187193556075693 -8.254907186990604 0.0677136309149109
/home/ashley/reuse/Git_Scripts/Repos/atmosphere/104/b/AtmosphereHandlerServiceInterceptor.java -8.196538547930663 -5.451561938202127 -8.196538547930663 -8.12501552395221 -0.07152302397845212
/home/ashley/reuse/Git_Scripts/Repos/atmosphere/104/b/ExcludeSessionBroadcaster.java -7.273348685452952 -4.808152072176181 -7.273348685452952 -7.083261168226533 -0.19008751722641826
/home/ashley/reuse/Git_Scripts/Repos/atmosphere/106/b/DefaultBroadcaster.java -6.71773422699018 -3.104943188168667 -6.71773422699018 -2.8867131954059224 -3.831021031584257
/home/ashley/reuse/Git_Scripts/Repos/atmosphere/107/b/DefaultAnnotationProcessor.java -6.886847266787901 -4.960061786235008 -6.886847266787901 -8.859660806881873 1.9728135400939726
/home/ashley/reuse/Git_Scripts/Repos/atmosphere/107/b/ManagedServiceInterceptor.java -7.455422216252227 -2.45078395434405 -7.455422216252227 -1.8233832620319732 -5.6320389542202545
/home/ashley/reuse/Git_Scripts/Repos/atmosphere/107/b/DefaultWebSocketProcessor.java -7.023281131936684 -4.673237096267045 -7.023281131936684 -6.983158065360791 -0.04012306657589271
/home/ashley/reuse/Git_Scripts/Repos/atmosphere/107/b/ReflectorServletProcessor.java -7.060849949435473 -4.6153678276201235 -7.060849949435473 -6.662984652712646 -0.3978652967228262
/home/ashley/reuse/Git_Scripts/Repos/atmosphere/107/b/ManagedService.java -7.824996144022886 -5.101590623309038 -7.824996144022886 -7.30332973442136 -0.5216664096015258
/home/ashley/reuse/Git_Scripts/Repos/atmosphere/107/b/AsynchronousProcessor.java -7.048967919307228 -4.658800636323742 -7.048967919307228 -6.86742892850162 -0.18153899080560798
/home/ashley/reuse/Git_Scripts/Repos/atmosphere/107/b/FrameworkConfig.java -8.696334181424339 -5.070886961375501 -8.696334181424339 -6.081750048447087 -2.614584132977252
/home/ashley/reuse/Git_Scripts/Repos/atmosphere/108/b/DefaultBroadcaster.java -6.793795995199352 -4.172252740021054 -6.793795995199352 -5.406249524993382 -1.3875464702059697
/home/ashley/reuse/Git_Scripts/Repos/atmosphere/108/b/JerseyBroadcasterUtil.java -7.317479214596696 -4.5501813950257475 -7.317479214596696 -6.015951291051828 -1.3015279235448673
/home/ashley/reuse/Git_Scripts/Repos/atmosphere/109/b/WebSocketChat.java -8.021552962677273 -4.590552091512341 -8.021552962677273 -5.366270384754009 -2.6552825779232636
/home/ashley/reuse/Git_Scripts/Repos/atmosphere/110/b/DefaultBroadcaster.java -6.8493628187988085 -4.430710069956783 -6.8493628187988085 -6.273645695639627 -0.5757171231591816
/home/ashley/reuse/Git_Scripts/Repos/atmosphere/111/b/AtmosphereFramework.java -7.08998101304541 -4.684771482755556 -7.08998101304541 -6.904791546204858 -0.18518946684055226
/home/ashley/reuse/Git_Scripts/Repos/atmosphere/112/b/DefaultBroadcaster.java -6.863956889752729 -4.175675372540514 -6.863956889752729 -5.330850872427006 -1.5331060173257232
/home/ashley/reuse/Git_Scripts/Repos/atmosphere/113/b/SessionTimeoutSupport.java -8.286621083035067 -5.517725902747321 -8.286621083035067 -8.256597093603782 -0.03002398943128526
/home/ashley/reuse/Git_Scripts/Repos/atmosphere/114/b/AtmosphereResponse.java -6.084087656515617 -3.6357541940489355 -6.084087656515617 -4.517408995393136 -1.5666786611224817
/home/ashley/reuse/Git_Scripts/Repos/atmosphere/115/b/DefaultWebSocketProcessor.java -7.100265488831661 -4.172800005870963 -7.100265488831661 -5.060347943627644 -2.039917545204017
/home/ashley/reuse/Git_Scripts/Repos/atmosphere/117/b/Jetty9WebSocketHandler.java -7.701673354210964 -5.136765892384388 -7.701673354210964 -7.701673354210964 0.0
/home/ashley/reuse/Git_Scripts/Repos/atmosphere/120/b/CounterLongPollingAtmosphereHandler.java -7.1053523932132325 -4.7071565305117495 -7.1053523932132325 -6.9731597905488005 -0.132192602664432
/home/ashley/reuse/Git_Scripts/Repos/atmosphere/121/b/WebSocketProcessor.java -7.533785102777652 -7.15798009471656 -7.533785102777652 -71.32864375085975 63.794858648082105
/home/ashley/reuse/Git_Scripts/Repos/atmosphere/121/b/GlassFishWebSocketSupport.java -8.123157879388556 -5.246798266393028 -8.123157879388556 -7.401455797310599 -0.7217020820779565
/home/ashley/reuse/Git_Scripts/Repos/atmosphere/121/b/JettyWebSocketHandler.java -7.2833480958792345 -6.105376514908089 -7.2833480958792345 -18.851018601099195 11.567670505219962
/home/ashley/reuse/Git_Scripts/Repos/atmosphere/122/b/JMSBroadcaster.java -6.891890266516269 -4.408274292545941 -6.891890266516269 -6.109265415857411 -0.7826248506588573
/home/ashley/reuse/Git_Scripts/Repos/atmosphere/123/b/AtmosphereFilter.java -7.588345657557492 -4.637739850378972 -7.588345657557492 -5.96270293034559 -1.6256427272119023
/home/ashley/reuse/Git_Scripts/Repos/atmosphere/123/b/TrackableSession.java -7.271907303182809 -3.9426003450991134 -7.271907303182809 -4.305734587410874 -2.9661727157719353
/home/ashley/reuse/Git_Scripts/Repos/atmosphere/124/b/AtmosphereRequest.java -6.511710616164064 -6.024337213565365 -6.511710616164064 -40.245056849385115 33.73334623322105
/home/ashley/reuse/Git_Scripts/Repos/atmosphere/125/b/AnnotationDetector.java -6.129749737101205 -3.9751224767855042 -6.129749737101205 -5.654459684467837 -0.4752900526333681
/home/ashley/reuse/Git_Scripts/Repos/atmosphere/126/b/AtmosphereInterceptorService.java -5.844698806574106 -3.896465871049404 -5.844698806574106 -5.844698806574106 0.0
/home/ashley/reuse/Git_Scripts/Repos/atmosphere/127/b/WebSocketProcessor.java -7.923181172855587 -3.9007989150248097 -7.923181172855587 -3.841844775251135 -4.081336397604453
/home/ashley/reuse/Git_Scripts/Repos/atmosphere/127/b/MeteorTest.java -8.276660450698708 -5.530625591020721 -8.276660450698708 -8.334764931241835 0.058104480543127224
/home/ashley/reuse/Git_Scripts/Repos/atmosphere/127/b/BroadcasterScopeTest.java -8.293694962836609 -5.5432782095520015 -8.293694962836609 -8.3512456603428 0.05755069750619057
/home/ashley/reuse/Git_Scripts/Repos/atmosphere/127/b/AsynchronousProcessor.java -7.25006565146583 -4.386690591645202 -7.25006565146583 -5.553550289022826 -1.6965153624430043
/home/ashley/reuse/Git_Scripts/Repos/atmosphere/127/b/ApplicationConfig.java -8.264555957027037 -3.103495079298535 -8.264555957027037 -2.480737360235313 -5.783818596791724
/home/ashley/reuse/Git_Scripts/Repos/atmosphere/127/b/AtmosphereServlet.java -7.120664734094918 -6.398613744471408 -7.120664734094918 -31.52408860797708 24.40342387388216
/home/ashley/reuse/Git_Scripts/Repos/atmosphere/127/b/BlockingIOCometSupport.java -7.418819694858799 -5.388350655318237 -7.418819694858799 -9.831132679509661 2.412312984650862
/home/ashley/reuse/Git_Scripts/Repos/atmosphere/127/b/AtmosphereResourceImpl.java -7.398754787028197 -3.94974027433985 -7.398754787028197 -4.236450681025394 -3.1623041060028028
/home/ashley/reuse/Git_Scripts/Repos/atmosphere/127/b/FrameworkConfig.java -7.813811888119159 -4.18038936014375 -7.813811888119159 -4.495042322735215 -3.3187695653839437
/home/ashley/reuse/Git_Scripts/Repos/atmosphere/128/b/DefaultBroadcaster.java -6.919959613214206 -4.659927564418381 -6.919959613214206 -7.134082581585557 0.2141229683713508
/home/ashley/reuse/Git_Scripts/Repos/atmosphere/128/b/DefaultBroadcasterTest.java -7.145894628708068 -4.622025461972878 -7.145894628708068 -6.543228816648352 -0.6026658120597164
/home/ashley/reuse/Git_Scripts/Repos/atmosphere/130/b/SessionSupport.java -7.659648211628125 -5.113875919716736 -7.659648211628125 -7.693243159924739 0.03359494829661447
/home/ashley/reuse/Git_Scripts/Repos/atmosphere/131/b/WebSocketProcessor.java -7.696030078790146 -4.785531430811327 -7.696030078790146 -6.32702472823613 -1.3690053505540165
/home/ashley/reuse/Git_Scripts/Repos/atmosphere/132/b/AtmosphereRequest.java -6.623582441070394 -4.2496317957763825 -6.623582441070394 -5.92846919528793 -0.6951132457824647
/home/ashley/reuse/Git_Scripts/Repos/atmosphere/132/b/AtmosphereFramework.java -7.0218846202979135 -4.137845524488454 -7.0218846202979135 -5.03728848402089 -1.9845961362770232
/home/ashley/reuse/Git_Scripts/Repos/atmosphere/133/b/MetaBroadcaster.java -6.5608670610907245 -6.083846525329094 -6.5608670610907245 -41.518769417131374 34.95790235604065
/home/ashley/reuse/Git_Scripts/Repos/atmosphere/134/b/DefaultBroadcaster.java -6.760107914044974 -4.2219293503390105 -6.760107914044974 -5.621320766717363 -1.1387871473276103
/home/ashley/reuse/Git_Scripts/Repos/atmosphere/135/b/NettyCometSupport.java -7.9102684354622586 -5.499884341464085 -7.9102684354622586 -9.02461180633095 1.114343370868692
/home/ashley/reuse/Git_Scripts/Repos/atmosphere/135/b/AtmosphereResourceImpl.java -7.254795362890903 -4.686491895006167 -7.254795362890903 -6.619065872328298 -0.6357294905626052
/home/ashley/reuse/Git_Scripts/Repos/atmosphere/136/b/JSONPAtmosphereInterceptor.java -7.25315319818759 -4.422916861209346 -7.25315319818759 -5.656633708643453 -1.5965194895441375
/home/ashley/reuse/Git_Scripts/Repos/atmosphere/137/b/BroadcasterCache.java -10.58329141031011 -6.953273583585386 -10.58329141031011 -10.065228194420804 -0.5180632158893062
/home/ashley/reuse/Git_Scripts/Repos/atmosphere/137/b/DefaultBroadcasterCache.java -8.291498252519487 -4.846868463788964 -8.291498252519487 -5.807701419165631 -2.483796833353856
/home/ashley/reuse/Git_Scripts/Repos/atmosphere/139/b/AtmosphereFramework.java -6.972453504596302 -3.8374682457202427 -6.972453504596302 -4.267415427695148 -2.705038076901154
/home/ashley/reuse/Git_Scripts/Repos/atmosphere/140/b/AbstractBroadcasterCache.java -7.071270954499985 -4.494108321615061 -7.071270954499985 -6.158592885176193 -0.9126780693237917
/home/ashley/reuse/Git_Scripts/Repos/atmosphere/140/b/DefaultAnnotationProcessor.java -6.957963622623968 -3.9784641999360617 -6.957963622623968 -4.643476348403907 -2.3144872742200606
/home/ashley/reuse/Git_Scripts/Repos/atmosphere/140/b/BroadcasterConfig.java -7.430209740561547 -5.234332107383238 -7.430209740561547 -8.850983643818362 1.4207739032568147
/home/ashley/reuse/Git_Scripts/Repos/atmosphere/140/b/SimpleBroadcaster.java -7.087573151916881 -4.554205062492045 -7.087573151916881 -6.361429293639683 -0.7261438582771982
/home/ashley/reuse/Git_Scripts/Repos/atmosphere/140/b/DefaultBroadcaster.java -6.863956889752729 -4.151342459368373 -6.863956889752729 -5.252245832753149 -1.6117110569995798
/home/ashley/reuse/Git_Scripts/Repos/atmosphere/140/b/BroadcasterCache.java -7.5682624447194895 -4.312481619443935 -7.5682624447194895 -4.99042632817748 -2.5778361165420094
/home/ashley/reuse/Git_Scripts/Repos/atmosphere/140/b/BroadcasterCacheTest.java -6.8134391877143665 -4.555320400199089 -6.8134391877143665 -6.872401642223433 0.05896245450906612
/home/ashley/reuse/Git_Scripts/Repos/atmosphere/140/b/BroadcasterCacheInspector.java -9.565104849385614 -7.28769893286523 -9.565104849385614 -14.57539786573046 5.010293016344846
/home/ashley/reuse/Git_Scripts/Repos/atmosphere/141/b/JerseyBroadcaster.java -9.00768621440353 -6.637242473771021 -9.00768621440353 -12.485901683331624 3.478215468928095
/home/ashley/reuse/Git_Scripts/Repos/atmosphere/141/b/SimpleBroadcaster.java -7.24408762935324 -4.136284603180091 -7.24408762935324 -4.8120510284752225 -2.4320366008780177
/home/ashley/reuse/Git_Scripts/Repos/atmosphere/141/b/DefaultBroadcaster.java -6.654791319064115 -3.0461106656334715 -6.654791319064115 -2.808676184091699 -3.846115134972416
/home/ashley/reuse/Git_Scripts/Repos/atmosphere/141/b/JerseyBroadcasterUtil.java -7.75453644041826 -4.889803233129986 -7.75453644041826 -6.609955416002281 -1.144581024415979
/home/ashley/reuse/Git_Scripts/Repos/atmosphere/141/b/JerseySimpleBroadcaster.java -8.084559135184538 -5.4396107761426835 -8.084559135184538 -8.313367412595422 0.2288082774108844
/home/ashley/reuse/Git_Scripts/Repos/atmosphere/142/b/MeteorServiceInterceptor.java -7.9452574681523735 -5.994227682346932 -7.9452574681523735 -12.205267855331945 4.260010387179571
/home/ashley/reuse/Git_Scripts/Repos/atmosphere/142/b/ManagedServiceInterceptor.java -7.833217892805564 -4.642599307987386 -7.833217892805564 -5.6989720020899854 -2.1342458907155786
/home/ashley/reuse/Git_Scripts/Repos/atmosphere/142/b/AtmosphereHandlerServiceInterceptor.java -8.041101200465079 -6.266725552913473 -8.041101200465079 -14.158826609464448 6.11772540899937
/home/ashley/reuse/Git_Scripts/Repos/atmosphere/143/b/AtmosphereRequest.java -5.940063557876071 -2.8762114879118608 -5.940063557876071 -2.7878149245629813 -3.1522486333130897
/home/ashley/reuse/Git_Scripts/Repos/atmosphere/144/b/BroadcasterFactory.java -8.161693945270763 -4.660577322508374 -8.161693945270763 -5.432296294741904 -2.729397650528859
/home/ashley/reuse/Git_Scripts/Repos/atmosphere/144/b/GlassFishWebSocketSupport.java -8.167245133336245 -6.918749061998221 -8.167245133336245 -22.630075056952514 14.462829923616269
/home/ashley/reuse/Git_Scripts/Repos/atmosphere/144/b/Jetty7CometSupport.java -7.803889758184893 -5.37747025353917 -7.803889758184893 -8.647553515826504 0.8436637576416102
/home/ashley/reuse/Git_Scripts/Repos/atmosphere/144/b/AbstractReflectorAtmosphereHandler.java -7.141394831452817 -3.960356855934647 -7.141394831452817 -4.44547851980192 -2.6959163116508966
/home/ashley/reuse/Git_Scripts/Repos/atmosphere/144/b/Broadcaster.java -8.179145486586384 -5.538633951546685 -8.179145486586384 -8.552054855275733 0.3729093686893492
/home/ashley/reuse/Git_Scripts/Repos/atmosphere/144/b/TomcatCometSupport.java -7.381743719862398 -4.63504838223918 -7.381743719862398 -6.228346263633898 -1.1533974562285003
/home/ashley/reuse/Git_Scripts/Repos/atmosphere/144/b/AtmosphereResourceEventImpl.java -7.365512294357886 -4.326934615167339 -7.365512294357886 -5.23900574783498 -2.126506546522906
/home/ashley/reuse/Git_Scripts/Repos/atmosphere/144/b/AtmosphereFilter.java -7.418938519800775 -5.165093467107018 -7.418938519800775 -8.50091953652554 1.0819810167247654
/home/ashley/reuse/Git_Scripts/Repos/atmosphere/144/b/NettyCometSupport.java -7.626030106624547 -5.365136475013505 -7.626030106624547 -9.04834524555849 1.4223151389339437
/home/ashley/reuse/Git_Scripts/Repos/atmosphere/144/b/BroadcastFilterTest.java -8.260228337108956 -3.8771132600547915 -8.260228337108956 -3.6533196429797634 -4.606908694129192
/home/ashley/reuse/Git_Scripts/Repos/atmosphere/144/b/BroadcastFilterLifecycle.java -8.317160438540505 -5.406154285051327 -8.317160438540505 -7.7230775500733255 -0.5940828884671792
/home/ashley/reuse/Git_Scripts/Repos/atmosphere/144/b/DefaultBroadcasterFactoryTest.java -7.273663621323952 -3.4681997328878507 -7.273663621323952 -3.314512890957813 -3.9591507303661393
/home/ashley/reuse/Git_Scripts/Repos/atmosphere/144/b/BroadcastFilter.java -8.436955940208442 -5.4938317750194505 -8.436955940208442 -7.874492210861213 -0.562463729347229
/home/ashley/reuse/Git_Scripts/Repos/atmosphere/144/b/JettyWebSocketUtil.java -8.29997232922753 -4.9386366719112145 -8.29997232922753 -6.090423381515081 -2.209548947712448
/home/ashley/reuse/Git_Scripts/Repos/atmosphere/144/b/Meteor.java -7.455803791751909 -5.005222084902537 -7.455803791751909 -7.60602677377024 0.15022298201833095
/home/ashley/reuse/Git_Scripts/Repos/atmosphere/144/b/TrackMessageSizeFilter.java -9.472873973808989 -6.028192528787538 -9.472873973808989 -8.288764727082865 -1.1841092467261234
/home/ashley/reuse/Git_Scripts/Repos/atmosphere/144/b/DefaultBroadcasterFactory.java -6.63086574292623 -4.005919717420722 -6.63086574292623 -5.059668954153522 -1.571196788772708
/home/ashley/reuse/Git_Scripts/Repos/atmosphere/144/b/SessionBroadcasterCache.java -8.980419482413508 -3.6790750782790824 -8.980419482413508 -3.1161564870669825 -5.864262995346525
/home/ashley/reuse/Git_Scripts/Repos/atmosphere/144/b/SimpleHttpProtocol.java -8.003231079862852 -4.784461164212825 -8.003231079862852 -5.948102736956894 -2.0551283429059577
/home/ashley/reuse/Git_Scripts/Repos/atmosphere/144/b/AtmosphereResponse.java -6.309027457177683 -3.434724606729588 -6.309027457177683 -3.768767838326826 -2.5402596188508566
/home/ashley/reuse/Git_Scripts/Repos/atmosphere/144/b/FilterConfigImpl.java -8.094493103314962 -5.335598347844267 -8.094493103314962 -7.790474583002663 -0.30401852031229915
/home/ashley/reuse/Git_Scripts/Repos/atmosphere/144/b/PerRequestBroadcastFilter.java -11.905052243148358 -8.02898872212331 -11.905052243148358 -11.905052243148358 0.0
/home/ashley/reuse/Git_Scripts/Repos/atmosphere/144/b/AtmosphereRequest.java -6.323794610691624 -3.2481532723661575 -6.323794610691624 -3.3392473144597594 -2.9845472962318644
/home/ashley/reuse/Git_Scripts/Repos/atmosphere/144/b/JBossWebCometSupport.java -7.450517882342544 -4.8939676285975535 -7.450517882342544 -7.131209973099293 -0.3193079092432516
/home/ashley/reuse/Git_Scripts/Repos/atmosphere/144/b/BroadcasterConfig.java -7.505058641875195 -5.053002904573132 -7.505058641875195 -7.729249582813146 0.22419094093795078
/home/ashley/reuse/Git_Scripts/Repos/atmosphere/144/b/MeteorServlet.java -8.837077661617535 -3.6486419133193606 -8.837077661617535 -3.102226940793273 -5.734850720824262
/home/ashley/reuse/Git_Scripts/Repos/atmosphere/144/b/SimpleBroadcaster.java -7.27185246115172 -4.717284601741945 -7.27185246115172 -6.704241002475666 -0.5676114586760548
/home/ashley/reuse/Git_Scripts/Repos/atmosphere/144/b/EchoProtocol.java -8.048035941602112 -5.655376607612295 -8.048035941602112 -9.511315203711586 1.4632792621094737
/home/ashley/reuse/Git_Scripts/Repos/atmosphere/144/b/Tomcat7CometSupport.java -7.462662867112786 -4.806585017993115 -7.462662867112786 -6.7524232287255 -0.7102396383872858
/home/ashley/reuse/Git_Scripts/Repos/atmosphere/144/b/AtmosphereServletProcessor.java -10.456841762354422 -6.971227841569615 -10.456841762354422 -10.456841762354422 0.0
/home/ashley/reuse/Git_Scripts/Repos/atmosphere/144/b/DefaultBroadcaster.java -6.891468486798703 -3.979896245336429 -6.891468486798703 -4.710054788420723 -2.1814136983779804
/home/ashley/reuse/Git_Scripts/Repos/atmosphere/144/b/BroadcasterCache.java -8.199193844642947 -4.156535768464828 -8.199193844642947 -4.185602452160386 -4.013591392482561
/home/ashley/reuse/Git_Scripts/Repos/atmosphere/144/b/ReflectorServletProcessor.java -7.339305069562756 -4.460260383629072 -7.339305069562756 -5.685082243612805 -1.654222825949951
/home/ashley/reuse/Git_Scripts/Repos/atmosphere/144/b/AtmosphereResourceEventListenerAdapter.java -7.283071218232703 -4.455887454193004 -7.283071218232703 -5.708353116993199 -1.5747181012395037
/home/ashley/reuse/Git_Scripts/Repos/atmosphere/144/b/AbstractBroadcasterProxy.java -6.593782668807166 -4.670150771910424 -6.593782668807166 -8.004119517413143 1.4103368486059766
/home/ashley/reuse/Git_Scripts/Repos/atmosphere/144/b/ClusterBroadcastFilter.java -9.658524618894536 -6.500930031948244 -9.658524618894536 -9.658524618894536 0.0
/home/ashley/reuse/Git_Scripts/Repos/atmosphere/144/b/AsynchronousProcessor.java -6.7727153343761435 -4.108780636188194 -6.7727153343761435 -5.221256315047688 -1.5514590193284556
/home/ashley/reuse/Git_Scripts/Repos/atmosphere/144/b/WebSocketEventListenerAdapter.java -6.93463201924158 -4.408559566756828 -6.93463201924158 -6.051239405325455 -0.8833926139161248
/home/ashley/reuse/Git_Scripts/Repos/atmosphere/144/b/AtmosphereResource.java -8.593563244979121 -4.944241866974289 -8.593563244979121 -5.798066767696756 -2.7954964772823647
/home/ashley/reuse/Git_Scripts/Repos/atmosphere/144/b/Servlet30CometSupport.java -7.884267753800261 -5.211113838832908 -7.884267753800261 -7.6848954657731285 -0.19937228802713225
/home/ashley/reuse/Git_Scripts/Repos/atmosphere/144/b/AtmosphereFilterChain.java -7.263005905189737 -4.720574370980163 -7.263005905189737 -6.742671153773159 -0.5203347514165779
/home/ashley/reuse/Git_Scripts/Repos/atmosphere/144/b/GlassFishv2CometSupport.java -8.438163789070073 -5.6439960963832805 -8.438163789070073 -8.513729434942341 0.07556564587226866
/home/ashley/reuse/Git_Scripts/Repos/atmosphere/144/b/AtmosphereServlet.java -7.253790171543765 -7.031735370374058 -7.253790171543765 -114.85167771610962 107.59788754456585
/home/ashley/reuse/Git_Scripts/Repos/atmosphere/144/b/BroadcasterFuture.java -6.174697950870501 -3.9415155253056695 -6.174697950870501 -5.436573138352648 -0.738124812517853
/home/ashley/reuse/Git_Scripts/Repos/atmosphere/144/b/WebSocketProtocol.java -11.117128866702583 -7.651200455318837 -11.117128866702583 -12.270793183058512 1.153664316355929
/home/ashley/reuse/Git_Scripts/Repos/atmosphere/144/b/GrizzlyCometSupport.java -8.176680881708593 -5.384372172444842 -8.176680881708593 -7.883493121009878 -0.2931877606987152
/home/ashley/reuse/Git_Scripts/Repos/atmosphere/144/b/AtmosphereResourceEventListener.java -10.883738733180097 -6.666289974072809 -10.883738733180097 -8.465130125806741 -2.418608607373356
/home/ashley/reuse/Git_Scripts/Repos/atmosphere/144/b/Serializer.java -5.543261448362128 -3.6955076322414184 -5.543261448362128 -5.543261448362128 0.0
/home/ashley/reuse/Git_Scripts/Repos/atmosphere/144/b/AtmosphereConfig.java -7.156409104335501 -4.881965253356532 -7.156409104335501 -7.664379687941779 0.5079705836062782
/home/ashley/reuse/Git_Scripts/Repos/atmosphere/144/b/BlockingIOCometSupport.java -7.906763093704819 -4.721174611930372 -7.906763093704819 -5.8535432157361456 -2.0532198779686732
/home/ashley/reuse/Git_Scripts/Repos/atmosphere/144/b/AtmosphereResourceImpl.java -7.14813232858247 -4.5614431706053455 -7.14813232858247 -6.30261260659062 -0.8455197219918498
/home/ashley/reuse/Git_Scripts/Repos/atmosphere/144/b/AtmosphereHandler.java -7.776988296593126 -5.184658864395417 -7.776988296593126 -7.776988296593126 0.0
/home/ashley/reuse/Git_Scripts/Repos/atmosphere/144/b/WebSocket.java -10.016580931023038 -1.2004891003473304 -10.016580931023038 -0.6819799782824196 -9.334600952740619
/home/ashley/reuse/Git_Scripts/Repos/atmosphere/144/b/Jetty8WebSocket.java -6.464088458120874 -4.907518662185413 -6.464088458120874 -10.154657993034176 3.690569534913302
/home/ashley/reuse/Git_Scripts/Repos/atmosphere/144/b/ExcludeSessionBroadcaster.java -7.2015542126525185 -4.801036141768345 -7.2015542126525185 -7.2015542126525185 0.0
/home/ashley/reuse/Git_Scripts/Repos/atmosphere/144/b/HeaderBroadcasterCache.java -8.928103223580322 -5.82927127947356 -8.928103223580322 -8.36815249875647 -0.5599507248238531
/home/ashley/reuse/Git_Scripts/Repos/atmosphere/144/b/JettyCometSupport.java -7.516498132584468 -5.053107988292079 -7.516498132584468 -7.6982626677963255 0.18176453521185731
/home/ashley/reuse/Git_Scripts/Repos/atmosphere/144/b/AtmosphereResourceEvent.java -6.110428044968619 -4.212492061304124 -6.110428044968619 -6.781084781611516 0.670656736642897
/home/ashley/reuse/Git_Scripts/Repos/atmosphere/145/b/AsynchronousProcessor.java -7.125269974812009 -4.661801304938534 -7.125269974812009 -6.738978337041599 -0.38629163777040976
/home/ashley/reuse/Git_Scripts/Repos/atmosphere/146/b/DefaultBroadcasterFactory.java -6.555647373902658 -3.3492218266671 -6.555647373902658 -3.423799640621226 -3.1318477332814316
/home/ashley/reuse/Git_Scripts/Repos/atmosphere/146/b/BroadcasterConfig.java -7.4846105939319 -4.281080767735367 -7.4846105939319 -4.99880852934116 -2.4858020645907404
/home/ashley/reuse/Git_Scripts/Repos/atmosphere/146/b/DefaultBroadcaster.java -6.722880917252737 -3.7300962543844904 -6.722880917252737 -4.189575220571321 -2.533305696681416
/home/ashley/reuse/Git_Scripts/Repos/atmosphere/146/b/AsynchronousProcessor.java -7.342017632651789 -4.510782074962537 -7.342017632651789 -5.846248686736707 -1.4957689459150822
/home/ashley/reuse/Git_Scripts/Repos/atmosphere/146/b/AtmosphereServlet.java -7.124645975788324 -4.548717228085817 -7.124645975788324 -6.290546647104585 -0.834099328683739
/home/ashley/reuse/Git_Scripts/Repos/atmosphere/146/b/AtmosphereResourceImpl.java -7.436373792923276 -3.758215224294359 -7.436373792923276 -3.7979666697009176 -3.6384071232223585
/home/ashley/reuse/Git_Scripts/Repos/atmosphere/147/b/DefaultBroadcaster.java -6.907243496773273 -3.9635032385892313 -6.907243496773273 -4.6495337544991315 -2.257709742274142
/home/ashley/reuse/Git_Scripts/Repos/atmosphere/148/b/GlassFishWebSocketSupport.java -9.018692300823078 -6.358248640877616 -9.018692300823078 -10.776978465572405 1.758286164749327
/home/ashley/reuse/Git_Scripts/Repos/atmosphere/148/b/DefaultBroadcaster.java -6.893616303000598 -4.396419780800708 -6.893616303000598 -6.06596722484584 -0.8276490781547574
/home/ashley/reuse/Git_Scripts/Repos/atmosphere/149/b/AtmosphereRequest.java -6.683044807090813 -4.456788920952722 -6.683044807090813 -6.686253181938192 0.0032083748473796803
/home/ashley/reuse/Git_Scripts/Repos/atmosphere/150/b/AtmosphereInitializer.java -7.6417998288179305 -3.777968454696505 -7.6417998288179305 -3.73007028094441 -3.9117295478735206
/home/ashley/reuse/Git_Scripts/Repos/atmosphere/151/b/DefaultBroadcasterFactory.java -6.59892688992944 -2.7620658060243586 -6.59892688992944 -2.3739834771285016 -4.224943412800938
/home/ashley/reuse/Git_Scripts/Repos/atmosphere/151/b/BroadcasterConfig.java -7.868164954399231 -3.2337499932058966 -7.868164954399231 -2.7436885395979074 -5.1244764148013235
/home/ashley/reuse/Git_Scripts/Repos/atmosphere/151/b/DefaultBroadcaster.java -7.0180912717013735 -2.2100214859370166 -7.0180912717013735 -1.6129271403931351 -5.405164131308238
/home/ashley/reuse/Git_Scripts/Repos/atmosphere/151/b/ReflectorServletProcessor.java -7.414978157552464 -4.25617080583299 -7.414978157552464 -4.995463484483305 -2.419514673069159
/home/ashley/reuse/Git_Scripts/Repos/atmosphere/152/b/PathTest.java -7.7823271345666996 -5.188218089711134 -7.7823271345666996 -7.7823271345666996 0.0
/home/ashley/reuse/Git_Scripts/Repos/atmosphere/153/b/BroadcasterConfig.java -7.505058641875196 -4.74417560248921 -7.505058641875196 -6.445625690056515 -1.059432951818681
/home/ashley/reuse/Git_Scripts/Repos/atmosphere/153/b/AtmosphereFramework.java -7.08314169433459 -3.8573538354171686 -7.08314169433459 -4.234962895330344 -2.8481787990042458
/home/ashley/reuse/Git_Scripts/Repos/atmosphere/154/b/BlockingIOCometSupport.java -7.660253211571359 -4.631103652622989 -7.660253211571359 -5.8556743299992595 -1.8045788815720991
/home/ashley/reuse/Git_Scripts/Repos/atmosphere/156/b/Tomcat7AsyncSupportWithWebSocket.java -6.815874969573688 -6.177709069912831 -6.815874969573688 -32.99024018778192 26.174365218208234
/home/ashley/reuse/Git_Scripts/Repos/atmosphere/158/b/EventCacheBroadcasterCache.java -6.985075205542355 -4.243082932879597 -6.985075205542355 -5.401225326109347 -1.583849879433008
/home/ashley/reuse/Git_Scripts/Repos/atmosphere/161/b/DefaultBroadcaster.java -6.6659079411307 -4.429230316510264 -6.6659079411307 -6.600155787969887 -0.06575215316081362
/home/ashley/reuse/Git_Scripts/Repos/atmosphere/163/b/AtmosphereResourceImpl.java -7.147537471001741 -5.129921979725425 -7.147537471001741 -9.083659878993004 1.9361224079912622
/home/ashley/reuse/Git_Scripts/Repos/atmosphere/164/b/BroadcasterListenerAdapter.java -7.671191529444625 -4.621199716532907 -7.671191529444625 -5.7823051729482104 -1.888886356496415
/home/ashley/reuse/Git_Scripts/Repos/atmosphere/164/b/SimpleBroadcaster.java -7.487458968806055 -4.994091001787143 -7.487458968806055 -7.487458968806055 0.0
/home/ashley/reuse/Git_Scripts/Repos/atmosphere/164/b/BroadcasterListener.java -10.187584946707629 -6.483008602450309 -10.187584946707629 -8.914136828369175 -1.2734481183384538
/home/ashley/reuse/Git_Scripts/Repos/atmosphere/164/b/DefaultBroadcaster.java -6.801667902817273 -4.510000819657814 -6.801667902817273 -6.692136780921573 -0.10953112189569936
/home/ashley/reuse/Git_Scripts/Repos/atmosphere/164/b/AbstractBroadcasterProxy.java -6.771361807630076 -4.590753767884798 -6.771361807630076 -7.127749271189554 0.3563874635594777
/home/ashley/reuse/Git_Scripts/Repos/atmosphere/164/b/BroadcasterListenerTest.java -6.613905781354879 -4.2718163984786015 -6.613905781354879 -6.027518258471869 -0.58638752288301
/home/ashley/reuse/Git_Scripts/Repos/atmosphere/164/b/ExcludeSessionBroadcaster.java -7.27334868545295 -4.8081520721761795 -7.27334868545295 -7.083261168226532 -0.19008751722641826
/home/ashley/reuse/Git_Scripts/Repos/atmosphere/165/b/ApplicationConfig.java -8.482614518662475 -5.692367384517487 -8.482614518662475 -8.652666932362077 0.17005241369960267
/home/ashley/reuse/Git_Scripts/Repos/atmosphere/166/b/ManagedServiceProcessor.java -7.998329597047158 -4.787888967121285 -7.998329597047158 -5.964152346587068 -2.0341772504600906
/home/ashley/reuse/Git_Scripts/Repos/atmosphere/166/b/MeteorServiceProcessor.java -7.873423568620874 -5.4180220750392545 -7.873423568620874 -8.686641026412701 0.8132174577918274
/home/ashley/reuse/Git_Scripts/Repos/atmosphere/166/b/ManagedService.java -7.218294682630871 -4.898128534642376 -7.218294682630871 -7.619311053888142 0.4010163712572705
/home/ashley/reuse/Git_Scripts/Repos/atmosphere/167/b/AtmosphereResponse.java -6.392501404112015 -4.261082369618198 -6.392501404112015 -6.388552978291069 -0.0039484258209459
/home/ashley/reuse/Git_Scripts/Repos/atmosphere/168/b/ManagedAtmosphereHandlerTest.java -7.531272430917646 -5.030290147995657 -7.531272430917646 -7.571399090556235 0.04012665963858897
/home/ashley/reuse/Git_Scripts/Repos/atmosphere/169/b/DefaultBroadcaster.java -7.0180912717013735 -2.4119825878352836 -7.0180912717013735 -1.8372853250804657 -5.180805946620907
/home/ashley/reuse/Git_Scripts/Repos/atmosphere/170/b/AtmosphereInitializer.java -7.517681945524996 -4.968689049990722 -7.517681945524996 -7.3137665220478265 -0.20391542347716918
/home/ashley/reuse/Git_Scripts/Repos/atmosphere/171/b/AtmosphereResourceImpl.java -7.153356837448334 -4.754982597008739 -7.153356837448334 -7.089201170744762 -0.06415566670357187
/home/ashley/reuse/Git_Scripts/Repos/atmosphere/172/b/ReflectorServletProcessor.java -7.060849949435473 -4.958335712899751 -7.060849949435473 -8.318347714250338 1.2574977648148655
/home/ashley/reuse/Git_Scripts/Repos/atmosphere/173/b/SimpleHttpProtocol.java -8.112899492564042 -4.5639375017743244 -8.112899492564042 -5.216562806016373 -2.8963366865476683
/home/ashley/reuse/Git_Scripts/Repos/atmosphere/174/b/ManagedAtmosphereHandler.java -6.737089559930445 -4.405509461994177 -6.737089559930445 -6.364849277287631 -0.3722402826428146
/home/ashley/reuse/Git_Scripts/Repos/atmosphere/175/b/AtmosphereResourceFactory.java -7.332015272839503 -4.889772261987412 -7.332015272839503 -7.332015272839503 0.0
/home/ashley/reuse/Git_Scripts/Repos/atmosphere/176/b/CookieTest.java -7.262111946697268 -4.796030672800791 -7.262111946697268 -7.0616714895697426 -0.20044045712752556
/home/ashley/reuse/Git_Scripts/Repos/atmosphere/176/b/AtmosphereResponse.java -6.659029217105004 -4.322045387815469 -6.659029217105004 -6.156436343436032 -0.5025928736689718
/home/ashley/reuse/Git_Scripts/Repos/atmosphere/178/b/BuilderResponseTest.java -9.08595592587939 -5.178224881486347 -9.08595592587939 -6.020005280939793 -3.065950644939597
/home/ashley/reuse/Git_Scripts/Repos/atmosphere/179/b/ManagedService.java -7.728426459650676 -5.087065517744749 -7.728426459650676 -7.442188442626577 -0.28623801702409946
/home/ashley/reuse/Git_Scripts/Repos/atmosphere/180/b/DefaultBroadcaster.java -6.779374004566164 -4.031393421420331 -6.779374004566164 -4.97280146937371 -1.806572535192454
/home/ashley/reuse/Git_Scripts/Repos/atmosphere/181/b/AtmosphereFilter.java -7.569227349959587 -5.1272293370762645 -7.569227349959587 -7.946190849248472 0.37696349928888484
/home/ashley/reuse/Git_Scripts/Repos/atmosphere/182/b/JavaScriptProtocol.java -8.047556659495777 -5.305904090128478 -8.047556659495777 -7.775759591700765 -0.27179706779501256
/home/ashley/reuse/Git_Scripts/Repos/atmosphere/184/b/AtmosphereResponse.java -6.083662000116001 -3.8671541989592924 -6.083662000116001 -5.3060600349962925 -0.7776019651197084
/home/ashley/reuse/Git_Scripts/Repos/atmosphere/184/b/AtmosphereRequest.java -6.339682029065417 -5.821611972772792 -6.339682029065417 -35.61986294681085 29.280180917745433
/home/ashley/reuse/Git_Scripts/Repos/atmosphere/184/b/AtmosphereFramework.java -7.022830395833326 -2.9591900122947306 -7.022830395833326 -2.557053233545862 -4.4657771622874645
/home/ashley/reuse/Git_Scripts/Repos/atmosphere/184/b/AtmosphereResourceImpl.java -7.145071925935105 -4.24045519489961 -7.145071925935105 -5.215551684070469 -1.929520241864636
/home/ashley/reuse/Git_Scripts/Repos/atmosphere/186/b/BroadcasterFactory.java -8.169715847476944 -5.734512085248239 -8.169715847476944 -9.56774208875642 1.3980262412794762
/home/ashley/reuse/Git_Scripts/Repos/atmosphere/186/b/DefaultBroadcasterFactory.java -6.6612987754666255 -4.012993379946425 -6.6612987754666255 -5.046953408963234 -1.6143453665033913
/home/ashley/reuse/Git_Scripts/Repos/atmosphere/186/b/AsynchronousProcessor.java -6.926877742282315 -4.337442929190485 -6.926877742282315 -5.801446851012866 -1.125430891269449
/home/ashley/reuse/Git_Scripts/Repos/atmosphere/187/b/Tomcat7AsyncSupportWithWebSocket.java -7.106578768587764 -6.472413045907899 -7.106578768587764 -36.26553082939117 29.158952060803404
/home/ashley/reuse/Git_Scripts/Repos/atmosphere/189/b/AtmosphereRequest.java -6.709054190138122 -1.714277753124842 -6.709054190138122 -1.151321033853933 -5.557733156284189
/home/ashley/reuse/Git_Scripts/Repos/atmosphere/190/b/DefaultBroadcaster.java -6.777762333813358 -4.270978080205324 -6.777762333813358 -5.773866322738687 -1.003896011074671
/home/ashley/reuse/Git_Scripts/Repos/atmosphere/191/b/AtmosphereResponse.java -6.519764763727463 -6.149075797227908 -6.519764763727463 -54.07569598150425 47.55593121777679
/home/ashley/reuse/Git_Scripts/Repos/atmosphere/192/b/OnDisconnectInterceptor.java -8.83736737760021 -5.891578251733472 -8.83736737760021 -8.83736737760021 0.0
/home/ashley/reuse/Git_Scripts/Repos/atmosphere/193/b/WebSocketProcessor.java -7.900917076496364 -4.747332148967772 -7.900917076496364 -5.9469268317714565 -1.9539902447249071
/home/ashley/reuse/Git_Scripts/Repos/atmosphere/194/b/AbstractReflectorAtmosphereHandler.java -7.130068306023387 -4.711535746820618 -7.130068306023387 -6.933037057497698 -0.19703124852568887
/home/ashley/reuse/Git_Scripts/Repos/atmosphere/195/b/MeteorServlet.java -8.581324050843065 -4.372459741677403 -8.581324050843065 -4.4495754337704785 -4.131748617072587
/home/ashley/reuse/Git_Scripts/Repos/atmosphere/196/b/AtmosphereFilter.java -7.584679016490863 -4.5610114456318955 -7.584679016490863 -5.719594012435732 -1.865085004055131
/home/ashley/reuse/Git_Scripts/Repos/atmosphere/197/b/ChatAtmosphereHandler.java -7.05400068550538 -5.471450966496347 -7.05400068550538 -12.19412521602868 5.140124530523301
/home/ashley/reuse/Git_Scripts/Repos/atmosphere/198/b/AtmosphereResourceFactory.java -8.248425287126352 -2.7207492364998864 -8.248425287126352 -2.029957670885216 -6.218467616241137
/home/ashley/reuse/Git_Scripts/Repos/atmosphere/198/b/AtmosphereFramework.java -7.115685908823501 -3.757060146909361 -7.115685908823501 -3.9795844760824153 -3.1361014327410857
/home/ashley/reuse/Git_Scripts/Repos/atmosphere/199/b/AtmosphereResourceImpl.java -7.229325752181142 -4.424260695091076 -7.229325752181142 -5.7011907257803385 -1.5281350264008031
/home/ashley/reuse/Git_Scripts/Repos/atmosphere/200/b/AtmosphereResponse.java -6.714090948443986 -6.276588429231069 -6.714090948443986 -48.16153474455735 41.44744379611336
/home/ashley/reuse/Git_Scripts/Repos/atmosphere/201/b/JSR356Endpoint.java -8.590526659633007 -3.8150884093316564 -8.590526659633007 -3.4291159412162036 -5.161410718416803
/home/ashley/reuse/Git_Scripts/Repos/atmosphere/202/b/DefaultBroadcaster.java -6.688428275882759 -3.5221549436767634 -6.688428275882759 -3.7200958738636247 -2.9683324020191346
/home/ashley/reuse/Git_Scripts/Repos/atmosphere/202/b/AbstractBroadcasterProxy.java -6.595826960005486 -4.2524222341803135 -6.595826960005486 -5.984506412492783 -0.6113205475127037
/home/ashley/reuse/Git_Scripts/Repos/atmosphere/203/b/WebSocketProcessorTest.java -7.066771787002671 -4.381170914647389 -7.066771787002671 -5.764210038127179 -1.3025617488754921
/home/ashley/reuse/Git_Scripts/Repos/atmosphere/204/b/ServiceTest.java -7.9072848482628695 -5.498553119275231 -7.9072848482628695 -8.994196854896941 1.0869120066340718
/home/ashley/reuse/Git_Scripts/Repos/atmosphere/205/b/DefaultBroadcaster.java -6.650200084413295 -4.364452608326035 -6.650200084413295 -6.349013486387331 -0.30118659802596426
/home/ashley/reuse/Git_Scripts/Repos/atmosphere/205/b/AbstractBroadcasterProxy.java -6.512640020421025 -4.169151817354132 -6.512640020421025 -5.7849192826370635 -0.7277207377839616
/home/ashley/reuse/Git_Scripts/Repos/atmosphere/206/b/ManagedAtmosphereHandler.java -6.4518452602454595 -4.0788398942562365 -6.4518452602454595 -5.544876597463349 -0.9069686627821101
/home/ashley/reuse/Git_Scripts/Repos/atmosphere/207/b/AtmosphereResponse.java -6.69585018531045 -6.267741084452741 -6.69585018531045 -49.01537390554055 42.3195237202301
/home/ashley/reuse/Git_Scripts/Repos/atmosphere/208/b/DefaultBroadcaster.java -6.883709048611484 -4.607965468351414 -6.883709048611484 -6.969127336076006 0.08541828746452218
/home/ashley/reuse/Git_Scripts/Repos/atmosphere/209/b/DefaultAnnotationProcessor.java -7.038586834868199 -4.721767629067119 -7.038586834868199 -7.169426640839555 0.13083980597135625
/home/ashley/reuse/Git_Scripts/Repos/atmosphere/210/b/AtmosphereFramework.java -7.061182324863203 -4.145138335770784 -7.061182324863203 -5.018713308191094 -2.0424690166721087
/home/ashley/reuse/Git_Scripts/Repos/atmosphere/211/b/BroadcasterScopeTest.java -8.225439590428053 -5.405905704575287 -8.225439590428053 -7.885337187761043 -0.34010240266700986
/home/ashley/reuse/Git_Scripts/Repos/atmosphere/211/b/AtmosphereResourceImpl.java -7.5061027586374 -3.681253874670864 -7.5061027586374 -3.6109194437662007 -3.8951833148711996
/home/ashley/reuse/Git_Scripts/Repos/atmosphere/212/b/DefaultAnnotationProcessor.java -7.001543762598575 -4.0528759929755624 -7.001543762598575 -4.809215109280987 -2.1923286533175883
/home/ashley/reuse/Git_Scripts/Repos/atmosphere/212/b/AtmosphereFramework.java -7.095171902495329 -4.053183475290462 -7.095171902495329 -4.7264127349741 -2.3687591675212287
/home/ashley/reuse/Git_Scripts/Repos/atmosphere/212/b/AsynchronousProcessor.java -6.763533391987127 -4.472258299386986 -6.763533391987127 -6.598513261786153 -0.16502013020097372
/home/ashley/reuse/Git_Scripts/Repos/atmosphere/213/b/DefaultBroadcaster.java -6.8401163056320335 -4.316461656626585 -6.8401163056320335 -5.849008482486756 -0.9911078231452777
/home/ashley/reuse/Git_Scripts/Repos/atmosphere/214/b/AtmosphereFramework.java -7.105896640731873 -4.361858566889502 -7.105896640731873 -5.647026387051316 -1.4588702536805576
/home/ashley/reuse/Git_Scripts/Repos/atmosphere/215/b/AtmosphereResourceImpl.java -7.155995968860737 -4.758433670241378 -7.155995968860737 -7.099367142939919 -0.05662882592081786
/home/ashley/reuse/Git_Scripts/Repos/atmosphere/216/b/DefaultBroadcasterFactoryTest.java -6.817040862724551 -4.401101683886414 -6.817040862724551 -6.2092809046807576 -0.6077599580437933
/home/ashley/reuse/Git_Scripts/Repos/atmosphere/216/b/DefaultBroadcasterFactory.java -6.597544635090724 -4.186234048791552 -6.597544635090724 -5.723990296492931 -0.8735543385977929
/home/ashley/reuse/Git_Scripts/Repos/atmosphere/217/b/WebSocketAdapter.java -7.25345348552855 -3.4069251219906826 -7.25345348552855 -3.1970197827211146 -4.0564337028074355
/home/ashley/reuse/Git_Scripts/Repos/atmosphere/217/b/GrizzlyWebSocket.java -7.0602436684227 -3.2741206324937333 -7.0602436684227 -3.04731653894621 -4.01292712947649
/home/ashley/reuse/Git_Scripts/Repos/atmosphere/217/b/Jetty8WebSocket.java -6.420763681763076 -3.0625039254768907 -6.420763681763076 -2.9234966551006347 -3.4972670266624415
/home/ashley/reuse/Git_Scripts/Repos/atmosphere/217/b/AsyncIOWriter.java -5.2921632842237 -2.556887878894597 -5.2921632842237 -2.4735111002349903 -2.8186521839887098
/home/ashley/reuse/Git_Scripts/Repos/atmosphere/218/b/HazelcastBroadcaster.java -7.460578268021296 -5.001978611514278 -7.460578268021296 -7.56312917204908 0.1025509040277841
/home/ashley/reuse/Git_Scripts/Repos/atmosphere/219/b/BroadcasterConfig.java -7.4846105939319 -4.261184187869827 -7.4846105939319 -4.947112218111463 -2.5374983758204372
/home/ashley/reuse/Git_Scripts/Repos/atmosphere/219/b/DefaultBroadcaster.java -6.722880917252737 -3.5969147019947103 -6.722880917252737 -3.8678647729770854 -2.8550161442756514
/home/ashley/reuse/Git_Scripts/Repos/atmosphere/220/b/AtmosphereFramework.java -6.998946873650546 -4.056851530356524 -6.998946873650546 -4.825419475268117 -2.1735273983824284
/home/ashley/reuse/Git_Scripts/Repos/atmosphere/221/b/Meteor.java -8.18521406462955 -5.103362729950764 -8.18521406462955 -6.768736970626908 -1.4164770940026417
/home/ashley/reuse/Git_Scripts/Repos/atmosphere/221/b/AtmosphereServlet.java -7.194733096605678 -4.4535361512591995 -7.194733096605678 -5.843559120399109 -1.351173976206569
/home/ashley/reuse/Git_Scripts/Repos/atmosphere/221/b/AtmosphereResourceImpl.java -7.744390994149488 -3.3263486240447375 -7.744390994149488 -2.914385283707569 -4.8300057104419185
/home/ashley/reuse/Git_Scripts/Repos/atmosphere/222/b/DefaultBroadcaster.java -6.669094808750129 -2.548621299181566 -6.669094808750129 -2.0622882378810523 -4.606806570869077
/home/ashley/reuse/Git_Scripts/Repos/atmosphere/223/b/WebSocketProcessor.java -7.241046037585529 -4.829993308295069 -7.241046037585529 -7.252890714855298 0.011844677269769122
/home/ashley/reuse/Git_Scripts/Repos/atmosphere/224/b/AtmosphereRequest.java -6.5193455311971675 -6.022428576516887 -6.5193455311971675 -39.50588972409995 32.986544192902784
/home/ashley/reuse/Git_Scripts/Repos/atmosphere/225/b/DefaultBroadcaster.java -6.768501883233141 -4.17117142755557 -6.768501883233141 -5.4349229226846765 -1.333578960548465
/home/ashley/reuse/Git_Scripts/Repos/atmosphere/225/b/AtmosphereServlet.java -7.290307422780339 -4.772849202017126 -7.290307422780339 -6.910847154938634 -0.37946026784170517
/home/ashley/reuse/Git_Scripts/Repos/atmosphere/226/b/WebSocketProcessor.java -7.241046037585529 -4.807300893041062 -7.241046037585529 -7.15150622099173 -0.08953981659379906
/home/ashley/reuse/Git_Scripts/Repos/atmosphere/227/b/AtmosphereRequest.java -6.650620626665191 -4.205366953795054 -6.650620626665191 -5.718895449562402 -0.9317251771027886
/home/ashley/reuse/Git_Scripts/Repos/atmosphere/227/b/AtmosphereFramework.java -7.036003351308586 -4.170197896200161 -7.036003351308586 -5.11924602575199 -1.9167573255565955
/home/ashley/reuse/Git_Scripts/Repos/atmosphere/228/b/AtmosphereRequest.java -6.957351779340015 -4.638407717264251 -6.957351779340015 -6.957351779340015 0.0
/home/ashley/reuse/Git_Scripts/Repos/atmosphere/229/b/DefaultBroadcaster.java -6.780108118539852 -3.917378140462189 -6.780108118539852 -4.638327955070497 -2.141780163469355
/home/ashley/reuse/Git_Scripts/Repos/atmosphere/230/b/DefaultWebSocketProcessor.java -7.024890685562319 -4.611859670086987 -7.024890685562319 -6.711448639773561 -0.3134420457887579
/home/ashley/reuse/Git_Scripts/Repos/atmosphere/231/b/AtmosphereRequest.java -6.928521816111055 -6.52204630131562 -6.928521816111055 -55.58531626080024 48.65679444468918
/home/ashley/reuse/Git_Scripts/Repos/atmosphere/232/b/AtmosphereFramework.java -6.972219314736245 -4.344653937486991 -6.972219314736245 -5.763763843567175 -1.2084554711690698
/home/ashley/reuse/Git_Scripts/Repos/atmosphere/233/b/JSONPAtmosphereInterceptor.java -7.536719145445751 -5.050027630790204 -7.536719145445751 -7.652867214468032 0.11614806902228114
/home/ashley/reuse/Git_Scripts/Repos/atmosphere/233/b/AsyncIOWriterAdapter.java -6.8059622650870715 -4.579605117355199 -6.8059622650870715 -6.981826923099657 0.17586465801258555
/home/ashley/reuse/Git_Scripts/Repos/atmosphere/233/b/SSEAtmosphereInterceptor.java -6.853963325187938 -3.869551865877533 -6.853963325187938 -4.437559479217355 -2.416403845970583
/home/ashley/reuse/Git_Scripts/Repos/atmosphere/234/b/BroadcasterFuture.java -7.181670039577286 -5.127557963741202 -7.181670039577286 -8.963588169697966 1.7819181301206797
/home/ashley/reuse/Git_Scripts/Repos/atmosphere/235/b/DefaultBroadcaster.java -6.671208035589011 -2.5978930312332906 -6.671208035589011 -2.1273931487046256 -4.543814886884386
/home/ashley/reuse/Git_Scripts/Repos/atmosphere/236/b/DefaultBroadcaster.java -7.0180912717013735 -3.4292407249700476 -7.0180912717013735 -3.3529850417419595 -3.665106229959414
/home/ashley/reuse/Git_Scripts/Repos/atmosphere/237/b/AnnotationDetector.java -6.120932600263956 -4.0802427753245425 -6.120932600263956 -6.117523559550915 -0.00340904071304049
/home/ashley/reuse/Git_Scripts/Repos/atmosphere/238/b/BaseTest.java -6.850179208811579 -4.586323929716712 -6.850179208811579 -6.937801418883176 0.08762221007159621
/home/ashley/reuse/Git_Scripts/Repos/atmosphere/238/b/ChatAtmosphereHandler.java -7.151966100939703 -4.755742854510491 -7.151966100939703 -7.097191743492681 -0.054774357447021416
/home/ashley/reuse/Git_Scripts/Repos/atmosphere/238/b/TwitterAtmosphereHandler.java -6.667609717176343 -4.436606338794164 -6.667609717176343 -6.623369652702187 -0.04424006447415607
/home/ashley/reuse/Git_Scripts/Repos/atmosphere/238/b/WebSocketAtmosphereHandler.java -8.741005162307754 -5.786299191950204 -8.741005162307754 -8.529285314085767 -0.2117198482219873
/home/ashley/reuse/Git_Scripts/Repos/atmosphere/238/b/AtmosphereServlet.java -7.1486093985419465 -4.733652762606444 -7.1486093985419465 -7.00613711332625 -0.1424722852156961
/home/ashley/reuse/Git_Scripts/Repos/atmosphere/238/b/FlickrAtmosphereHandler.java -7.457610506464876 -4.952166556786388 -7.457610506464876 -7.355849739320131 -0.10176076714474469
/home/ashley/reuse/Git_Scripts/Repos/atmosphere/240/b/AnnotationHandler.java -7.08735933989948 -4.59616769745835 -7.08735933989948 -6.537973936522532 -0.5493854033769487
/home/ashley/reuse/Git_Scripts/Repos/atmosphere/240/b/WebSocketHandlerService.java -6.676164735929864 -4.384675849670108 -6.676164735929864 -6.356731016507382 -0.31943371942248167
/home/ashley/reuse/Git_Scripts/Repos/atmosphere/241/b/DefaultBroadcaster.java -6.890533574773196 -4.672694824444549 -6.890533574773196 -7.258724415319417 0.3681908405462213
/home/ashley/reuse/Git_Scripts/Repos/atmosphere/242/b/DefaultAsyncSupportResolver.java -7.613788972554584 -4.999455673514245 -7.613788972554584 -7.275398351552158 -0.3383906210024259
/home/ashley/reuse/Git_Scripts/Repos/atmosphere/245/b/ApplicationConfig.java -8.435275892846384 -5.486834550670912 -8.435275892846384 -7.848716973145146 -0.586558919701238
/home/ashley/reuse/Git_Scripts/Repos/atmosphere/246/b/AbstractReflectorAtmosphereHandler.java -7.48407046357508 -4.750917279573397 -7.48407046357508 -6.493716080622934 -0.9903543829521455
/home/ashley/reuse/Git_Scripts/Repos/atmosphere/247/b/AtmosphereResponse.java -6.660747347804761 -6.258181934328905 -6.660747347804761 -51.77316198285498 45.11241463505022
/home/ashley/reuse/Git_Scripts/Repos/atmosphere/247/b/AtmosphereResource.java -11.84188219539434 -7.324007708525884 -11.84188219539434 -9.568827408662301 -2.2730547867320396
/home/ashley/reuse/Git_Scripts/Repos/atmosphere/247/b/AtmosphereResourceImpl.java -7.158624214694266 -4.326691941998768 -7.158624214694266 -5.468556222927248 -1.6900679917670178
/home/ashley/reuse/Git_Scripts/Repos/atmosphere/248/b/BroadcasterConfig.java -7.368417536703903 -4.624681980192355 -7.368417536703903 -6.209889237258289 -1.1585282994456136
/home/ashley/reuse/Git_Scripts/Repos/atmosphere/249/b/Jetty8WebSocket.java -6.346113195112282 -5.010089364562328 -6.346113195112282 -11.857789361109454 5.511676165997172
/home/ashley/reuse/Git_Scripts/Repos/atmosphere/250/b/FakeHttpSession.java -6.321687669737056 -4.216973039836533 -6.321687669737056 -6.333016859109345 0.011329189372289328
/home/ashley/reuse/Git_Scripts/Repos/atmosphere/251/b/JSR356Endpoint.java -7.8304233547698106 -4.141982486333228 -7.8304233547698106 -4.393383347827918 -3.437040006941893
/home/ashley/reuse/Git_Scripts/Repos/atmosphere/252/b/JerseyBroadcasterUtil.java -7.870464622519528 -5.138505267971884 -7.870464622519528 -7.401725039737894 -0.46873958278163386
/home/ashley/reuse/Git_Scripts/Repos/atmosphere/253/b/WebSocketProcessor.java -7.5722123687063645 -4.989563889864534 -7.5722123687063645 -7.310150374160972 -0.2620619945453928
/home/ashley/reuse/Git_Scripts/Repos/atmosphere/253/b/AtmosphereRequest.java -6.623115882456078 -4.4024721550564 -6.623115882456078 -6.562213667444988 -0.06090221501109028
/home/ashley/reuse/Git_Scripts/Repos/atmosphere/253/b/AtmosphereServlet.java -7.316672859168187 -4.872824280338286 -7.316672859168187 -7.294408800179687 -0.022264058988500146
/home/ashley/reuse/Git_Scripts/Repos/atmosphere/253/b/AtmosphereResourceImpl.java -7.229420073252566 -4.789121950566904 -7.229420073252566 -7.091779255901429 -0.1376408173511372
/home/ashley/reuse/Git_Scripts/Repos/atmosphere/254/b/AndroidAtmosphereInterceptor.java -8.229600835859118 -5.7927839649813535 -8.229600835859118 -9.760270575570333 1.5306697397112146
/home/ashley/reuse/Git_Scripts/Repos/atmosphere/254/b/JSONPAtmosphereInterceptor.java -8.134938787471011 -5.938505314853838 -8.134938787471011 -10.971834299960902 2.8368955124898907
/home/ashley/reuse/Git_Scripts/Repos/atmosphere/254/b/AsyncIOWriterAdapter.java -6.878914153122752 -5.546124535955219 -6.878914153122752 -14.236041589617674 7.357127436494922
/home/ashley/reuse/Git_Scripts/Repos/atmosphere/254/b/AtmosphereInterceptorWriter.java -6.882865341699164 -4.03743497697437 -6.882865341699164 -4.883113924854136 -1.9997514168450277
/home/ashley/reuse/Git_Scripts/Repos/atmosphere/254/b/AsyncIOInterceptorTest.java -7.544936983448441 -4.832500960473175 -7.544936983448441 -6.7210645542213125 -0.8238724292271282
/home/ashley/reuse/Git_Scripts/Repos/atmosphere/254/b/AsyncIOInterceptor.java -9.767114647985474 -5.671227860120598 -9.767114647985474 -6.761848602451482 -3.0052660455339923
/home/ashley/reuse/Git_Scripts/Repos/atmosphere/254/b/MessageLengthInterceptor.java -7.920050776509317 -6.251074559237239 -7.920050776509317 -14.832095090553812 6.912044314044495
/home/ashley/reuse/Git_Scripts/Repos/atmosphere/254/b/SSEAtmosphereInterceptor.java -7.630215747018661 -5.216715604816522 -7.630215747018661 -8.23458927153499 0.6043735245163289
/home/ashley/reuse/Git_Scripts/Repos/atmosphere/254/b/AtmosphereInterceptorAdapter.java -7.798429666779102 -5.21894908469063 -7.798429666779102 -7.889109081509091 0.09067941472998964
/home/ashley/reuse/Git_Scripts/Repos/atmosphere/255/b/ApplicationConfig.java -8.541996257018393 -6.72441359481072 -8.541996257018393 -15.801183888866179 7.2591876318477855
/home/ashley/reuse/Git_Scripts/Repos/atmosphere/256/b/ApplicationConfig.java -8.59966386114556 -5.519713908531294 -8.59966386114556 -7.699617275514626 -0.9000465856309336
/home/ashley/reuse/Git_Scripts/Repos/atmosphere/257/b/NettyCometSupport.java -8.609840929448348 -5.041288438953309 -8.609840929448348 -6.081554307308753 -2.5282866221395945
/home/ashley/reuse/Git_Scripts/Repos/atmosphere/259/b/AtmosphereRequest.java -6.368888996679774 -4.102175830363238 -6.368888996679774 -5.762075110962412 -0.6068138857173624
/home/ashley/reuse/Git_Scripts/Repos/atmosphere/261/b/WebSocketProcessor.java -7.394886053245876 -7.02162874058204 -7.394886053245876 -69.1486713400009 61.753785286755026
/home/ashley/reuse/Git_Scripts/Repos/atmosphere/262/b/Jetty9WebSocket.java -7.233099982217181 -4.828378260380578 -7.233099982217181 -7.233099982217181 0.0
/home/ashley/reuse/Git_Scripts/Repos/atmosphere/263/b/WebSocketProcessor.java -7.527619218775153 -4.835409069158611 -7.527619218775153 -6.760081163207566 -0.767538055567587
/home/ashley/reuse/Git_Scripts/Repos/atmosphere/264/b/AtmosphereInitializer.java -7.76044355634647 -4.896964383149109 -7.76044355634647 -6.623742058943099 -1.1367014974033705
/home/ashley/reuse/Git_Scripts/Repos/atmosphere/265/b/AtmosphereServlet.java -8.19791325757995 -5.3312828663707155 -8.19791325757995 -7.623130387537163 -0.574782870042787
/home/ashley/reuse/Git_Scripts/Repos/atmosphere/266/b/WebSocketProcessorFactory.java -7.82938138729501 -5.254154396771927 -7.82938138729501 -7.960307497450445 0.13092611015543465
/home/ashley/reuse/Git_Scripts/Repos/atmosphere/267/b/BlockingIOCometSupport.java -7.573369109835547 -5.077818728859203 -7.573369109835547 -7.704952743018018 0.1315836331824709
/home/ashley/reuse/Git_Scripts/Repos/atmosphere/268/b/ApplicationConfig.java -8.448851910507969 -5.418918811567179 -8.448851910507969 -7.555223343050395 -0.8936285674575739
/home/ashley/reuse/Git_Scripts/Repos/atmosphere/269/b/HeartbeatInterceptor.java -7.087838756116016 -4.691570382728265 -7.087838756116016 -6.928784870985782 -0.15905388513023322
/home/ashley/reuse/Git_Scripts/Repos/atmosphere/270/b/MetaBroadcaster.java -6.5475139262965625 -4.36851813410462 -6.5475139262965625 -6.555412013059285 0.0078980867627223
/home/ashley/reuse/Git_Scripts/Repos/atmosphere/271/b/AtmosphereResponse.java -6.649680061960702 -6.254649563230364 -6.649680061960702 -52.64330049052223 45.99362042856153
/home/ashley/reuse/Git_Scripts/Repos/atmosphere/271/b/TrackMessageSizeInterceptor.java -8.020693650381986 -4.804571991060114 -8.020693650381986 -5.984984602061685 -2.0357090483203013
/home/ashley/reuse/Git_Scripts/Repos/atmosphere/271/b/ApplicationConfig.java -8.46577138365741 -6.033616069015503 -8.46577138365741 -10.500812581651982 2.0350411979945715
/home/ashley/reuse/Git_Scripts/Repos/atmosphere/272/b/AtmosphereFramework.java -7.07428370575519 -4.537076858103452 -7.07428370575519 -6.325177806994051 -0.7491058987611385
/home/ashley/reuse/Git_Scripts/Repos/atmosphere/273/b/AtmosphereResponse.java -6.068977570235896 -3.625339955453465 -6.068977570235896 -4.501004641755498 -1.5679729284803985
/home/ashley/reuse/Git_Scripts/Repos/atmosphere/274/b/WebSocketServlet.java -10.173171981534168 -6.7821146543561115 -10.173171981534168 -10.173171981534168 0.0
/home/ashley/reuse/Git_Scripts/Repos/atmosphere/275/b/AbstractReflectorAtmosphereHandler.java -7.289812739535602 -3.880306572815305 -7.289812739535602 -4.148211926394981 -3.141600813140621
/home/ashley/reuse/Git_Scripts/Repos/atmosphere/275/b/Meteor.java -7.497894819011492 -5.1052739113188 -7.497894819011492 -7.990863513368557 0.4929686943570646
/home/ashley/reuse/Git_Scripts/Repos/atmosphere/275/b/MeteorServlet.java -8.655975422601928 -4.130929248897716 -8.655975422601928 -3.9446715693983023 -4.711303853203626
/home/ashley/reuse/Git_Scripts/Repos/atmosphere/275/b/AtmosphereFramework.java -7.099428727411728 -3.607273822995958 -7.099428727411728 -3.6663931251314223 -3.4330356022803055
/home/ashley/reuse/Git_Scripts/Repos/atmosphere/275/b/AtmosphereResource.java -11.68691604256463 -7.2002981191032855 -11.68691604256463 -9.340145752893017 -2.3467702896716123
/home/ashley/reuse/Git_Scripts/Repos/atmosphere/275/b/AtmosphereFilterChain.java -7.2760240816977 -4.755374580799324 -7.2760240816977 -6.863354059153651 -0.4126700225440487
/home/ashley/reuse/Git_Scripts/Repos/atmosphere/275/b/AtmosphereServlet.java -8.283825468130422 -7.13045745516375 -8.283825468130422 -25.606512579871904 17.32268711174148
/home/ashley/reuse/Git_Scripts/Repos/atmosphere/275/b/AtmosphereResourceImpl.java -7.145071925935105 -4.711442733641925 -7.145071925935105 -6.916336579418463 -0.2287353465166424
/home/ashley/reuse/Git_Scripts/Repos/atmosphere/275/b/AtmosphereResourceEvent.java -6.110428044968619 -4.212492061304124 -6.110428044968619 -6.781084781611516 0.670656736642897
/home/ashley/reuse/Git_Scripts/Repos/atmosphere/276/b/BaseTest.java -6.839438388667428 -4.332306161111023 -6.839438388667428 -5.908349928264097 -0.9310884604033314
/home/ashley/reuse/Git_Scripts/Repos/atmosphere/277/b/AtmosphereFilter.java -7.427880907759683 -4.986854789336601 -7.427880907759683 -7.587334522953093 0.15945361519341006
/home/ashley/reuse/Git_Scripts/Repos/atmosphere/280/b/JSR356Endpoint.java -6.962424366308608 -4.6843801388859205 -6.962424366308608 -7.153030660747475 0.1906062944388669
/home/ashley/reuse/Git_Scripts/Repos/atmosphere/281/b/AtmosphereFramework.java -7.019450492266466 -4.173608852819724 -7.019450492266466 -5.147236640010052 -1.8722138522564133
/home/ashley/reuse/Git_Scripts/Repos/atmosphere/282/b/DefaultBroadcaster.java -6.893436262052532 -4.638686982824288 -6.893436262052532 -7.090919897456827 0.1974836354042946
/home/ashley/reuse/Git_Scripts/Repos/atmosphere/283/b/JSONPAtmosphereInterceptor.java -7.32474060386528 -4.844050422235849 -7.32474060386528 -7.139460487410004 -0.1852801164552762
/home/ashley/reuse/Git_Scripts/Repos/atmosphere/283/b/SSEAtmosphereInterceptor.java -7.178417527192587 -4.332399663281561 -7.178417527192587 -5.4637347980251265 -1.7146827291674605
/home/ashley/reuse/Git_Scripts/Repos/atmosphere/285/b/UnboundedApachePoolableProvider.java -8.272620031801276 -5.436646996947246 -8.272620031801276 -7.92943273790559 -0.3431872938956859
/home/ashley/reuse/Git_Scripts/Repos/atmosphere/286/b/BroadcasterListenerAdapter.java -7.6711915294446245 -4.621199716532906 -7.6711915294446245 -5.782305172948209 -1.8888863564964158
/home/ashley/reuse/Git_Scripts/Repos/atmosphere/286/b/BroadcasterListener.java -10.18758494670763 -6.48300860245031 -10.18758494670763 -8.914136828369177 -1.2734481183384538
/home/ashley/reuse/Git_Scripts/Repos/atmosphere/286/b/DefaultBroadcaster.java -6.808719175570436 -4.468021767742429 -6.808719175570436 -6.497700954099268 -0.3110182214711683
/home/ashley/reuse/Git_Scripts/Repos/atmosphere/286/b/BroadcasterListenerTest.java -7.158046607667395 -3.2453399281379243 -7.158046607667395 -2.9665306559611264 -4.191515951706268
/home/ashley/reuse/Git_Scripts/Repos/atmosphere/287/b/GlassFishWebSocketSupport.java -8.086918596121544 -6.8585258979765 -8.086918596121544 -22.57598108083931 14.489062484717765
/home/ashley/reuse/Git_Scripts/Repos/atmosphere/287/b/AtmosphereRequest.java -6.535131990856108 -4.031547198697583 -6.535131990856108 -5.2617936395394596 -1.2733383513166485
/home/ashley/reuse/Git_Scripts/Repos/atmosphere/288/b/AtmosphereFramework.java -7.037515852829638 -4.2085427933183315 -7.037515852829638 -5.234706376172777 -1.8028094766568614
/home/ashley/reuse/Git_Scripts/Repos/atmosphere/288/b/QueryStringTest.java -6.798296966695831 -4.533807423101836 -6.798296966695831 -6.798296966695831 0.0
/home/ashley/reuse/Git_Scripts/Repos/atmosphere/289/b/AtmosphereFrameworkTest.java -7.103515463782636 -4.608919026822567 -7.103515463782636 -6.562088980262618 -0.5414264835200182
/home/ashley/reuse/Git_Scripts/Repos/atmosphere/289/b/AtmosphereFramework.java -7.025859221808903 -4.690279476313291 -7.025859221808903 -7.05461746169666 0.02875823988775661
/home/ashley/reuse/Git_Scripts/Repos/atmosphere/290/b/AtmosphereFramework.java -7.030952799052041 -4.652664646540022 -7.030952799052041 -6.876773070413104 -0.1541797286389368
/home/ashley/reuse/Git_Scripts/Repos/atmosphere/291/b/AtmosphereClassInstantiator.java -8.889409707508301 -5.926273138338868 -8.889409707508301 -8.889409707508301 0.0
/home/ashley/reuse/Git_Scripts/Repos/atmosphere/292/b/AtmosphereRequest.java -6.323794610691624 -3.0293535123182314 -6.323794610691624 -2.907474871008684 -3.41631973968294
/home/ashley/reuse/Git_Scripts/Repos/atmosphere/293/b/DefaultBroadcaster.java -6.731871289938648 -3.882377991572962 -6.731871289938648 -4.586020425657727 -2.145850864280921
/home/ashley/reuse/Git_Scripts/Repos/atmosphere/294/b/AtmosphereResponse.java -6.1432117951832 -3.5828585436621063 -6.1432117951832 -4.29742745664243 -1.8457843385407697
/home/ashley/reuse/Git_Scripts/Repos/atmosphere/295/b/AtmosphereFramework.java -7.1128586108898295 -4.742647590677794 -7.1128586108898295 -7.115641201692932 0.0027825908031022806
/home/ashley/reuse/Git_Scripts/Repos/atmosphere/296/b/AtmosphereConfig.java -7.426893368061925 -5.440399039776544 -7.426893368061925 -10.144503472666038 2.7176101046041135
/home/ashley/reuse/Git_Scripts/Repos/atmosphere/297/b/DefaultBroadcaster.java -6.770477204116921 -4.472865462157564 -6.770477204116921 -6.590198225309074 -0.1802789788078476
/home/ashley/reuse/Git_Scripts/Repos/atmosphere/298/b/AtmosphereResponse.java -6.667384261583061 -6.273747452004744 -6.667384261583061 -53.13208013683103 46.46469587524797
/home/ashley/reuse/Git_Scripts/Repos/atmosphere/299/b/EventCacheBroadcasterCacheTest.java -6.620318827946174 -4.368509702794414 -6.620318827946174 -6.421709263107789 -0.1986095648383852
/home/ashley/reuse/Git_Scripts/Repos/atmosphere/299/b/EventCacheBroadcasterCache.java -6.9850752055423575 -4.243082932879599 -6.9850752055423575 -5.4012253261093495 -1.583849879433008
/home/ashley/reuse/Git_Scripts/Repos/atmosphere/301/b/NativeJSONObjectSerializer.java -9.813566639273164 -6.5423777595154435 -9.813566639273164 -9.813566639273164 0.0
/home/ashley/reuse/Git_Scripts/Repos/atmosphere/301/b/JsUserInterface.java -9.40665148293804 -6.2482969850303585 -9.40665148293804 -9.288009031801884 -0.11864245113615546
/home/ashley/reuse/Git_Scripts/Repos/atmosphere/302/b/JBossWebCometSupport.java -7.467957342317665 -5.051688224788248 -7.467957342317665 -7.806620524120444 0.33866318180277855
/home/ashley/reuse/Git_Scripts/Repos/atmosphere/304/b/DefaultBroadcaster.java -6.750282671942575 -3.5124062784149532 -6.750282671942575 -3.661309506039441 -3.0889731659031336
/home/ashley/reuse/Git_Scripts/Repos/atmosphere/304/b/AtmosphereResourceImpl.java -7.5059397993458346 -3.72719508038276 -7.5059397993458346 -3.701006894242439 -3.8049329051033958
/home/ashley/reuse/Git_Scripts/Repos/atmosphere/305/b/AtmosphereFramework.java -7.046727082885889 -4.397717286117386 -7.046727082885889 -5.849263664627171 -1.1974634182587183
/home/ashley/reuse/Git_Scripts/Repos/atmosphere/305/b/AtmosphereServlet.java -8.402953361230615 -7.160721091884604 -8.402953361230615 -24.21898337883484 15.816030017604223
/home/ashley/reuse/Git_Scripts/Repos/atmosphere/306/b/MeteorServiceInterceptor.java -7.989314611202127 -5.316337248232741 -7.989314611202127 -7.945052480392143 -0.04426213080998398
/home/ashley/reuse/Git_Scripts/Repos/atmosphere/306/b/ManagedServiceProcessor.java -8.080636697568249 -5.361559894121112 -8.080636697568249 -7.966824913095456 -0.11381178447279261
/home/ashley/reuse/Git_Scripts/Repos/atmosphere/306/b/MeteorServiceProcessor.java -8.039794494856157 -5.3364574813019034 -8.039794494856157 -7.935381579338545 -0.10441291551761189
/home/ashley/reuse/Git_Scripts/Repos/atmosphere/306/b/ManagedServiceInterceptor.java -7.875302738160939 -5.243126081740571 -7.875302738160939 -7.833019233526518 -0.042283504634420765
/home/ashley/reuse/Git_Scripts/Repos/atmosphere/306/b/WebSocketHandlerTest.java -7.157240703564912 -4.771493802376607 -7.157240703564912 -7.157240703564912 0.0
/home/ashley/reuse/Git_Scripts/Repos/atmosphere/306/b/AtmosphereHandlerServiceProcessor.java -7.785293429713127 -5.173054947352315 -7.785293429713127 -7.693521797928689 -0.0917716317844377
/home/ashley/reuse/Git_Scripts/Repos/atmosphere/306/b/AtmosphereHandlerServiceInterceptor.java -8.093846511237688 -5.38702284245754 -8.093846511237688 -8.04085897270258 -0.05298753853510796
/home/ashley/reuse/Git_Scripts/Repos/atmosphere/307/b/WebSocketProcessor.java -9.572625706144148 -4.071937800374749 -9.572625706144148 -3.5354621938458943 -6.037163512298253
/home/ashley/reuse/Git_Scripts/Repos/atmosphere/307/b/DefaultWebSocketProcessor.java -7.089412948474271 -3.2522087765177226 -7.089412948474271 -3.0035879102966727 -4.085825038177598
/home/ashley/reuse/Git_Scripts/Repos/atmosphere/308/b/AtmosphereFramework.java -7.084507381008408 -4.303356782477779 -7.084507381008408 -5.4805295106558 -1.6039778703526082
/home/ashley/reuse/Git_Scripts/Repos/atmosphere/309/b/AtmosphereServlet.java -8.272210611349802 -7.233425452396605 -8.272210611349802 -28.80115212852156 20.52894151717176
/home/ashley/reuse/Git_Scripts/Repos/atmosphere/310/b/AtmosphereRequestTest.java -6.998479337571846 -4.609174943292086 -6.998479337571846 -6.746281883965653 -0.2521974536061924
/home/ashley/reuse/Git_Scripts/Repos/atmosphere/311/b/Tomcat7CometSupport.java -7.269617366393628 -3.9693840597966457 -7.269617366393628 -4.3717974782725815 -2.897819888121046
/home/ashley/reuse/Git_Scripts/Repos/atmosphere/311/b/AtmosphereServlet.java -7.094505112453802 -6.869861465822722 -7.094505112453802 -108.4790690100593 101.3845638976055
/home/ashley/reuse/Git_Scripts/Repos/atmosphere/312/b/AtmosphereResourceFactory.java -7.418308696734685 -4.591069062486387 -7.418308696734685 -6.017742736827233 -1.4005659599074516
/home/ashley/reuse/Git_Scripts/Repos/atmosphere/312/b/AtmosphereFramework.java -7.077265515361281 -4.556068987765803 -7.077265515361281 -6.394210653986764 -0.6830548613745178
/home/ashley/reuse/Git_Scripts/Repos/atmosphere/313/b/DefaultBroadcaster.java -6.664488450735521 -4.039173776794652 -6.664488450735521 -5.126819130133736 -1.5376693206017853
/home/ashley/reuse/Git_Scripts/Repos/atmosphere/313/b/AbstractBroadcasterProxy.java -6.544952654730129 -4.505871660475302 -6.544952654730129 -7.231374518518899 0.6864218637887696
/home/ashley/reuse/Git_Scripts/Repos/atmosphere/314/b/ApplicationConfig.java -8.389286516036973 -5.682139327851725 -8.389286516036973 -8.804304223544102 0.4150177075071291
/home/ashley/reuse/Git_Scripts/Repos/atmosphere/315/b/DefaultBroadcaster.java -6.785132535091903 -4.410025269895445 -6.785132535091903 -6.298033844967527 -0.4870986901243759
/home/ashley/reuse/Git_Scripts/Repos/atmosphere/316/b/ManagedServiceInterceptor.java -7.455422216252228 -2.813863058691317 -7.455422216252228 -2.2566624530098682 -5.19875976324236
/home/ashley/reuse/Git_Scripts/Repos/atmosphere/317/b/AtmosphereServlet.java -7.188726303533304 -6.425583679474005 -7.188726303533304 -30.23867770306806 23.049951399534756
/home/ashley/reuse/Git_Scripts/Repos/atmosphere/318/b/AtmosphereFramework.java -7.097659904447523 -4.731773269631682 -7.097659904447523 -7.097659904447523 0.0
/home/ashley/reuse/Git_Scripts/Repos/atmosphere/319/b/AtmosphereFilter.java -7.683830414343124 -5.12068201525826 -7.683830414343124 -7.675414389792913 -0.008416024550211176
/home/ashley/reuse/Git_Scripts/Repos/atmosphere/319/b/JSONPTransportFilter.java -9.87540934329216 -5.531868304333782 -9.87540934329216 -6.288586138417177 -3.5868232048749835
/home/ashley/reuse/Git_Scripts/Repos/atmosphere/319/b/HeaderConfig.java -7.806269540795429 -5.20417969386362 -7.806269540795429 -7.806269540795429 0.0
